tl_coralWR,2524,248,32,128,32,64,0,1,1,4294967295
tl_coralWR,2524,312,32,64,32,64,0,1,1,4294967295
tl_coralWR,2524,124,32,64,32,64,0,1,1,4294967295
tl_coralWR,2940,412,32,64,32,64,0,1,1,4294967295
tl_coralWR,2940,452,32,128,32,64,0,1,1,4294967295
tl_coralWR,2940,568,32,64,32,64,0,1,1,4294967295
tl_coralWR,2364,980,32,64,32,64,0,1,1,4294967295
tl_coralWR,2364,916,32,128,32,64,0,1,1,4294967295
tl_coralWR,2364,784,32,64,32,64,0,1,1,4294967295
tl_coralWR,2364,732,32,128,32,64,0,1,1,4294967295
tl_coralWR,2108,924,0,64,32,64,0,1,1,4294967295
tl_coralWR,2108,972,0,128,32,64,0,1,1,4294967295
tl_coralWR,2108,872,0,64,32,64,0,1,1,4294967295
tl_coralWR,3248,844,32,64,32,64,0,1,1,4294967295
tl_coralWR,3248,880,32,128,32,64,0,1,1,4294967295
tl_coralWR,3336,768,32,64,32,64,0,1,1,4294967295
tl_coralWR,4052,492,0,64,32,64,0,1,1,4294967295
tl_coralWR,4052,532,0,128,32,64,0,1,1,4294967295
tl_coralWR,4052,672,0,64,32,64,0,1,1,4294967295
tl_coralWR,3464,280,32,64,32,64,0,1,1,4294967295
tl_coralWR,3464,312,32,128,32,64,0,1,1,4294967295
tl_coralWR,3464,388,32,64,32,64,0,1,1,4294967295
tl_coralWR,3464,520,32,64,32,64,0,1,1,4294967295
tl_coralWR,3464,556,32,128,32,64,0,1,1,4294967295
tl_coralM2S,7076,2052,0,0,64,64,0,1,1,4294967295
tl_coralWR,4564,896,32,64,32,64,0,1,1,4294967295
tl_coralWR,4564,980,32,128,32,64,0,1,1,4294967295
tl_coralWR,4564,1032,32,64,32,64,0,1,1,4294967295
tl_coralWR,4692,1120,0,64,32,64,0,1,1,4294967295
tl_coralWR,4692,1292,0,64,32,64,0,1,1,4294967295
tl_coralWR,4692,1340,0,128,32,64,0,1,1,4294967295
tl_coralWR,4692,1488,0,64,32,64,0,1,1,4294967295
tl_coralWR,5076,1108,32,64,32,64,0,1,1,4294967295
tl_coralWR,5076,1140,32,128,32,64,0,1,1,4294967295
tl_coralWR,4756,532,32,64,32,64,0,1,1,4294967295
tl_coralWR,4756,564,32,128,32,64,0,1,1,4294967295
tl_coralWR,4756,696,32,64,32,64,0,1,1,4294967295
tl_coralWR,4756,756,32,64,32,64,0,1,1,4294967295
tl_coralWR,5776,548,0,64,32,64,0,1,1,4294967295
tl_coralWR,5776,736,0,64,32,64,0,1,1,4294967295
tl_coralWR,5776,672,0,128,32,64,0,1,1,4294967295
tl_coralWR,6508,16,0,64,32,64,0,1,1,4294967295
tl_coralWR,6508,44,0,128,32,64,0,1,1,4294967295
tl_coralWR,6508,88,0,128,32,64,0,1,1,4294967295
tl_coralWR,7248,660,0,128,32,64,0,1,1,4294967295
tl_coralWR,7276,124,32,64,32,64,0,1,1,4294967295
tl_coralWR,7276,180,32,64,32,64,0,1,1,4294967295
tl_coralWR,7276,56,32,128,32,64,0,1,1,4294967295
tl_coralWR,7276,4,32,64,32,64,0,1,1,4294967295
tl_coralWR,3924,1172,32,64,32,64,0,1,1,4294967295
tl_coralWR,3924,1200,32,128,32,64,0,1,1,4294967295
tl_coralWR,3924,1384,32,64,32,64,0,1,1,4294967295
tl_coralWR,3924,1328,32,128,32,64,0,1,1,4294967295
tl_coralWR,3924,1508,32,128,32,64,0,1,1,4294967295
tl_coralWR,5332,1680,32,64,32,64,0,1,1,4294967295
tl_coralWR,5332,1768,32,128,32,64,0,1,1,4294967295
tl_coralWR,7564,1836,0,64,32,64,0,1,1,4294967295
tl_coralWR,7564,1872,0,128,32,64,0,1,1,4294967295
tl_coralWR,7564,1912,0,64,32,64,0,1,1,4294967295
tl_coralWR,7948,1888,32,64,32,64,0,1,1,4294967295
tl_coralWR,7948,1928,32,128,32,64,0,1,1,4294967295
tl_coralWR,8596,1744,0,64,32,64,0,1,1,4294967295
tl_coralWR,8596,1556,0,64,32,64,0,1,1,4294967295
tl_coralWR,8596,1612,0,128,32,64,0,1,1,4294967295
tl_coralWR,8724,1728,32,64,32,64,0,1,1,4294967295
tl_coralWR,8724,1652,32,128,32,64,0,1,1,4294967295
tl_coralWR,8724,1500,32,64,32,64,0,1,1,4294967295
tl_coralWR,8724,1412,32,128,32,64,0,1,1,4294967295
tl_coralWR,8724,1352,32,64,32,64,0,1,1,4294967295
tl_coralWR,8916,1344,0,64,32,64,0,1,1,4294967295
tl_coralWR,8916,1304,0,128,32,64,0,1,1,4294967295
tl_coralWR,8724,1224,32,64,32,64,0,1,1,4294967295
tl_coralWR,8724,1124,32,128,32,64,0,1,1,4294967295
tl_coralWR,8624,732,32,64,32,64,0,1,1,4294967295
tl_coralWR,6096,832,0,64,32,64,0,1,1,4294967295
tl_coralWR,6096,876,0,128,32,64,0,1,1,4294967295
tl_coralWR,6096,1016,0,64,32,64,0,1,1,4294967295
tl_coralWR,6036,932,32,64,32,64,0,1,1,4294967295
tl_coralWR,6036,980,32,128,32,64,0,1,1,4294967295
tl_coralWR,6036,1044,32,64,32,64,0,1,1,4294967295
tl_coralWR,7248,1152,32,64,32,64,0,1,1,4294967295
tl_coralWR,7248,1100,32,128,32,64,0,1,1,4294967295
tl_coralWR,9804,272,0,64,32,64,0,1,1,4294967295
tl_coralWR,9804,376,0,64,32,64,0,1,1,4294967295
tl_coralWR,9804,564,0,64,32,64,0,1,1,4294967295
tl_coralWR,9804,496,0,128,32,64,0,1,1,4294967295
tl_coralWR,10444,248,0,64,32,64,0,1,1,4294967295
tl_coralWR,10444,168,0,64,32,64,0,1,1,4294967295
tl_coralWR,10444,36,0,128,32,64,0,1,1,4294967295
tl_coralWR,10444,-8,0,64,32,64,0,1,1,4294967295
tl_coralWR,10636,264,32,64,32,64,0,1,1,4294967295
tl_coralWR,10636,208,32,128,32,64,0,1,1,4294967295
tl_coralWR,11276,184,0,64,32,64,0,1,1,4294967295
tl_coralWR,11276,264,0,128,32,64,0,1,1,4294967295
tl_coralWR,11276,308,0,64,32,64,0,1,1,4294967295
tl_coralWR,11660,168,32,64,32,64,0,1,1,4294967295
tl_coralWR,11660,272,32,128,32,64,0,1,1,4294967295
tl_coralWR,11916,180,0,64,32,64,0,1,1,4294967295
tl_coralWR,11916,140,0,128,32,64,0,1,1,4294967295
tl_coralWR,11212,520,32,64,32,64,0,1,1,4294967295
tl_coralWR,11732,704,32,64,32,64,0,1,1,4294967295
tl_coralWR,11732,732,32,128,32,64,0,1,1,4294967295
tl_coralWR,11732,776,32,64,32,64,0,1,1,4294967295
tl_coralWR,11908,712,0,64,32,64,0,1,1,4294967295
tl_coralWR,11908,600,0,128,32,64,0,1,1,4294967295
tl_coralWR,12300,156,32,64,32,64,0,1,1,4294967295
tl_coralWR,12300,100,32,64,32,64,0,1,1,4294967295
tl_coralWR,12300,40,32,128,32,64,0,1,1,4294967295
tl_coralWR,12300,-12,32,64,32,64,0,1,1,4294967295
tl_coralWR,12940,160,32,64,32,64,0,1,1,4294967295
tl_coralWR,12940,204,32,128,32,64,0,1,1,4294967295
tl_coralWR,13196,320,32,128,32,64,0,1,1,4294967295
tl_coralWR,13196,288,32,64,32,64,0,1,1,4294967295
tl_coralWR,13276,380,0,64,32,64,0,1,1,4294967295
tl_coralWR,13276,424,0,128,32,64,0,1,1,4294967295
tl_coralWR,13276,316,0,64,32,64,0,1,1,4294967295
tl_coralWR,13468,28,0,64,32,64,0,1,1,4294967295
tl_coralWR,13468,68,0,128,32,64,0,1,1,4294967295
tl_coralWR,13468,136,0,64,32,64,0,1,1,4294967295
tl_coralWR,13724,508,32,64,32,64,0,1,1,4294967295
tl_coralWR,13724,392,32,64,32,64,0,1,1,4294967295
tl_coralWR,13780,240,0,64,32,64,0,1,1,4294967295
tl_coralWR,13780,368,0,64,32,64,0,1,1,4294967295
tl_coralWR,13780,416,0,128,32,64,0,1,1,4294967295
tl_coralWR,13724,332,32,128,32,64,0,1,1,4294967295
tl_coralWR,13596,96,32,64,32,64,0,1,1,4294967295
tl_coralWR,13596,148,32,128,32,64,0,1,1,4294967295
tl_coralWR,13652,132,0,64,32,64,0,1,1,4294967295
tl_coralWR,13652,72,0,128,32,64,0,1,1,4294967295
tl_coralWR,13596,8,32,128,32,64,0,1,1,4294967295
tl_coralWR,14236,20,0,64,32,64,0,1,1,4294967295
tl_coralWR,14364,-12,32,64,32,64,0,1,1,4294967295
tl_coralWR,14364,20,32,128,32,64,0,1,1,4294967295
tl_coralWR,14916,0,0,64,32,64,0,1,1,4294967295
tl_coralWR,14916,40,0,128,32,64,0,1,1,4294967295
tl_coralWR,14916,108,0,64,32,64,0,1,1,4294967295
tl_coralWR,14916,176,0,64,32,64,0,1,1,4294967295
tl_coralWR,14916,332,0,128,32,64,0,1,1,4294967295
tl_coralWR,14484,972,32,64,32,64,0,1,1,4294967295
tl_coralWR,14484,1056,32,64,32,64,0,1,1,4294967295
tl_coralWR,14484,1096,32,128,32,64,0,1,1,4294967295
tl_coralWR,14612,812,32,128,32,64,0,1,1,4294967295
tl_coralWR,14800,600,0,64,32,64,0,1,1,4294967295
tl_coralWR,14800,684,0,64,32,64,0,1,1,4294967295
tl_coralWR,14800,552,0,128,32,64,0,1,1,4294967295
tl_coralWR,14800,856,0,64,32,64,0,1,1,4294967295
tl_coralWR,14800,1060,0,64,32,64,0,1,1,4294967295
tl_coralWR,14800,976,0,64,32,64,0,1,1,4294967295
tl_coralWR,14800,1096,0,128,32,64,0,1,1,4294967295
tl_coralWR,14800,800,0,128,32,64,0,1,1,4294967295
tl_coralWR,15632,896,32,64,32,64,0,1,1,4294967295
tl_coralWR,15632,948,32,128,32,64,0,1,1,4294967295
tl_coralWR,15828,924,0,64,32,64,0,1,1,4294967295
tl_coralWR,15632,1172,32,128,32,64,0,1,1,4294967295
tl_coralWR,15632,1136,32,64,32,64,0,1,1,4294967295
tl_coralWR,15828,1172,0,64,32,64,0,1,1,4294967295
tl_coralWR,15828,1012,0,128,32,64,0,1,1,4294967295
tl_coralWR,15568,0,0,64,32,64,0,1,1,4294967295
tl_coralWR,15364,4,32,64,32,64,0,1,1,4294967295
tl_coralWR,15364,40,32,128,32,64,0,1,1,4294967295
tl_coralWR,15428,160,32,64,32,64,0,1,1,4294967295
tl_coralWR,15428,396,32,64,32,64,0,1,1,4294967295
tl_coralWR,15428,456,32,128,32,64,0,1,1,4294967295
tl_coralWR,15428,212,32,128,32,64,0,1,1,4294967295
tl_coralWR,16272,316,0,64,32,64,0,1,1,4294967295
tl_coralWR,16272,236,0,128,32,64,0,1,1,4294967295
tl_coralWR,16272,356,0,128,32,64,0,1,1,4294967295
tl_coralWR,15216,1360,0,64,32,64,0,1,1,4294967295
tl_coralWR,15216,1308,0,128,32,64,0,1,1,4294967295
tl_coralWR,16016,356,32,64,32,64,0,1,1,4294967295
tl_coralWR,16016,468,32,64,32,64,0,1,1,4294967295
tl_coralWR,16016,500,32,128,32,64,0,1,1,4294967295
tl_coralWR,16016,312,32,128,32,64,0,1,1,4294967295
tl_coralWR,16272,500,0,64,32,64,0,1,1,4294967295
tl_coralWR,16272,552,0,128,32,64,0,1,1,4294967295
tl_coralWR,17936,40,0,64,32,64,0,1,1,4294967295
tl_coralWR,17936,200,0,64,32,64,0,1,1,4294967295
tl_coralWR,17936,296,0,64,32,64,0,1,1,4294967295
tl_coralWR,17256,28,32,64,32,64,0,1,1,4294967295
tl_coralWR,17256,204,32,64,32,64,0,1,1,4294967295
tl_coralWR,17256,124,32,128,32,64,0,1,1,4294967295
tl_coralWR,17936,80,0,128,32,64,0,1,1,4294967295
tl_coralWR,17256,652,32,64,32,64,0,1,1,4294967295
tl_coralWR,17256,716,32,128,32,64,0,1,1,4294967295
tl_coralWR,17936,696,0,128,32,64,0,1,1,4294967295
tl_coralWR,17256,484,32,64,32,64,0,1,1,4294967295
tl_coralWR,17936,464,0,64,32,64,0,1,1,4294967295
tl_coralWR,17936,532,0,128,32,64,0,1,1,4294967295
tl_coralWR,17256,932,32,64,32,64,0,1,1,4294967295
tl_coralWR,17256,1036,32,64,32,64,0,1,1,4294967295
tl_coralWR,17256,1264,32,128,32,64,0,1,1,4294967295
tl_coralWR,17936,1028,0,128,32,64,0,1,1,4294967295
tl_coralWR,17936,800,0,64,32,64,0,1,1,4294967295
tl_coralWR,17936,888,0,64,32,64,0,1,1,4294967295
tl_coralWR,17256,1340,32,64,32,64,0,1,1,4294967295
tl_coralWR,17880,1412,0,64,32,64,0,1,1,4294967295
tl_coralWR,17880,1484,0,128,32,64,0,1,1,4294967295
tl_coralWR,18256,1052,32,64,32,64,0,1,1,4294967295
tl_coralWR,18256,992,32,128,32,64,0,1,1,4294967295
tl_coralWR,18456,1192,0,64,32,64,0,1,1,4294967295
tl_coralWR,18456,1136,0,128,32,64,0,1,1,4294967295
tl_coralWR,19416,1180,32,64,32,64,0,1,1,4294967295
tl_coralWR,19536,976,0,64,32,64,0,1,1,4294967295
tl_coralWR,19536,1176,0,64,32,64,0,1,1,4294967295
tl_coralWR,19536,1108,0,128,32,64,0,1,1,4294967295
tl_coralWR,19416,1348,32,64,32,64,0,1,1,4294967295
tl_coralWR,19416,1120,32,128,32,64,0,1,1,4294967295
tl_coralWR,20240,1184,32,64,32,64,0,1,1,4294967295
tl_coralWR,20240,1116,32,128,32,64,0,1,1,4294967295
tl_coralWR,20344,1520,0,64,32,64,0,1,1,4294967295
tl_coralWR,20240,1012,32,64,32,64,0,1,1,4294967295
tl_coralWR,20240,876,32,128,32,64,0,1,1,4294967295
tl_coralWR,20344,1464,0,128,32,64,0,1,1,4294967295
tl_coralWR,20344,1256,0,128,32,64,0,1,1,4294967295
tl_coralWR,20344,1072,0,128,32,64,0,1,1,4294967295
tl_coralWR,20344,1332,0,64,32,64,0,1,1,4294967295
tl_coralWR,20344,1640,0,64,32,64,0,1,1,4294967295
tl_coralWR,21240,1080,32,64,32,64,0,1,1,4294967295
tl_coralWR,21240,1132,32,128,32,64,0,1,1,4294967295
tl_coralWR,21240,1304,32,64,32,64,0,1,1,4294967295
tl_coralWR,21240,1356,32,128,32,64,0,1,1,4294967295
tl_coralWR,21008,500,32,64,32,64,0,1,1,4294967295
tl_coralWR,21008,704,32,64,32,64,0,1,1,4294967295
tl_coralWR,21392,208,32,64,32,64,0,1,1,4294967295
tl_coralWR,21008,644,32,128,32,64,0,1,1,4294967295
tl_coralWR,21008,816,32,128,32,64,0,1,1,4294967295
tl_coralWR,21008,360,32,128,32,64,0,1,1,4294967295
tl_coralWR,22048,844,0,64,32,64,0,1,1,4294967295
tl_coralWR,22176,764,32,64,32,64,0,1,1,4294967295
tl_coralWR,22176,880,32,64,32,64,0,1,1,4294967295
tl_coralWR,22048,1024,0,64,32,64,0,1,1,4294967295
tl_coralWR,22048,968,0,128,32,64,0,1,1,4294967295
tl_coralWR,22048,784,0,128,32,64,0,1,1,4294967295
tl_coralWR,22176,820,32,128,32,64,0,1,1,4294967295
tl_coralWR,22944,808,0,64,32,64,0,1,1,4294967295
tl_coralWR,22944,872,0,128,32,64,0,1,1,4294967295
tl_coralWR,22496,1072,32,64,32,64,0,1,1,4294967295
tl_coralWR,22624,968,0,64,32,64,0,1,1,4294967295
tl_coralWR,22624,1104,0,128,32,64,0,1,1,4294967295
tl_coralWR,22496,1120,32,128,32,64,0,1,1,4294967295
tl_coralWR,23072,436,0,64,32,64,0,1,1,4294967295
tl_coralWR,23072,388,0,128,32,64,0,1,1,4294967295
tl_coralWR,25248,368,32,64,32,64,0,1,1,4294967295
tl_coralWR,25248,304,32,128,32,64,0,1,1,4294967295
tl_coralWR,25120,532,32,64,32,64,0,1,1,4294967295
tl_coralWR,13788,588,32,64,32,64,0,1,1,4294967295
tl_coralWR,13788,628,32,128,32,64,0,1,1,4294967295
tl_coralWR,12676,664,32,64,32,64,0,1,1,4294967295
tl_coralWR,12676,696,32,128,32,64,0,1,1,4294967295
tl_coralWR,13268,848,32,64,32,64,0,1,1,4294967295
tl_coralWR,13396,936,0,64,32,64,0,1,1,4294967295
tl_coralWR,13268,928,32,64,32,64,0,1,1,4294967295
tl_coralWR,13268,1048,32,128,32,64,0,1,1,4294967295
tl_coralWR,13268,1140,32,64,32,64,0,1,1,4294967295
tl_coralWR,13396,1016,0,64,32,64,0,1,1,4294967295
tl_coralWR,13396,1048,0,128,32,64,0,1,1,4294967295
tl_coralWR,13768,1224,0,128,32,64,0,1,1,4294967295
tl_coralWR,12296,1400,32,64,32,64,0,1,1,4294967295
tl_coralWR,12296,1560,32,64,32,64,0,1,1,4294967295
tl_coralWR,12296,1516,32,128,32,64,0,1,1,4294967295
tl_coralWR,12296,1348,32,128,32,64,0,1,1,4294967295
tl_coralWR,12424,1460,0,64,32,64,0,1,1,4294967295
tl_coralWR,12424,1500,0,128,32,64,0,1,1,4294967295
tl_coralWR,12488,1344,0,128,32,64,0,1,1,4294967295
tl_coralWR,12616,1320,32,64,32,64,0,1,1,4294967295
tl_coralWR,12744,1240,0,64,32,64,0,1,1,4294967295
tl_coralWR,12616,1148,32,128,32,64,0,1,1,4294967295
tl_coralWR,12744,1320,0,64,32,64,0,1,1,4294967295
tl_coralWR,12872,1232,32,64,32,64,0,1,1,4294967295
tl_coralWR,12872,1260,32,128,32,64,0,1,1,4294967295
tl_coralWR,13016,1368,0,64,32,64,0,1,1,4294967295
tl_coralWR,13016,1312,0,128,32,64,0,1,1,4294967295
tl_coralWR,12936,1340,32,64,32,64,0,1,1,4294967295
tl_coralWR,12936,1528,32,64,32,64,0,1,1,4294967295
tl_coralWR,12936,1644,32,128,32,64,0,1,1,4294967295
tl_coralWR,12936,1396,32,128,32,64,0,1,1,4294967295
tl_coralWR,13012,1164,0,64,32,64,0,1,1,4294967295
tl_coralWR,13012,1108,0,128,32,64,0,1,1,4294967295
tl_coralWR,11144,1544,32,64,32,64,0,1,1,4294967295
tl_coralWR,11144,1716,32,64,32,64,0,1,1,4294967295
tl_coralWR,11272,1488,0,64,32,64,0,1,1,4294967295
tl_coralWR,11336,1640,0,128,32,64,0,1,1,4294967295
tl_coralWR,11144,1484,32,128,32,64,0,1,1,4294967295
tl_coralWR,11400,1268,32,64,32,64,0,1,1,4294967295
tl_coralWR,11400,1156,32,64,32,64,0,1,1,4294967295
tl_coralWR,11720,1412,32,64,32,64,0,1,1,4294967295
tl_coralWR,11784,1288,0,64,32,64,0,1,1,4294967295
tl_coralWR,11784,1496,0,64,32,64,0,1,1,4294967295
tl_coralWR,11784,1356,0,128,32,64,0,1,1,4294967295
tl_coralWR,11720,1444,32,128,32,64,0,1,1,4294967295
tl_coralWR,12040,1488,32,64,32,64,0,1,1,4294967295
tl_coralWR,12168,1496,0,64,32,64,0,1,1,4294967295
tl_coralWR,12488,1296,0,64,32,64,0,1,1,4294967295
tl_coralWR,12488,1248,0,64,32,64,0,1,1,4294967295
tl_coralWR,13784,1600,0,64,32,64,0,1,1,4294967295
tl_coralWR,13784,1744,0,64,32,64,0,1,1,4294967295
tl_coralWR,13784,1632,0,128,32,64,0,1,1,4294967295
tl_SunlightMain,30836,20,0,0,192,64,0,1,1,4294967295
tl_SunlightMain,30836,340,0,0,192,64,0,1,1,4294967295
tl_SunlightMain,30836,276,0,0,192,64,0,1,1,4294967295
tl_SunlightMain,30836,212,0,0,192,64,0,1,1,4294967295
tl_SunlightMain,30836,148,0,0,192,64,0,1,1,4294967295
tl_SunlightMain,30836,84,0,0,192,64,0,1,1,4294967295
tl_SunlightMain,30836,-44,0,0,192,64,0,1,1,4294967295
tl_SunlightMain,30836,404,0,0,192,64,0,1,1,4294967295
tl_SunlightMain,30836,468,0,0,192,64,0,1,1,4294967295
tl_SunlightMain,30836,532,0,0,192,64,0,1,1,4294967295
tl_coralWR,54624,1100,0,64,32,64,0,1,1,4294967295
tl_coralWR,54624,1216,0,128,32,64,0,1,1,4294967295
tl_coralWR,54624,1292,0,64,32,64,0,1,1,4294967295
tl_coralWR,54624,1380,0,64,32,64,0,1,1,4294967295
tl_coralWR,54316,688,0,64,32,64,0,1,1,4294967295
tl_coralWR,54316,732,0,128,32,64,0,1,1,4294967295
tl_coralWR,54444,676,32,128,32,64,0,1,1,4294967295
