tl_coralF,328,1020,0,0,94,64,0,1,1,4294967295
tl_coralF,492,1100,0,0,94,64,0,1,1,4294967295
tl_coralF,656,1184,0,0,94,64,0,1,1,4294967295
tl_coralF,328,1084,0,64,94,64,0,1,1,4294967295
tl_coralF,492,1164,0,64,94,64,0,1,1,4294967295
tl_coralF,656,1248,0,64,94,64,0,1,1,4294967295
tl_coralF,328,1148,0,128,94,64,0,1,1,4294967295
tl_coralF,492,1228,0,128,94,64,0,1,1,4294967295
tl_coralF,656,1312,0,128,94,64,0,1,1,4294967295
tl_coralF,328,1212,0,192,94,64,0,1,1,4294967295
tl_coralF,492,1292,0,192,94,64,0,1,1,4294967295
tl_coralF,656,1376,0,192,94,64,0,1,1,4294967295
tl_coralF,328,1276,0,256,94,64,0,1,1,4294967295
tl_coralF,492,1356,0,256,94,64,0,1,1,4294967295
tl_coralF,656,1440,0,256,94,64,0,1,1,4294967295
tl_coralF2,428,1092,0,0,48,64,0,1,1,4294967295
tl_coralF2,428,1156,0,64,48,64,0,1,1,4294967295
tl_coralF2,428,1220,0,64,48,64,0,1,1,4294967295
tl_coralF2,428,1284,0,64,48,64,0,1,1,4294967295
tl_coralF2,596,1152,0,0,48,64,0,1,1,4294967295
tl_coralF2,596,1216,0,64,48,64,0,1,1,4294967295
tl_coralF2,596,1280,0,64,48,64,0,1,1,4294967295
tl_coralF2,596,1344,0,64,48,64,0,1,1,4294967295
tl_coralF2,596,1408,0,64,48,64,0,1,1,4294967295
tl_coralF2,428,1348,0,64,48,64,0,1,1,4294967295
tl_coralF,2836,916,0,0,94,64,0,1,1,4294967295
tl_coralF,2836,980,0,64,94,64,0,1,1,4294967295
tl_coralF,2836,1044,0,128,94,64,0,1,1,4294967295
tl_coralF,2836,1108,0,192,94,64,0,1,1,4294967295
tl_coralF2,2756,876,0,0,48,64,0,1,1,4294967295
tl_coralF2,2756,940,0,64,48,64,0,1,1,4294967295
tl_coralF2,2756,1004,0,64,48,64,0,1,1,4294967295
tl_coralF2,2756,1068,0,64,48,64,0,1,1,4294967295
tl_coralF2,2756,1132,0,64,48,64,0,1,1,4294967295
tl_coralF2,2756,1196,0,64,48,64,0,1,1,4294967295
tl_coralF2,2756,1260,0,64,48,64,0,1,1,4294967295
tl_coralF,2836,1172,0,256,94,64,0,1,1,4294967295
tl_coralF,2836,1236,0,256,94,64,0,1,1,4294967295
tl_coralF,2836,1300,0,256,94,64,0,1,1,4294967295
tl_coralRk,-32,988,0,0,65,16,0,1,1,4294967295
tl_coralRk,12,988,65,0,65,16,0,1,1,4294967295
tl_coralWR,2524,188,32,0,32,64,0,1,1,4294967295
tl_coralWR,2940,500,32,0,32,64,0,1,1,4294967295
tl_coralWR,2364,856,32,0,32,64,0,1,1,4294967295
tl_coralWR,3336,712,32,0,32,64,0,1,1,4294967295
tl_coralWR,4052,592,0,0,32,64,0,1,1,4294967295
tl_coralWR,4052,732,0,0,32,64,0,1,1,4294967295
tl_coralWR,3464,448,32,0,32,64,0,1,1,4294967295
tl_coralM2,7136,780,0,0,128,128,0,1,1,4294967295
tl_coralM2,7328,776,0,0,128,128,0,1,1,4294967295
tl_coralP,7292,900,0,0,80,64,0,1,1,4294967295
tl_coralM2,7260,772,0,0,128,128,0,1,1,4294967295
tl_coralM,11356,164,0,0,256,256,0,1,1,4294967295
tl_coralM2,11436,36,0,0,128,128,0,1,1,4294967295
tl_coralM2,11436,-92,0,0,128,128,0,1,1,4294967295
tl_coralM2,11564,-28,0,0,128,128,0,1,1,4294967295
tl_coralM2,11692,-72,0,0,128,128,0,1,1,4294967295
tl_coralM2,11612,-24,0,0,128,128,0,1,1,4294967295
tl_coralM2,11804,-28,0,0,128,128,0,1,1,4294967295
tl_coralM,14564,1420,0,0,256,256,0,1,1,4294967295
tl_coralM2,14536,1676,0,0,128,128,0,1,1,4294967295
tl_coralM2,15400,772,0,0,128,128,0,1,1,4294967295
tl_coralM2S,15648,708,0,0,64,64,0,1,1,4294967295
tl_coralM2S,15584,708,0,0,64,64,0,1,1,4294967295
tl_coralM2,16984,384,0,0,128,128,0,1,1,4294967295
tl_coralM2,17024,384,0,0,128,128,0,1,1,4294967295
tl_coralM2,16980,40,0,0,128,128,0,1,1,4294967295
tl_coralM2,17060,40,0,0,128,128,0,1,1,4294967295
tl_coralM2,16980,8,0,0,128,128,0,1,1,4294967295
tl_coralM2,24368,596,0,0,128,128,0,1,1,4294967295
tl_coralM2,24496,596,0,0,128,128,0,1,1,4294967295
tl_coralM2,24624,596,0,0,128,128,0,1,1,4294967295
tl_coralM2,24752,596,0,0,128,128,0,1,1,4294967295
tl_coralM2,24880,596,0,0,128,128,0,1,1,4294967295
tl_coralM2,24944,596,0,0,128,128,0,1,1,4294967295
tl_coralM2,4332,924,0,0,128,128,0,1,1,4294967295
tl_coralM2,4336,980,0,0,128,128,0,1,1,4294967295
tl_coralM,4816,1716,0,0,256,256,0,1,1,4294967295
tl_coralM,4928,1720,0,0,256,256,0,1,1,4294967295
tl_coralM,4956,1720,0,0,256,256,0,1,1,4294967295
tl_coralM2S,4372,1108,0,0,64,64,0,1,1,4294967295
tl_coralM2S,4452,1040,0,0,64,64,0,1,1,4294967295
tl_coralM2S,4452,1044,0,0,64,64,0,1,1,4294967295
tl_coralM,4596,1660,0,0,256,256,0,1,1,4294967295
tl_coralWR,4564,1136,32,0,32,64,0,1,1,4294967295
tl_coralWR,4692,1412,0,0,32,64,0,1,1,4294967295
tl_coralWR,4756,628,32,0,32,64,0,1,1,4294967295
tl_coralWR,5776,616,0,0,32,64,0,1,1,4294967295
tl_coralWR,6508,156,0,0,32,64,0,1,1,4294967295
tl_coralWR,7248,612,0,0,32,64,0,1,1,4294967295
tl_coralWR,3924,1276,32,0,32,64,0,1,1,4294967295
tl_coralWR,3924,1456,32,0,32,64,0,1,1,4294967295
tl_coralWR,5332,1728,32,0,32,64,0,1,1,4294967295
tl_coralWR,7948,1840,32,0,32,64,0,1,1,4294967295
tl_coralWR,8596,1688,0,0,32,64,0,1,1,4294967295
tl_coralWR,8596,1504,0,0,32,64,0,1,1,4294967295
tl_coralWR,8724,1576,32,0,32,64,0,1,1,4294967295
tl_coralWR,8724,1092,32,0,32,64,0,1,1,4294967295
tl_coralWR,8624,780,32,0,32,64,0,1,1,4294967295
tl_coralWR,6096,960,0,0,32,64,0,1,1,4294967295
tl_coralWR,7248,1036,32,0,32,64,0,1,1,4294967295
tl_coralWR,9804,456,0,0,32,64,0,1,1,4294967295
tl_coralWR,9804,324,0,0,32,64,0,1,1,4294967295
tl_coralWR,10444,96,0,0,32,64,0,1,1,4294967295
tl_coralWR,11660,224,32,0,32,64,0,1,1,4294967295
tl_coralWR,11916,288,0,0,32,64,0,1,1,4294967295
tl_coralWR,11732,820,32,0,32,64,0,1,1,4294967295
tl_coralWR,11908,656,0,0,32,64,0,1,1,4294967295
tl_coralWR,13276,240,0,0,32,64,0,1,1,4294967295
tl_coralWR,13780,296,0,0,32,64,0,1,1,4294967295
tl_coralWR,13724,440,32,0,32,64,0,1,1,4294967295
tl_coralWR,13596,48,32,0,32,64,0,1,1,4294967295
tl_coralWR,14916,244,0,0,32,64,0,1,1,4294967295
tl_coralWR,14916,408,0,0,32,64,0,1,1,4294967295
tl_coralWR,14484,1148,32,0,32,64,0,1,1,4294967295
tl_coralWR,14612,860,32,0,32,64,0,1,1,4294967295
tl_coralWR,14800,760,0,0,32,64,0,1,1,4294967295
tl_coralWR,14800,916,0,0,32,64,0,1,1,4294967295
tl_coralWR,15632,1020,32,0,32,64,0,1,1,4294967295
tl_coralWR,15828,1088,0,0,32,64,0,1,1,4294967295
tl_coralWR,15428,312,32,0,32,64,0,1,1,4294967295
tl_coralWR,15568,124,0,0,32,64,0,1,1,4294967295
tl_coralWR,16272,424,0,0,32,64,0,1,1,4294967295
tl_coralWR,17256,304,32,0,32,64,0,1,1,4294967295
tl_coralWR,17936,376,0,0,32,64,0,1,1,4294967295
tl_coralWR,17256,560,32,0,32,64,0,1,1,4294967295
tl_coralWR,17936,644,0,0,32,64,0,1,1,4294967295
tl_coralWR,17936,948,0,0,32,64,0,1,1,4294967295
tl_coralWR,17256,1100,32,0,32,64,0,1,1,4294967295
tl_coralWR,17256,856,32,0,32,64,0,1,1,4294967295
tl_coralWR,17880,1336,0,0,32,64,0,1,1,4294967295
tl_coralWR,18256,944,32,0,32,64,0,1,1,4294967295
tl_coralWR,18456,1096,0,0,32,64,0,1,1,4294967295
tl_coralWR,18456,1244,0,0,32,64,0,1,1,4294967295
tl_coralWR,19536,1040,0,0,32,64,0,1,1,4294967295
tl_coralWR,19416,1260,32,0,32,64,0,1,1,4294967295
tl_coralWR,19416,1408,32,0,32,64,0,1,1,4294967295
tl_coralWR,20344,1392,0,0,32,64,0,1,1,4294967295
tl_coralWR,20344,1156,0,0,32,64,0,1,1,4294967295
tl_coralWR,20240,944,32,0,32,64,0,1,1,4294967295
tl_coralWR,20344,1580,0,0,32,64,0,1,1,4294967295
tl_coralWR,21240,1216,32,0,32,64,0,1,1,4294967295
tl_coralWR,21008,764,32,0,32,64,0,1,1,4294967295
tl_coralWR,21008,572,32,0,32,64,0,1,1,4294967295
tl_coralWR,21008,424,32,0,32,64,0,1,1,4294967295
tl_coralWR,21392,272,32,0,32,64,0,1,1,4294967295
tl_coralWR,22048,904,0,0,32,64,0,1,1,4294967295
tl_coralWR,22496,996,32,0,32,64,0,1,1,4294967295
tl_coralWR,22624,1040,0,0,32,64,0,1,1,4294967295
tl_coralWR,22944,736,0,0,32,64,0,1,1,4294967295
tl_coralWR,23072,332,0,0,32,64,0,1,1,4294967295
tl_coralWR,25248,432,32,0,32,64,0,1,1,4294967295
tl_coralWR,25120,676,32,0,32,64,0,1,1,4294967295
tl_coralWR,25120,792,32,0,32,64,0,1,1,4294967295
tl_coralWR,13268,988,32,0,32,64,0,1,1,4294967295
tl_coralWR,13396,836,0,0,32,64,0,1,1,4294967295
tl_coralWR,13396,1104,0,0,32,64,0,1,1,4294967295
tl_coralWR,12296,1476,32,0,32,64,0,1,1,4294967295
tl_coralWR,12616,1232,32,0,32,64,0,1,1,4294967295
tl_coralWR,12744,1376,0,0,32,64,0,1,1,4294967295
tl_coralWR,12936,1456,32,0,32,64,0,1,1,4294967295
tl_coralWR,12936,1596,32,0,32,64,0,1,1,4294967295
tl_coralWR,11144,1640,32,0,32,64,0,1,1,4294967295
tl_coralWR,11272,1424,0,0,32,64,0,1,1,4294967295
tl_coralWR,11336,1696,0,0,32,64,0,1,1,4294967295
tl_coralWR,11784,1212,0,0,32,64,0,1,1,4294967295
tl_coralWR,11784,1432,0,0,32,64,0,1,1,4294967295
tl_coralWR,11720,1500,32,0,32,64,0,1,1,4294967295
tl_coralWR,12168,1552,0,0,32,64,0,1,1,4294967295
tl_coralWR,13784,1684,0,0,32,64,0,1,1,4294967295
tl_coralF,3708,924,0,0,94,64,0,1,1,4294967295
tl_coralF,3708,988,0,64,94,64,0,1,1,4294967295
tl_coralF,3708,1052,0,128,94,64,0,1,1,4294967295
tl_coralF,3708,1116,0,192,94,64,0,1,1,4294967295
tl_coralF,3708,1180,0,256,94,64,0,1,1,4294967295
tl_coralF,3708,1244,0,256,94,64,0,1,1,4294967295
tl_coralF,3708,1308,0,256,94,64,0,1,1,4294967295
tl_coralF,3708,1372,0,256,94,64,0,1,1,4294967295
tl_coralF,3708,1436,0,256,94,64,0,1,1,4294967295
tl_coralF,3708,1500,0,256,94,64,0,1,1,4294967295
tl_coralF,3708,1564,0,256,94,64,0,1,1,4294967295
tl_coralF,3708,1628,0,256,94,64,0,1,1,4294967295
tl_coralF,3708,1692,0,256,94,64,0,1,1,4294967295
tl_coralF,5460,932,0,0,94,64,0,1,1,4294967295
tl_coralF,5460,996,0,64,94,64,0,1,1,4294967295
tl_coralF,5460,1060,0,128,94,64,0,1,1,4294967295
tl_coralF,5460,1124,0,192,94,64,0,1,1,4294967295
tl_coralF,5460,1188,0,256,94,64,0,1,1,4294967295
tl_coralF,5460,1252,0,256,94,64,0,1,1,4294967295
tl_coralF,5460,1316,0,256,94,64,0,1,1,4294967295
tl_coralF,8156,1092,0,0,94,64,0,1,1,4294967295
tl_coralF,8156,1156,0,64,94,64,0,1,1,4294967295
tl_coralF,8156,1220,0,128,94,64,0,1,1,4294967295
tl_coralF,8156,1284,0,192,94,64,0,1,1,4294967295
tl_coralF,8156,1348,0,256,94,64,0,1,1,4294967295
tl_coralF,9412,1112,0,0,94,64,0,1,1,4294967295
tl_coralF,9412,1176,0,64,94,64,0,1,1,4294967295
tl_coralF,9412,1240,0,128,94,64,0,1,1,4294967295
tl_coralF,9412,1304,0,192,94,64,0,1,1,4294967295
tl_coralF,9412,1368,0,256,94,64,0,1,1,4294967295
tl_coralF,9412,1432,0,256,94,64,0,1,1,4294967295
tl_coralF,9412,1496,0,256,94,64,0,1,1,4294967295
tl_coralF,10324,768,0,0,94,64,0,1,1,4294967295
tl_coralF,10324,832,0,64,94,64,0,1,1,4294967295
tl_coralF,10324,896,0,128,94,64,0,1,1,4294967295
tl_coralF,10324,960,0,192,94,64,0,1,1,4294967295
tl_coralF,10324,1024,0,256,94,64,0,1,1,4294967295
tl_coralF,10324,1088,0,256,94,64,0,1,1,4294967295
tl_coralF,10884,768,0,0,94,64,0,1,1,4294967295
tl_coralF,10884,832,0,64,94,64,0,1,1,4294967295
tl_coralF,10884,896,0,128,94,64,0,1,1,4294967295
tl_coralF,10884,960,0,192,94,64,0,1,1,4294967295
tl_coralF,10884,1024,0,256,94,64,0,1,1,4294967295
tl_coralF,10884,1088,0,256,94,64,0,1,1,4294967295
tl_coralF2,12052,1628,0,0,48,64,0,1,1,4294967295
tl_coralF2,12244,1708,0,0,48,64,0,1,1,4294967295
tl_coralF2,12052,1692,0,64,48,64,0,1,1,4294967295
tl_coralF2,12244,1772,0,64,48,64,0,1,1,4294967295
tl_coralF2,12244,1836,0,64,48,64,0,1,1,4294967295
tl_coralF2,12244,1900,0,64,48,64,0,1,1,4294967295
tl_coralF2,12052,1756,0,64,48,64,0,1,1,4294967295
tl_coralF2,12052,1820,0,64,48,64,0,1,1,4294967295
tl_coralF2,12052,1884,0,64,48,64,0,1,1,4294967295
tl_coralF2,12244,1964,0,64,48,64,0,1,1,4294967295
tl_coralF,15060,1252,0,0,94,64,0,1,1,4294967295
tl_coralF,15060,1316,0,64,94,64,0,1,1,4294967295
tl_coralF,15060,1380,0,128,94,64,0,1,1,4294967295
tl_coralF,15060,1444,0,192,94,64,0,1,1,4294967295
tl_coralF,15060,1508,0,256,94,64,0,1,1,4294967295
tl_coralF,15060,1572,0,256,94,64,0,1,1,4294967295
tl_coralF,15060,1636,0,256,94,64,0,1,1,4294967295
tl_coralF,15060,1700,0,256,94,64,0,1,1,4294967295
tl_coralF,18796,928,0,0,94,64,0,1,1,4294967295
tl_coralF,18796,992,0,64,94,64,0,1,1,4294967295
tl_coralF,18796,1056,0,128,94,64,0,1,1,4294967295
tl_coralF,18796,1120,0,192,94,64,0,1,1,4294967295
tl_coralF,18796,1184,0,256,94,64,0,1,1,4294967295
tl_coralF,18796,1248,0,256,94,64,0,1,1,4294967295
tl_coralF,18796,1312,0,256,94,64,0,1,1,4294967295
tl_coralF,20804,936,0,0,94,64,0,1,1,4294967295
tl_coralF,20804,1000,0,64,94,64,0,1,1,4294967295
tl_coralF,20804,1064,0,128,94,64,0,1,1,4294967295
tl_coralF,20804,1128,0,192,94,64,0,1,1,4294967295
tl_coralF,20804,1192,0,256,94,64,0,1,1,4294967295
tl_coralF,20804,1256,0,256,94,64,0,1,1,4294967295
tl_coralF2,20604,988,0,0,48,64,0,1,1,4294967295
tl_coralF2,20604,1052,0,64,48,64,0,1,1,4294967295
tl_coralF2,20604,1116,0,64,48,64,0,1,1,4294967295
tl_coralF2,20604,1180,0,64,48,64,0,1,1,4294967295
tl_coralF2,20604,1244,0,64,48,64,0,1,1,4294967295
tl_coralF,23624,548,0,0,94,64,0,1,1,4294967295
tl_coralF,23624,612,0,64,94,64,0,1,1,4294967295
tl_coralF,23624,676,0,128,94,64,0,1,1,4294967295
tl_coralF2,23364,572,0,0,48,64,0,1,1,4294967295
tl_coralF2,23364,636,0,64,48,64,0,1,1,4294967295
tl_coralF2,23364,700,0,64,48,64,0,1,1,4294967295
tl_SunlightMain,27400,1064,0,0,192,64,0,1,1,4294967295
tl_SunlightMain,27400,1128,0,0,192,64,0,1,1,4294967295
tl_SunlightMain,27400,1192,0,0,192,64,0,1,1,4294967295
tl_SunlightMain,27400,1256,0,0,192,64,0,1,1,4294967295
tl_SunlightMain,27856,1072,0,0,192,64,0,1,1,4294967295
tl_SunlightMain,27856,1136,0,0,192,64,0,1,1,4294967295
tl_SunlightMain,27856,1200,0,0,192,64,0,1,1,4294967295
tl_SunlightMain,27856,1264,0,0,192,64,0,1,1,4294967295
tl_SunlightMain,27856,1328,0,0,192,64,0,1,1,4294967295
tl_SunlightMainS,27592,1044,0,0,88,64,0,1,1,4294967295
tl_SunlightMainS,27680,1068,0,0,88,64,0,1,1,4294967295
tl_SunlightMainS,27768,1092,0,0,88,64,0,1,1,4294967295
tl_SunlightMainS,27592,1108,0,0,88,64,0,1,1,4294967295
tl_SunlightMainS,27592,1172,0,0,88,64,0,1,1,4294967295
tl_SunlightMainS,27592,1236,0,0,88,64,0,1,1,4294967295
tl_SunlightMainS,27680,1132,0,0,88,64,0,1,1,4294967295
tl_SunlightMainS,27768,1156,0,0,88,64,0,1,1,4294967295
tl_SunlightMainS,27768,1220,0,0,88,64,0,1,1,4294967295
tl_SunlightMainS,27680,1196,0,0,88,64,0,1,1,4294967295
tl_SunlightMainS,27680,1260,0,0,88,64,0,1,1,4294967295
tl_SunlightMainS,27768,1284,0,0,88,64,0,1,1,4294967295
tl_SunlightWF,25136,1380,0,0,256,62,0,1,1,4294967295
tl_SunlightWF2,25136,1440,0,0,256,128,0,1,1,4294967295
tl_SunlightWF2,25136,1480,0,0,256,128,0,1,1,4294967295
tl_SunlightT,25252,1140,246,0,82,175,0,1,1,4294967295
tl_SunlightT,27236,1056,246,0,82,175,0,1,1,4294967295
tl_SunlightT,27100,1060,0,0,82,175,0,1,1,4294967295
tl_SunlightWF,28088,1360,0,0,256,62,0,1,1,4294967295
tl_SunlightWF,28344,1360,0,0,256,62,0,1,1,4294967295
tl_SunlightWF,28552,1360,0,0,256,62,0,1,1,4294967295
tl_SunlightWF2,28088,1420,0,0,256,128,0,1,1,4294967295
tl_SunlightWF2,28344,1420,0,0,256,128,0,1,1,4294967295
tl_SunlightWF2,28552,1420,0,0,256,128,0,1,1,4294967295
tl_SunlightWF2,28088,1468,0,0,256,128,0,1,1,4294967295
tl_SunlightWF2,28344,1468,0,0,256,128,0,1,1,4294967295
tl_SunlightWF2,28552,1468,0,0,256,128,0,1,1,4294967295
tl_SunlightWF,27120,1280,0,0,256,62,0,1,1,4294967295
tl_SunlightWF2,27048,1340,0,0,256,128,0,1,1,4294967295
tl_SunlightWF2,27120,1340,0,0,256,128,0,1,1,4294967295
tl_SunlightWF2,27048,1468,0,0,256,128,0,1,1,4294967295
tl_SunlightWF2,27120,1468,0,0,256,128,0,1,1,4294967295
tl_SunlightWF,43264,1888,0,0,256,62,0,1,1,4294967295
tl_SunlightWF,43008,1888,0,0,256,62,0,1,1,4294967295
tl_SunlightWF,43520,1888,0,0,256,62,0,1,1,4294967295
tl_SunlightWF2,43008,1948,0,0,256,128,0,1,1,4294967295
tl_SunlightWF2,43264,1948,0,0,256,128,0,1,1,4294967295
tl_SunlightWF2,43504,1948,0,0,256,128,0,1,1,4294967295
tl_SunlightWF,45856,1708,0,0,256,62,0,1,1,4294967295
tl_SunlightWF,46112,1708,0,0,256,62,0,1,1,4294967295
tl_SunlightWF,46368,1708,0,0,256,62,0,1,1,4294967295
tl_SunlightWF,46664,1584,0,0,256,62,0,1,1,4294967295
tl_SunlightWF,46920,1584,0,0,256,62,0,1,1,4294967295
tl_SunlightWF,47176,1584,0,0,256,62,0,1,1,4294967295
tl_SunlightWF,47432,1584,0,0,256,62,0,1,1,4294967295
tl_SunlightWF2,45856,1768,0,0,256,128,0,1,1,4294967295
tl_SunlightWF2,46112,1768,0,0,256,128,0,1,1,4294967295
tl_SunlightWF2,46368,1768,0,0,256,128,0,1,1,4294967295
tl_SunlightWF2,46664,1644,0,0,256,128,0,1,1,4294967295
tl_SunlightWF2,46920,1644,0,0,256,128,0,1,1,4294967295
tl_SunlightWF2,47176,1644,0,0,256,128,0,1,1,4294967295
tl_SunlightWF2,47432,1644,0,0,256,128,0,1,1,4294967295
tl_coralWR,54624,1164,0,0,32,64,0,1,1,4294967295
tl_coralWR,54444,724,32,0,32,64,0,1,1,4294967295
tl_coralF2,55184,1044,0,0,48,64,0,1,1,4294967295
tl_coralF2,55184,1108,0,64,48,64,0,1,1,4294967295
tl_coralF2,55184,1172,0,64,48,64,0,1,1,4294967295
tl_coralF2,55184,1236,0,64,48,64,0,1,1,4294967295
tl_coralF2,55184,1300,0,64,48,64,0,1,1,4294967295
tl_coralF2,55184,1364,0,64,48,64,0,1,1,4294967295
tl_coralF2,55888,1100,0,0,48,64,0,1,1,4294967295
tl_coralF2,56284,1100,0,0,48,64,0,1,1,4294967295
tl_coralF2,55888,1164,0,64,48,64,0,1,1,4294967295
tl_coralF2,56284,1164,0,64,48,64,0,1,1,4294967295
tl_coralF2,56284,1228,0,64,48,64,0,1,1,4294967295
tl_coralF2,55888,1228,0,64,48,64,0,1,1,4294967295
tl_coralF2,55888,1292,0,64,48,64,0,1,1,4294967295
tl_coralF2,56284,1292,0,64,48,64,0,1,1,4294967295
tl_coralF2,55888,1356,0,64,48,64,0,1,1,4294967295
tl_coralF2,56284,1356,0,64,48,64,0,1,1,4294967295
tl_coralF2,55888,1420,0,64,48,64,0,1,1,4294967295
tl_coralF2,56284,1420,0,64,48,64,0,1,1,4294967295
tl_coralF2,55184,1428,0,64,48,64,0,1,1,4294967295
tl_coralM2S,15464,708,0,0,64,64,0,1,1,4294967295
tl_coralM2S,15468,772,0,0,64,64,0,1,1,4294967295
tl_coralM2S,15520,708,0,0,64,64,0,1,1,4294967295
tl_coralM2S,15712,556,0,0,64,64,0,1,1,4294967295
tl_coralM2S,15724,552,0,0,64,64,0,1,1,4294967295
tl_coralM2S,15712,620,0,0,64,64,0,1,1,4294967295
tl_coralM2S,15776,680,0,0,64,64,0,1,1,4294967295
tl_coralM2S,15712,684,0,0,64,64,0,1,1,4294967295
tl_coralM2S,15724,616,0,0,64,64,0,1,1,4294967295
tl_coralM2,12076,232,0,0,128,128,0,1,1,4294967295
tl_coralM2,12076,104,0,0,128,128,0,1,1,4294967295
tl_coralM2,14308,1224,0,0,128,128,0,1,1,4294967295
tl_coralM2,14436,1288,0,0,128,128,0,1,1,4294967295
tl_coralM2,14436,1392,0,0,128,128,0,1,1,4294967295
tl_coralM2,14616,1676,0,0,128,128,0,1,1,4294967295
tl_coralM2,14536,1548,0,0,128,128,0,1,1,4294967295
tl_coralM2,14488,1476,0,0,128,128,0,1,1,4294967295
