tl_coralP,0,876,0,128,80,64,0,1,1,4294967295
tl_coralP,0,812,0,0,80,64,0,1,1,4294967295
tl_coralF,432,972,0,0,94,64,0,1,1,4294967295
tl_coralF,604,1056,0,0,94,64,0,1,1,4294967295
tl_coralF,784,1148,0,0,94,64,0,1,1,4294967295
tl_coralF2,540,1008,0,0,48,64,0,1,1,4294967295
tl_coralF2,716,1096,0,0,48,64,0,1,1,4294967295
tl_coralRk,100,924,0,0,65,16,0,1,1,4294967295
tl_coralRk,140,924,65,0,65,16,0,1,1,4294967295
tl_coralRk,228,924,0,0,65,16,0,1,1,4294967295
tl_coralRk,276,936,65,0,65,16,0,1,1,4294967295
tl_coralP,2180,1164,0,128,80,64,0,1,1,4294967295
tl_coralP,2180,1100,0,64,80,64,0,1,1,4294967295
tl_coralP,2180,1036,0,64,80,64,0,1,1,4294967295
tl_coralP,2180,972,0,0,80,64,0,1,1,4294967295
tl_coralP,4584,1024,0,128,80,64,0,1,1,4294967295
tl_coralP,4584,960,0,64,80,64,0,1,1,4294967295
tl_coralP,4584,896,0,64,80,64,0,1,1,4294967295
tl_coralP,4584,832,0,64,80,64,0,1,1,4294967295
tl_coralP,4584,768,0,0,80,64,0,1,1,4294967295
tl_coralP,2572,1096,0,128,80,64,0,1,1,4294967295
tl_coralP,2572,1032,0,64,80,64,0,1,1,4294967295
tl_coralP,2572,968,0,0,80,64,0,1,1,4294967295
tl_coralP,7292,1252,0,128,80,64,0,1,1,4294967295
tl_coralP,7292,1188,0,64,80,64,0,1,1,4294967295
tl_coralP,7292,1124,0,64,80,64,0,1,1,4294967295
tl_coralP,7292,1060,0,64,80,64,0,1,1,4294967295
tl_coralP,7292,996,0,64,80,64,0,1,1,4294967295
tl_coralP,7292,932,0,64,80,64,0,1,1,4294967295
tl_coralRk,900,1212,0,0,65,16,0,1,1,4294967295
tl_coralRk,932,1212,65,0,65,16,0,1,1,4294967295
tl_coralRk,1048,1212,0,0,65,16,0,1,1,4294967295
tl_coralRk,1100,1220,0,0,65,16,0,1,1,4294967295
tl_coralRk,1172,1212,0,0,65,16,0,1,1,4294967295
tl_coralRk,1300,1212,0,0,65,16,0,1,1,4294967295
tl_coralRk,1228,1212,65,0,65,16,0,1,1,4294967295
tl_coralRk,1380,1212,0,0,65,16,0,1,1,4294967295
tl_coralRk,1428,1220,0,0,65,16,0,1,1,4294967295
tl_coralRk,2264,1212,0,0,65,16,0,1,1,4294967295
tl_coralRk,2300,1212,65,0,65,16,0,1,1,4294967295
tl_coralRk,2392,1212,0,0,65,16,0,1,1,4294967295
tl_coralRk,2500,828,0,0,65,16,0,1,1,4294967295
tl_coralRk,2536,828,65,0,65,16,0,1,1,4294967295
tl_coralRk,2632,828,0,0,65,16,0,1,1,4294967295
tl_coralRk,2748,764,0,0,65,16,0,1,1,4294967295
tl_coralRk,2816,768,0,0,65,16,0,1,1,4294967295
tl_coralRk,2848,764,65,0,65,16,0,1,1,4294967295
tl_coralRk,2944,764,0,0,65,16,0,1,1,4294967295
tl_coralRk,2632,376,0,0,65,16,0,1,1,4294967295
tl_coralRk,2504,376,65,0,65,16,0,1,1,4294967295
tl_coralRk,2676,376,65,0,65,16,0,1,1,4294967295
tl_coralRk,2780,376,0,0,65,16,0,1,1,4294967295
tl_coralRk,2868,376,0,0,65,16,0,1,1,4294967295
tl_SunlightSand,25136,1348,0,0,180,120,0,1,1,4294967295
tl_SunlightSand,25212,1348,0,0,180,120,0,1,1,4294967295
tl_coralRk,2820,128,0,0,65,16,0,1,1,4294967295
tl_coralRk,2956,128,0,0,65,16,0,1,1,4294967295
tl_coralRk,2884,128,65,0,65,16,0,1,1,4294967295
tl_coralRk,3040,128,65,0,65,16,0,1,1,4294967295
tl_coralRk,3372,224,0,0,65,16,0,1,1,4294967295
tl_coralRk,4096,420,0,0,65,16,0,1,1,4294967295
tl_coralRk,4164,420,65,0,65,16,0,1,1,4294967295
tl_coralRk,4260,420,0,0,65,16,0,1,1,4294967295
tl_coralRk,4320,428,0,0,65,16,0,1,1,4294967295
tl_coralRk,4628,516,0,0,65,16,0,1,1,4294967295
tl_coralRk,5868,500,0,0,65,16,0,1,1,4294967295
tl_coralRk,6092,404,65,0,65,16,0,1,1,4294967295
tl_coralRk,3040,924,0,0,65,16,0,1,1,4294967295
tl_coralRk,3084,924,65,0,65,16,0,1,1,4294967295
tl_coralRk,3164,932,0,0,65,16,0,1,1,4294967295
tl_coralRk,3316,924,0,0,65,16,0,1,1,4294967295
tl_coralRk,3240,924,65,0,65,16,0,1,1,4294967295
tl_coralRk,3920,1020,0,0,65,16,0,1,1,4294967295
tl_coralRk,4012,1024,0,0,65,16,0,1,1,4294967295
tl_coralRk,4120,1020,0,0,65,16,0,1,1,4294967295
tl_coralRk,3416,732,0,0,65,16,0,1,1,4294967295
tl_coralRk,3556,732,0,0,65,16,0,1,1,4294967295
tl_coralRk,3484,732,65,0,65,16,0,1,1,4294967295
tl_coralRk,4756,1068,0,0,65,16,0,1,1,4294967295
tl_coralRk,4860,1068,65,0,65,16,0,1,1,4294967295
tl_coralRk,5008,1068,65,0,65,16,0,1,1,4294967295
tl_coralRk,4972,1068,0,0,65,16,0,1,1,4294967295
tl_coralRk,4756,1260,0,0,65,16,0,1,1,4294967295
tl_coralRk,4836,1268,0,0,65,16,0,1,1,4294967295
tl_coralRk,4912,1260,65,0,65,16,0,1,1,4294967295
tl_coralRk,4988,1260,0,0,65,16,0,1,1,4294967295
tl_coralRk,5160,1260,0,0,65,16,0,1,1,4294967295
tl_coralRk,5064,1260,65,0,65,16,0,1,1,4294967295
tl_coralRk,5264,1068,0,0,65,16,0,1,1,4294967295
tl_coralRk,4000,1556,0,0,65,16,0,1,1,4294967295
tl_coralRk,4180,1556,0,0,65,16,0,1,1,4294967295
tl_coralRk,4100,1556,65,0,65,16,0,1,1,4294967295
tl_coralRk,4300,1556,0,0,65,16,0,1,1,4294967295
tl_coralRk,4412,1564,0,0,65,16,0,1,1,4294967295
tl_coralRk,4520,1556,0,0,65,16,0,1,1,4294967295
tl_coralRk,4564,1556,65,0,65,16,0,1,1,4294967295
tl_coralRk,5460,1844,0,0,65,16,0,1,1,4294967295
tl_coralRk,5528,1848,0,0,65,16,0,1,1,4294967295
tl_coralRk,5672,1844,0,0,65,16,0,1,1,4294967295
tl_coralRk,5824,1844,0,0,65,16,0,1,1,4294967295
tl_coralRk,5340,1844,65,0,65,16,0,1,1,4294967295
tl_coralRk,5732,1844,65,0,65,16,0,1,1,4294967295
tl_coralRk,6328,1812,0,0,65,16,0,1,1,4294967295
tl_coralRk,6464,1812,0,0,65,16,0,1,1,4294967295
tl_coralRk,6392,1812,65,0,65,16,0,1,1,4294967295
tl_coralRk,6636,2004,0,0,65,16,0,1,1,4294967295
tl_coralRk,6520,2004,0,0,65,16,0,1,1,4294967295
tl_coralRk,6228,2004,65,0,65,16,0,1,1,4294967295
tl_coralRk,6352,2004,0,0,65,16,0,1,1,4294967295
tl_coralRk,6800,1844,0,0,65,16,0,1,1,4294967295
tl_coralRk,7184,2004,0,0,65,16,0,1,1,4294967295
tl_coralRk,7292,2004,0,0,65,16,0,1,1,4294967295
tl_coralRk,7348,2004,65,0,65,16,0,1,1,4294967295
tl_coralRk,7508,2004,0,0,65,16,0,1,1,4294967295
tl_coralRk,7396,1900,0,0,65,16,0,1,1,4294967295
tl_coralRk,7436,1900,65,0,65,16,0,1,1,4294967295
tl_coralRk,7604,1804,0,0,65,16,0,1,1,4294967295
tl_coralRk,7764,1804,0,0,65,16,0,1,1,4294967295
tl_coralRk,7688,1804,65,0,65,16,0,1,1,4294967295
tl_coralRk,7860,1804,65,0,65,16,0,1,1,4294967295
tl_coralRk,7960,2004,0,0,65,16,0,1,1,4294967295
tl_coralRk,8100,2004,0,0,65,16,0,1,1,4294967295
tl_coralRk,8400,1908,0,0,65,16,0,1,1,4294967295
tl_coralRk,8536,1908,0,0,65,16,0,1,1,4294967295
tl_coralRk,8464,1908,65,0,65,16,0,1,1,4294967295
tl_coralRk,8692,1908,0,0,65,16,0,1,1,4294967295
tl_coralRk,8912,1908,0,0,65,16,0,1,1,4294967295
tl_coralRk,8740,1908,65,0,65,16,0,1,1,4294967295
tl_coralRk,8944,1908,65,0,65,16,0,1,1,4294967295
tl_coralRk,8100,716,0,0,65,16,0,1,1,4294967295
tl_coralRk,8224,716,0,0,65,16,0,1,1,4294967295
tl_coralRk,8308,716,65,0,65,16,0,1,1,4294967295
tl_coralRk,8380,716,0,0,65,16,0,1,1,4294967295
tl_coralRk,8544,720,0,0,65,16,0,1,1,4294967295
tl_coralRk,8448,716,65,0,65,16,0,1,1,4294967295
tl_coralRk,6816,700,0,0,65,16,0,1,1,4294967295
tl_coralRk,6724,700,0,0,65,16,0,1,1,4294967295
tl_coralRk,6964,700,0,0,65,16,0,1,1,4294967295
tl_coralRk,7004,700,65,0,65,16,0,1,1,4294967295
tl_coralRk,7076,700,65,0,65,16,0,1,1,4294967295
tl_coralRk,7224,700,0,0,65,16,0,1,1,4294967295
tl_coralRk,5724,908,0,0,65,16,0,1,1,4294967295
tl_coralRk,5780,908,65,0,65,16,0,1,1,4294967295
tl_coralRk,5872,908,0,0,65,16,0,1,1,4294967295
tl_coralRk,5972,908,0,0,65,16,0,1,1,4294967295
tl_coralRk,6236,1140,0,0,65,16,0,1,1,4294967295
tl_coralRk,6352,1140,0,0,65,16,0,1,1,4294967295
tl_coralRk,6404,1140,65,0,65,16,0,1,1,4294967295
tl_coralRk,6884,1300,0,0,65,16,0,1,1,4294967295
tl_coralRk,6968,1300,65,0,65,16,0,1,1,4294967295
tl_coralRk,7136,1300,0,0,65,16,0,1,1,4294967295
tl_coralRk,7248,1300,0,0,65,16,0,1,1,4294967295
tl_coralRk,7348,1300,65,0,65,16,0,1,1,4294967295
tl_coralRk,7700,1204,0,0,65,16,0,1,1,4294967295
tl_coralRk,7764,1208,0,0,65,16,0,1,1,4294967295
tl_coralRk,7832,1204,65,0,65,16,0,1,1,4294967295
tl_coralRk,7948,1204,0,0,65,16,0,1,1,4294967295
tl_coralRk,8392,1044,0,0,65,16,0,1,1,4294967295
tl_coralRk,8508,1044,0,0,65,16,0,1,1,4294967295
tl_coralRk,8580,1048,0,0,65,16,0,1,1,4294967295
tl_coralRk,6232,404,0,0,65,16,0,1,1,4294967295
tl_coralRk,6376,404,0,0,65,16,0,1,1,4294967295
tl_coralRk,6516,404,0,0,65,16,0,1,1,4294967295
tl_coralRk,6584,404,0,0,65,16,0,1,1,4294967295
tl_coralRk,6648,404,65,0,65,16,0,1,1,4294967295
tl_coralRk,6932,328,0,0,65,16,0,1,1,4294967295
tl_coralRk,7000,332,0,0,65,16,0,1,1,4294967295
tl_coralRk,7136,328,0,0,65,16,0,1,1,4294967295
tl_coralRk,7180,328,65,0,65,16,0,1,1,4294967295
tl_coralRk,7328,520,0,0,65,16,0,1,1,4294967295
tl_coralRk,7540,520,0,0,65,16,0,1,1,4294967295
tl_coralRk,7600,520,65,0,65,16,0,1,1,4294967295
tl_coralRk,7896,424,0,0,65,16,0,1,1,4294967295
tl_coralRk,9012,1212,0,0,65,16,0,1,1,4294967295
tl_coralRk,9156,1212,0,0,65,16,0,1,1,4294967295
tl_coralRk,9088,1212,65,0,65,16,0,1,1,4294967295
tl_coralRk,9772,1116,0,0,65,16,0,1,1,4294967295
tl_coralRk,9636,1116,65,0,65,16,0,1,1,4294967295
tl_coralRk,9944,796,0,0,65,16,0,1,1,4294967295
tl_coralRk,10128,796,0,0,65,16,0,1,1,4294967295
tl_coralRk,10048,796,65,0,65,16,0,1,1,4294967295
tl_coralRk,9848,244,0,0,65,16,0,1,1,4294967295
tl_coralRk,10456,468,0,0,65,16,0,1,1,4294967295
tl_coralRk,10620,468,0,0,65,16,0,1,1,4294967295
tl_coralRk,10544,468,65,0,65,16,0,1,1,4294967295
tl_coralRk,10372,468,65,0,65,16,0,1,1,4294967295
tl_coralRk,10736,340,0,0,65,16,0,1,1,4294967295
tl_coralRk,10800,348,0,0,65,16,0,1,1,4294967295
tl_coralRk,10988,340,0,0,65,16,0,1,1,4294967295
tl_coralRk,11152,340,0,0,65,16,0,1,1,4294967295
tl_coralRk,10896,340,65,0,65,16,0,1,1,4294967295
tl_coralRk,11220,340,65,0,65,16,0,1,1,4294967295
tl_coralRk,10460,892,65,0,65,16,0,1,1,4294967295
tl_coralRk,10784,892,0,0,65,16,0,1,1,4294967295
tl_coralRk,11096,796,0,0,65,16,0,1,1,4294967295
tl_coralRk,11240,796,0,0,65,16,0,1,1,4294967295
tl_coralRk,11168,796,65,0,65,16,0,1,1,4294967295
tl_coralRk,11736,340,0,0,65,16,0,1,1,4294967295
tl_coralRk,11848,340,65,0,65,16,0,1,1,4294967295
tl_coralRk,11400,668,0,0,65,16,0,1,1,4294967295
tl_coralRk,11464,668,65,0,65,16,0,1,1,4294967295
tl_coralRk,11568,668,0,0,65,16,0,1,1,4294967295
tl_coralRk,11660,668,0,0,65,16,0,1,1,4294967295
tl_coralRk,11976,580,0,0,65,16,0,1,1,4294967295
tl_coralRk,12128,580,0,0,65,16,0,1,1,4294967295
tl_coralRk,12260,580,0,0,65,16,0,1,1,4294967295
tl_coralRk,12588,484,0,0,65,16,0,1,1,4294967295
tl_coralRk,12056,580,65,0,65,16,0,1,1,4294967295
tl_coralRk,12160,580,65,0,65,16,0,1,1,4294967295
tl_coralRk,12508,484,65,0,65,16,0,1,1,4294967295
tl_coralRk,12732,484,0,0,65,16,0,1,1,4294967295
tl_coralRk,12884,484,0,0,65,16,0,1,1,4294967295
tl_coralRk,13100,484,0,0,65,16,0,1,1,4294967295
tl_coralRk,12792,484,65,0,65,16,0,1,1,4294967295
tl_coralRk,13008,484,65,0,65,16,0,1,1,4294967295
tl_coralRk,13164,484,65,0,65,16,0,1,1,4294967295
tl_coralRk,13272,184,65,0,65,16,0,1,1,4294967295
tl_coralRk,13344,184,0,0,65,16,0,1,1,4294967295
tl_coralRk,12480,236,0,0,65,16,0,1,1,4294967295
tl_coralRk,12860,140,0,0,65,16,0,1,1,4294967295
tl_coralRk,12312,236,0,0,65,16,0,1,1,4294967295
tl_coralRk,12400,236,65,0,65,16,0,1,1,4294967295
tl_coralRk,12552,236,65,0,65,16,0,1,1,4294967295
tl_coralRk,13140,268,65,0,65,16,0,1,1,4294967295
tl_coralRk,13440,312,0,0,65,16,0,1,1,4294967295
tl_coralRk,13564,312,0,0,65,16,0,1,1,4294967295
tl_coralRk,13632,316,0,0,65,16,0,1,1,4294967295
tl_coralRk,13468,312,65,0,65,16,0,1,1,4294967295
tl_coralRk,13668,312,65,0,65,16,0,1,1,4294967295
tl_coralRk,13696,68,0,0,65,16,0,1,1,4294967295
tl_coralRk,13856,68,0,0,65,16,0,1,1,4294967295
tl_coralRk,13728,68,65,0,65,16,0,1,1,4294967295
tl_coralRk,13948,72,0,0,65,16,0,1,1,4294967295
tl_coralRk,14256,168,0,0,65,16,0,1,1,4294967295
tl_coralRk,13740,860,0,0,65,16,0,1,1,4294967295
tl_coralRk,13872,860,0,0,65,16,0,1,1,4294967295
tl_coralRk,13980,860,0,0,65,16,0,1,1,4294967295
tl_coralRk,13804,860,65,0,65,16,0,1,1,4294967295
tl_coralRk,13452,764,0,0,65,16,0,1,1,4294967295
tl_coralRk,13212,764,0,0,65,16,0,1,1,4294967295
tl_coralRk,13140,764,65,0,65,16,0,1,1,4294967295
tl_coralRk,12868,860,0,0,65,16,0,1,1,4294967295
tl_coralRk,12760,860,0,0,65,16,0,1,1,4294967295
tl_coralRk,12692,860,0,0,65,16,0,1,1,4294967295
tl_coralRk,12600,860,65,0,65,16,0,1,1,4294967295
tl_coralRk,12792,860,65,0,65,16,0,1,1,4294967295
tl_coralRk,12236,956,65,0,65,16,0,1,1,4294967295
tl_coralRk,12316,956,0,0,65,16,0,1,1,4294967295
tl_coralRk,11964,860,0,0,65,16,0,1,1,4294967295
tl_coralRk,11744,860,0,0,65,16,0,1,1,4294967295
tl_coralRk,11868,860,65,0,65,16,0,1,1,4294967295
tl_coralRk,11456,1300,0,0,65,16,0,1,1,4294967295
tl_coralRk,11600,1300,0,0,65,16,0,1,1,4294967295
tl_coralRk,11524,1300,65,0,65,16,0,1,1,4294967295
tl_coralRk,11384,1620,0,0,65,16,0,1,1,4294967295
tl_coralRk,11568,1620,0,0,65,16,0,1,1,4294967295
tl_coralRk,11628,1628,0,0,65,16,0,1,1,4294967295
tl_coralRk,11480,1620,65,0,65,16,0,1,1,4294967295
tl_coralRk,11312,1764,0,0,65,16,0,1,1,4294967295
tl_coralRk,11156,1764,0,0,65,16,0,1,1,4294967295
tl_coralRk,11204,1764,65,0,65,16,0,1,1,4294967295
tl_coralRk,11872,1620,0,0,65,16,0,1,1,4294967295
tl_coralRk,11788,1620,65,0,65,16,0,1,1,4294967295
tl_coralRk,12312,1780,0,0,65,16,0,1,1,4294967295
tl_coralRk,12532,1780,0,0,65,16,0,1,1,4294967295
tl_coralRk,12440,1716,0,0,65,16,0,1,1,4294967295
tl_coralRk,12472,1716,65,0,65,16,0,1,1,4294967295
tl_coralRk,12444,1436,65,0,65,16,0,1,1,4294967295
tl_coralRk,12700,1436,0,0,65,16,0,1,1,4294967295
tl_coralRk,12596,1436,0,0,65,16,0,1,1,4294967295
tl_coralRk,12768,1212,0,0,65,16,0,1,1,4294967295
tl_coralRk,12820,1220,0,0,65,16,0,1,1,4294967295
tl_coralRk,12860,1300,0,0,65,16,0,1,1,4294967295
tl_coralRk,13120,1300,0,0,65,16,0,1,1,4294967295
tl_coralRk,13236,1304,0,0,65,16,0,1,1,4294967295
tl_coralRk,13384,1300,0,0,65,16,0,1,1,4294967295
tl_coralRk,13488,1304,0,0,65,16,0,1,1,4294967295
tl_coralRk,13588,1300,0,0,65,16,0,1,1,4294967295
tl_coralRk,13168,1300,65,0,65,16,0,1,1,4294967295
tl_coralRk,13424,1300,65,0,65,16,0,1,1,4294967295
tl_coralRk,13276,1300,65,0,65,16,0,1,1,4294967295
tl_coralRk,13728,1364,0,0,65,16,0,1,1,4294967295
tl_coralRk,13868,1364,0,0,65,16,0,1,1,4294967295
tl_coralRk,13796,1364,65,0,65,16,0,1,1,4294967295
tl_coralRk,14020,1748,0,0,65,16,0,1,1,4294967295
tl_coralRk,14164,1748,0,0,65,16,0,1,1,4294967295
tl_coralRk,14084,1748,65,0,65,16,0,1,1,4294967295
tl_coralRk,14296,1940,0,0,65,16,0,1,1,4294967295
tl_coralRk,14204,1940,0,0,65,16,0,1,1,4294967295
tl_coralRk,14060,1940,0,0,65,16,0,1,1,4294967295
tl_coralRk,13924,1940,65,0,65,16,0,1,1,4294967295
tl_coralRk,13880,1940,0,0,65,16,0,1,1,4294967295
tl_coralRk,13496,1780,0,0,65,16,0,1,1,4294967295
tl_coralRk,12996,1684,0,0,65,16,0,1,1,4294967295
tl_coralRk,13172,1684,0,0,65,16,0,1,1,4294967295
tl_coralRk,13112,1692,0,0,65,16,0,1,1,4294967295
tl_coralRk,13048,1684,65,0,65,16,0,1,1,4294967295
tl_coralRk,14700,1340,0,0,65,16,0,1,1,4294967295
tl_coralRk,14788,1340,0,0,65,16,0,1,1,4294967295
tl_coralRk,14624,1340,65,0,65,16,0,1,1,4294967295
tl_coralRk,15204,1500,0,0,65,16,0,1,1,4294967295
tl_coralRk,15412,1500,0,0,65,16,0,1,1,4294967295
tl_coralRk,15332,1500,65,0,65,16,0,1,1,4294967295
tl_coralRk,15592,1500,0,0,65,16,0,1,1,4294967295
tl_coralRk,15760,1500,0,0,65,16,0,1,1,4294967295
tl_coralRk,15872,1500,0,0,65,16,0,1,1,4294967295
tl_coralRk,15516,1500,65,0,65,16,0,1,1,4294967295
tl_coralRk,15668,1500,65,0,65,16,0,1,1,4294967295
tl_coralRk,15912,1500,65,0,65,16,0,1,1,4294967295
tl_coralRk,16060,1500,0,0,65,16,0,1,1,4294967295
tl_coralRk,16236,1500,0,0,65,16,0,1,1,4294967295
tl_coralRk,16148,1500,65,0,65,16,0,1,1,4294967295
tl_coralRk,15904,1300,0,0,65,16,0,1,1,4294967295
tl_coralRk,16060,1300,0,0,65,16,0,1,1,4294967295
tl_coralRk,15596,1300,0,0,65,16,0,1,1,4294967295
tl_coralRk,15652,1308,0,0,65,16,0,1,1,4294967295
tl_coralRk,15800,1300,0,0,65,16,0,1,1,4294967295
tl_coralRk,15716,1300,65,0,65,16,0,1,1,4294967295
tl_coralRk,15264,1300,0,0,65,16,0,1,1,4294967295
tl_coralRk,15368,1300,0,0,65,16,0,1,1,4294967295
tl_coralRk,15424,1308,0,0,65,16,0,1,1,4294967295
tl_coralRk,15484,1300,65,0,65,16,0,1,1,4294967295
tl_coralRk,15952,628,0,0,65,16,0,1,1,4294967295
tl_coralRk,16116,628,0,0,65,16,0,1,1,4294967295
tl_coralRk,15876,632,0,0,65,16,0,1,1,4294967295
tl_coralRk,16236,632,0,0,65,16,0,1,1,4294967295
tl_coralRk,16040,628,65,0,65,16,0,1,1,4294967295
tl_coralRk,16160,628,65,0,65,16,0,1,1,4294967295
tl_coralRk,15692,308,0,0,65,16,0,1,1,4294967295
tl_coralRk,15836,308,0,0,65,16,0,1,1,4294967295
tl_coralRk,15952,308,0,0,65,16,0,1,1,4294967295
tl_coralRk,15760,308,65,0,65,16,0,1,1,4294967295
tl_coralRk,15868,308,65,0,65,16,0,1,1,4294967295
tl_coralRk,14892,532,0,0,65,16,0,1,1,4294967295
tl_coralRk,14784,532,65,0,65,16,0,1,1,4294967295
tl_coralRk,15040,532,0,0,65,16,0,1,1,4294967295
tl_coralRk,15112,536,0,0,65,16,0,1,1,4294967295
tl_coralRk,15416,628,0,0,65,16,0,1,1,4294967295
tl_coralRk,15528,628,0,0,65,16,0,1,1,4294967295
tl_coralRk,15612,628,0,0,65,16,0,1,1,4294967295
tl_coralRk,16768,408,0,0,65,16,0,1,1,4294967295
tl_coralRk,16812,88,0,0,65,16,0,1,1,4294967295
tl_coralRk,15876,888,0,0,65,16,0,1,1,4294967295
tl_coralRk,15928,888,65,0,65,16,0,1,1,4294967295
tl_coralRk,16040,888,0,0,65,16,0,1,1,4294967295
tl_coralRk,16116,892,0,0,65,16,0,1,1,4294967295
tl_coralRk,16468,792,0,0,65,16,0,1,1,4294967295
tl_coralRk,16680,792,0,0,65,16,0,1,1,4294967295
tl_coralRk,16504,792,65,0,65,16,0,1,1,4294967295
tl_coralRk,16600,792,65,0,65,16,0,1,1,4294967295
tl_coralRk,17940,1292,0,0,65,16,0,1,1,4294967295
tl_coralRk,18072,1292,0,0,65,16,0,1,1,4294967295
tl_coralRk,17996,1292,65,0,65,16,0,1,1,4294967295
tl_coralRk,18252,1292,0,0,65,16,0,1,1,4294967295
tl_coralRk,18416,1292,0,0,65,16,0,1,1,4294967295
tl_coralRk,18328,1292,65,0,65,16,0,1,1,4294967295
tl_coralRk,18172,1292,65,0,65,16,0,1,1,4294967295
tl_coralRk,18508,1036,0,0,65,16,0,1,1,4294967295
tl_coralRk,18752,1036,0,0,65,16,0,1,1,4294967295
tl_coralRk,18684,1040,0,0,65,16,0,1,1,4294967295
tl_coralRk,18600,1036,65,0,65,16,0,1,1,4294967295
tl_coralRk,18940,1036,0,0,65,16,0,1,1,4294967295
tl_coralRk,18852,1044,0,0,65,16,0,1,1,4294967295
tl_coralRk,19096,1036,0,0,65,16,0,1,1,4294967295
tl_coralRk,19216,1036,0,0,65,16,0,1,1,4294967295
tl_coralRk,19020,1036,65,0,65,16,0,1,1,4294967295
tl_coralRk,19268,1036,65,0,65,16,0,1,1,4294967295
tl_coralRk,19332,1100,65,0,65,16,0,1,1,4294967295
tl_coralRk,20392,1040,0,0,65,16,0,1,1,4294967295
tl_coralRk,20540,1040,0,0,65,16,0,1,1,4294967295
tl_coralRk,20460,1040,65,0,65,16,0,1,1,4294967295
tl_coralRk,20684,1040,0,0,65,16,0,1,1,4294967295
tl_coralRk,20760,1044,0,0,65,16,0,1,1,4294967295
tl_coralRk,20920,1040,0,0,65,16,0,1,1,4294967295
tl_coralRk,21048,1040,0,0,65,16,0,1,1,4294967295
tl_coralRk,21168,1044,0,0,65,16,0,1,1,4294967295
tl_coralRk,20836,1040,65,0,65,16,0,1,1,4294967295
tl_coralRk,21076,1040,65,0,65,16,0,1,1,4294967295
tl_coralRk,22076,736,0,0,65,16,0,1,1,4294967295
tl_coralRk,22200,928,0,0,65,16,0,1,1,4294967295
tl_coralRk,22336,928,0,0,65,16,0,1,1,4294967295
tl_coralRk,22416,928,0,0,65,16,0,1,1,4294967295
tl_coralRk,22700,928,0,0,65,16,0,1,1,4294967295
tl_coralRk,22800,928,0,0,65,16,0,1,1,4294967295
tl_coralRk,22908,928,0,0,65,16,0,1,1,4294967295
tl_coralRk,22112,736,65,0,65,16,0,1,1,4294967295
tl_coralRk,22236,928,65,0,65,16,0,1,1,4294967295
tl_coralRk,22616,928,65,0,65,16,0,1,1,4294967295
tl_coralRk,14440,804,0,0,65,16,0,1,1,4294967295
tl_coralRk,14552,804,0,0,65,16,0,1,1,4294967295
tl_coralF2,8064,1136,0,0,48,64,0,1,1,4294967295
tl_coralF2,8272,1032,0,0,48,64,0,1,1,4294967295
tl_SunlightMainS,25504,1224,0,0,88,64,0,1,1,4294967295
tl_SunlightMainS,25416,1248,0,0,88,64,0,1,1,4294967295
tl_SunlightMainS,25416,1312,0,0,88,64,0,1,1,4294967295
tl_SunlightMainS,25416,1376,0,0,88,64,0,1,1,4294967295
tl_SunlightMainS,25416,1440,0,0,88,64,0,1,1,4294967295
tl_SunlightMainS,25416,1504,0,0,88,64,0,1,1,4294967295
tl_SunlightMainS,25504,1288,0,0,88,64,0,1,1,4294967295
tl_SunlightMainS,25504,1352,0,0,88,64,0,1,1,4294967295
tl_SunlightMainS,25504,1416,0,0,88,64,0,1,1,4294967295
tl_SunlightMainS,25504,1480,0,0,88,64,0,1,1,4294967295
tl_SunlightMain,25592,1244,0,0,192,64,0,1,1,4294967295
tl_SunlightMain,25784,1244,0,0,192,64,0,1,1,4294967295
tl_SunlightMain,25976,1244,0,0,192,64,0,1,1,4294967295
tl_SunlightMain,25592,1308,0,0,192,64,0,1,1,4294967295
tl_SunlightMain,25592,1372,0,0,192,64,0,1,1,4294967295
tl_SunlightMain,25592,1436,0,0,192,64,0,1,1,4294967295
tl_SunlightMain,25784,1308,0,0,192,64,0,1,1,4294967295
tl_SunlightMain,25784,1372,0,0,192,64,0,1,1,4294967295
tl_SunlightMain,25784,1436,0,0,192,64,0,1,1,4294967295
tl_SunlightMain,25976,1308,0,0,192,64,0,1,1,4294967295
tl_SunlightMain,25976,1372,0,0,192,64,0,1,1,4294967295
tl_SunlightMain,25976,1436,0,0,192,64,0,1,1,4294967295
tl_SunlightMain,25976,1500,0,0,192,64,0,1,1,4294967295
tl_SunlightMain,25976,1564,0,0,192,64,0,1,1,4294967295
tl_SunlightMain,25976,1628,0,0,192,64,0,1,1,4294967295
tl_SunlightMain,25976,1692,0,0,192,64,0,1,1,4294967295
tl_SunlightMain,25976,1756,0,0,192,64,0,1,1,4294967295
tl_SunlightMain,25976,1820,0,0,192,64,0,1,1,4294967295
tl_SunlightMain,25976,1884,0,0,192,64,0,1,1,4294967295
tl_SunlightMain,25976,1948,0,0,192,64,0,1,1,4294967295
tl_SunlightMain,25976,2012,0,0,192,64,0,1,1,4294967295
tl_SunlightMain,25976,2076,0,0,192,64,0,1,1,4294967295
tl_SunlightMain,25784,1500,0,0,192,64,0,1,1,4294967295
tl_SunlightMain,25784,1564,0,0,192,64,0,1,1,4294967295
tl_SunlightMain,25784,1628,0,0,192,64,0,1,1,4294967295
tl_SunlightMain,25784,1692,0,0,192,64,0,1,1,4294967295
tl_SunlightMain,25784,1756,0,0,192,64,0,1,1,4294967295
tl_SunlightMain,25784,1820,0,0,192,64,0,1,1,4294967295
tl_SunlightMain,25784,1884,0,0,192,64,0,1,1,4294967295
tl_SunlightMain,25784,1948,0,0,192,64,0,1,1,4294967295
tl_SunlightMain,25784,2012,0,0,192,64,0,1,1,4294967295
tl_SunlightMain,25784,2076,0,0,192,64,0,1,1,4294967295
tl_SunlightMain,27856,752,0,0,192,64,0,1,1,4294967295
tl_SunlightMain,27856,816,0,0,192,64,0,1,1,4294967295
tl_SunlightMain,27856,880,0,0,192,64,0,1,1,4294967295
tl_SunlightMain,27856,944,0,0,192,64,0,1,1,4294967295
tl_SunlightMain,27856,1008,0,0,192,64,0,1,1,4294967295
tl_SunlightSand,27044,1260,0,0,180,120,0,1,1,4294967295
tl_SunlightSand,27224,1260,0,0,180,120,0,1,1,4294967295
tl_SunlightSand,28036,1356,0,0,180,120,0,1,1,4294967295
tl_SunlightSand,28216,1356,0,0,180,120,0,1,1,4294967295
tl_SunlightSand,28396,1356,0,0,180,120,0,1,1,4294967295
tl_SunlightSand,28576,1356,0,0,180,120,0,1,1,4294967295
tl_SunlightSand,28628,1356,0,0,180,120,0,1,1,4294967295
tl_SunlightSand,28068,1476,0,0,180,120,0,1,1,4294967295
tl_SunlightSand,27212,1380,0,0,180,120,0,1,1,4294967295
tl_SunlightSand,27048,1380,0,0,180,120,0,1,1,4294967295
tl_SunlightSand,28112,1476,0,0,180,120,0,1,1,4294967295
tl_SunlightSand,28292,1476,0,0,180,120,0,1,1,4294967295
tl_SunlightSand,28472,1476,0,0,180,120,0,1,1,4294967295
tl_SunlightSand,28628,1476,0,0,180,120,0,1,1,4294967295
tl_SunlightMain,26900,448,0,0,192,64,0,1,1,4294967295
tl_SunlightMain,26900,384,0,0,192,64,0,1,1,4294967295
tl_SunlightMain,26900,320,0,0,192,64,0,1,1,4294967295
tl_SunlightMain,26900,256,0,0,192,64,0,1,1,4294967295
tl_SunlightMain,26900,192,0,0,192,64,0,1,1,4294967295
tl_SunlightMain,26900,128,0,0,192,64,0,1,1,4294967295
tl_SunlightMain,26900,64,0,0,192,64,0,1,1,4294967295
tl_SunlightMain,26900,0,0,0,192,64,0,1,1,4294967295
tl_SunlightMain,27400,680,0,0,192,64,0,1,1,4294967295
tl_SunlightMain,27400,744,0,0,192,64,0,1,1,4294967295
tl_SunlightMain,27400,808,0,0,192,64,0,1,1,4294967295
tl_SunlightMain,27400,872,0,0,192,64,0,1,1,4294967295
tl_SunlightMain,27400,936,0,0,192,64,0,1,1,4294967295
tl_SunlightMain,27400,1000,0,0,192,64,0,1,1,4294967295
tl_SunlightMain,27400,1320,0,0,192,64,0,1,1,4294967295
tl_SunlightMain,27400,1384,0,0,192,64,0,1,1,4294967295
tl_SunlightMain,27400,1448,0,0,192,64,0,1,1,4294967295
tl_SunlightMain,27856,1392,0,0,192,64,0,1,1,4294967295
tl_SunlightMain,27856,1456,0,0,192,64,0,1,1,4294967295
tl_SunlightMain,27856,1520,0,0,192,64,0,1,1,4294967295
tl_SunlightMainS,27592,660,0,0,88,64,0,1,1,4294967295
tl_SunlightMainS,27592,724,0,0,88,64,0,1,1,4294967295
tl_SunlightMainS,27592,788,0,0,88,64,0,1,1,4294967295
tl_SunlightMainS,27592,852,0,0,88,64,0,1,1,4294967295
tl_SunlightMainS,27592,916,0,0,88,64,0,1,1,4294967295
tl_SunlightMainS,27592,980,0,0,88,64,0,1,1,4294967295
tl_SunlightMainS,27680,684,0,0,88,64,0,1,1,4294967295
tl_SunlightMainS,27768,708,0,0,88,64,0,1,1,4294967295
tl_SunlightMainS,27680,748,0,0,88,64,0,1,1,4294967295
tl_SunlightMainS,27768,772,0,0,88,64,0,1,1,4294967295
tl_SunlightMainS,27680,812,0,0,88,64,0,1,1,4294967295
tl_SunlightMainS,27680,876,0,0,88,64,0,1,1,4294967295
tl_SunlightMainS,27768,836,0,0,88,64,0,1,1,4294967295
tl_SunlightMainS,27768,900,0,0,88,64,0,1,1,4294967295
tl_SunlightMainS,27680,940,0,0,88,64,0,1,1,4294967295
tl_SunlightMainS,27768,964,0,0,88,64,0,1,1,4294967295
tl_SunlightMainS,27680,1004,0,0,88,64,0,1,1,4294967295
tl_SunlightMainS,27768,1028,0,0,88,64,0,1,1,4294967295
tl_SunlightMainS,27592,1300,0,0,88,64,0,1,1,4294967295
tl_SunlightMainS,27680,1324,0,0,88,64,0,1,1,4294967295
tl_SunlightMainS,27768,1348,0,0,88,64,0,1,1,4294967295
tl_SunlightMainS,27768,1412,0,0,88,64,0,1,1,4294967295
tl_SunlightMainS,27768,1476,0,0,88,64,0,1,1,4294967295
tl_SunlightMainS,27680,1388,0,0,88,64,0,1,1,4294967295
tl_SunlightMainS,27592,1364,0,0,88,64,0,1,1,4294967295
tl_SunlightMainS,27592,1428,0,0,88,64,0,1,1,4294967295
tl_SunlightMainS,27680,1452,0,0,88,64,0,1,1,4294967295
tl_SunlightMain,28832,1084,0,0,192,64,0,1,1,4294967295
tl_SunlightMain,28832,1148,0,0,192,64,0,1,1,4294967295
tl_SunlightMain,28832,1212,0,0,192,64,0,1,1,4294967295
tl_SunlightMain,28832,1276,0,0,192,64,0,1,1,4294967295
tl_SunlightMain,28832,1340,0,0,192,64,0,1,1,4294967295
tl_SunlightMain,28832,1404,0,0,192,64,0,1,1,4294967295
tl_SunlightMain,28832,1468,0,0,192,64,0,1,1,4294967295
tl_SunlightMain,29636,64,0,0,192,64,0,1,1,4294967295
tl_SunlightMain,29636,0,0,0,192,64,0,1,1,4294967295
tl_SunlightMain,29828,0,0,0,192,64,0,1,1,4294967295
tl_SunlightMain,29828,64,0,0,192,64,0,1,1,4294967295
tl_SunlightMain,29048,852,0,0,192,64,0,1,1,4294967295
tl_SunlightMain,29048,916,0,0,192,64,0,1,1,4294967295
tl_SunlightMain,29048,980,0,0,192,64,0,1,1,4294967295
tl_SunlightMain,29048,1044,0,0,192,64,0,1,1,4294967295
tl_SunlightMain,29048,1108,0,0,192,64,0,1,1,4294967295
tl_SunlightMain,29048,1172,0,0,192,64,0,1,1,4294967295
tl_SunlightMain,29592,948,0,0,192,64,0,1,1,4294967295
tl_SunlightMain,29784,948,0,0,192,64,0,1,1,4294967295
tl_SunlightMain,29592,1012,0,0,192,64,0,1,1,4294967295
tl_SunlightMain,29592,1076,0,0,192,64,0,1,1,4294967295
tl_SunlightMain,29784,1012,0,0,192,64,0,1,1,4294967295
tl_SunlightMain,29784,1076,0,0,192,64,0,1,1,4294967295
tl_SunlightMain,29784,1140,0,0,192,64,0,1,1,4294967295
tl_SunlightMain,29592,1140,0,0,192,64,0,1,1,4294967295
tl_SunlightMain,29784,1204,0,0,192,64,0,1,1,4294967295
tl_SunlightMain,29784,1268,0,0,192,64,0,1,1,4294967295
tl_SunlightMain,29784,1332,0,0,192,64,0,1,1,4294967295
tl_SunlightMainS,29240,832,0,0,88,64,0,1,1,4294967295
tl_SunlightMainS,29328,856,0,0,88,64,0,1,1,4294967295
tl_SunlightMainS,29416,880,0,0,88,64,0,1,1,4294967295
tl_SunlightMainS,29504,904,0,0,88,64,0,1,1,4294967295
tl_SunlightMainS,29504,968,0,0,88,64,0,1,1,4294967295
tl_SunlightMainS,29504,1032,0,0,88,64,0,1,1,4294967295
tl_SunlightMainS,29504,1096,0,0,88,64,0,1,1,4294967295
tl_SunlightMainS,29416,944,0,0,88,64,0,1,1,4294967295
tl_SunlightMainS,29328,920,0,0,88,64,0,1,1,4294967295
tl_SunlightMainS,29240,896,0,0,88,64,0,1,1,4294967295
tl_SunlightMainS,29328,984,0,0,88,64,0,1,1,4294967295
tl_SunlightMainS,29240,960,0,0,88,64,0,1,1,4294967295
tl_SunlightMainS,29416,1008,0,0,88,64,0,1,1,4294967295
tl_SunlightMainS,29416,1072,0,0,88,64,0,1,1,4294967295
tl_SunlightMainS,29328,1048,0,0,88,64,0,1,1,4294967295
tl_SunlightMainS,29240,1024,0,0,88,64,0,1,1,4294967295
tl_SunlightMain,29784,1396,0,0,192,64,0,1,1,4294967295
tl_SunlightMain,29784,1460,0,0,192,64,0,1,1,4294967295
tl_SunlightSand,30000,1224,0,0,180,120,0,1,1,4294967295
tl_SunlightSand,30176,1224,0,0,180,120,0,1,1,4294967295
tl_SunlightSand,30000,1344,0,0,180,120,0,1,1,4294967295
tl_SunlightSand,30164,1344,0,0,180,120,0,1,1,4294967295
tl_SunlightMainS,30368,904,0,0,88,64,0,1,1,4294967295
tl_SunlightMainS,30456,880,0,0,88,64,0,1,1,4294967295
tl_SunlightMainS,30368,968,0,0,88,64,0,1,1,4294967295
tl_SunlightMainS,30456,944,0,0,88,64,0,1,1,4294967295
tl_SunlightMainS,30368,1032,0,0,88,64,0,1,1,4294967295
tl_SunlightMainS,30456,1008,0,0,88,64,0,1,1,4294967295
tl_SunlightMainS,30368,1096,0,0,88,64,0,1,1,4294967295
tl_SunlightMainS,30456,1072,0,0,88,64,0,1,1,4294967295
tl_SunlightMainS,30368,1160,0,0,88,64,0,1,1,4294967295
tl_SunlightMainS,30456,1136,0,0,88,64,0,1,1,4294967295
tl_SunlightMainS,30456,1200,0,0,88,64,0,1,1,4294967295
tl_SunlightMainS,30456,1264,0,0,88,64,0,1,1,4294967295
tl_SunlightMainS,30368,1224,0,0,88,64,0,1,1,4294967295
tl_SunlightMainS,30368,1288,0,0,88,64,0,1,1,4294967295
tl_SunlightMainS,30368,1352,0,0,88,64,0,1,1,4294967295
tl_SunlightMainS,30368,1416,0,0,88,64,0,1,1,4294967295
tl_SunlightMainS,30456,1328,0,0,88,64,0,1,1,4294967295
tl_SunlightMainS,30456,1392,0,0,88,64,0,1,1,4294967295
tl_SunlightMainS,30928,880,0,0,88,64,0,1,1,4294967295
tl_SunlightMainS,31016,904,0,0,88,64,0,1,1,4294967295
tl_SunlightMainS,31104,928,0,0,88,64,0,1,1,4294967295
tl_SunlightMainS,31192,952,0,0,88,64,0,1,1,4294967295
tl_SunlightMainS,31192,1016,0,0,88,64,0,1,1,4294967295
tl_SunlightMainS,31192,1080,0,0,88,64,0,1,1,4294967295
tl_SunlightMainS,31192,1144,0,0,88,64,0,1,1,4294967295
tl_SunlightMainS,31104,992,0,0,88,64,0,1,1,4294967295
tl_SunlightMainS,31016,968,0,0,88,64,0,1,1,4294967295
tl_SunlightMainS,30928,944,0,0,88,64,0,1,1,4294967295
tl_SunlightMainS,30928,1008,0,0,88,64,0,1,1,4294967295
tl_SunlightMainS,30928,1072,0,0,88,64,0,1,1,4294967295
tl_SunlightMainS,31016,1032,0,0,88,64,0,1,1,4294967295
tl_SunlightMainS,31104,1056,0,0,88,64,0,1,1,4294967295
tl_SunlightMainS,31016,1096,0,0,88,64,0,1,1,4294967295
tl_SunlightMainS,31104,1120,0,0,88,64,0,1,1,4294967295
tl_SunlightMain,30544,900,0,0,192,64,0,1,1,4294967295
tl_SunlightMain,30736,900,0,0,192,64,0,1,1,4294967295
tl_SunlightMain,30544,964,0,0,192,64,0,1,1,4294967295
tl_SunlightMain,30736,964,0,0,192,64,0,1,1,4294967295
tl_SunlightMain,30544,1028,0,0,192,64,0,1,1,4294967295
tl_SunlightMain,30736,1028,0,0,192,64,0,1,1,4294967295
tl_SunlightMain,31280,996,0,0,192,64,0,1,1,4294967295
tl_SunlightMain,30748,532,0,0,192,64,0,1,1,4294967295
tl_SunlightMain,30748,468,0,0,192,64,0,1,1,4294967295
tl_SunlightMain,30744,404,0,0,192,64,0,1,1,4294967295
tl_SunlightMain,30748,340,0,0,192,64,0,1,1,4294967295
tl_SunlightMain,30748,276,0,0,192,64,0,1,1,4294967295
tl_SunlightMain,30908,532,0,0,192,64,0,1,1,4294967295
tl_SunlightMain,30908,468,0,0,192,64,0,1,1,4294967295
tl_SunlightMain,30908,404,0,0,192,64,0,1,1,4294967295
tl_SunlightMain,30908,340,0,0,192,64,0,1,1,4294967295
tl_SunlightMain,30908,276,0,0,192,64,0,1,1,4294967295
tl_SunlightMain,30908,212,0,0,192,64,0,1,1,4294967295
tl_SunlightMain,30908,148,0,0,192,64,0,1,1,4294967295
tl_SunlightMain,30908,84,0,0,192,64,0,1,1,4294967295
tl_SunlightMain,30908,20,0,0,192,64,0,1,1,4294967295
tl_SunlightMain,30908,-44,0,0,192,64,0,1,1,4294967295
tl_SunlightMain,29592,1204,0,0,192,64,0,1,1,4294967295
tl_SunlightMain,29592,1268,0,0,192,64,0,1,1,4294967295
tl_SunlightMain,29592,1332,0,0,192,64,0,1,1,4294967295
tl_SunlightMain,29592,1396,0,0,192,64,0,1,1,4294967295
tl_SunlightMain,29592,1460,0,0,192,64,0,1,1,4294967295
tl_SunlightMain,30544,1092,0,0,192,64,0,1,1,4294967295
tl_SunlightMain,30544,1156,0,0,192,64,0,1,1,4294967295
tl_SunlightMain,30544,1220,0,0,192,64,0,1,1,4294967295
tl_SunlightMain,30544,1284,0,0,192,64,0,1,1,4294967295
tl_SunlightMain,30544,1348,0,0,192,64,0,1,1,4294967295
tl_SunlightMain,30544,1412,0,0,192,64,0,1,1,4294967295
tl_SunlightMain,29048,1236,0,0,192,64,0,1,1,4294967295
tl_SunlightMain,29048,1300,0,0,192,64,0,1,1,4294967295
tl_SunlightMain,29048,1364,0,0,192,64,0,1,1,4294967295
tl_SunlightMain,29048,1428,0,0,192,64,0,1,1,4294967295
tl_SunlightMain,29048,1492,0,0,192,64,0,1,1,4294967295
tl_SunlightMain,31280,1060,0,0,192,64,0,1,1,4294967295
tl_SunlightMain,31280,1124,0,0,192,64,0,1,1,4294967295
tl_SunlightMain,31280,1188,0,0,192,64,0,1,1,4294967295
tl_SunlightMain,31280,1252,0,0,192,64,0,1,1,4294967295
tl_SunlightMain,31280,1316,0,0,192,64,0,1,1,4294967295
tl_SunlightMain,31280,1380,0,0,192,64,0,1,1,4294967295
tl_SunlightMain,31280,1444,0,0,192,64,0,1,1,4294967295
tl_SunlightMain,31280,1508,0,0,192,64,0,1,1,4294967295
tl_SunlightMain,31280,1572,0,0,192,64,0,1,1,4294967295
tl_SunlightMain,31280,1636,0,0,192,64,0,1,1,4294967295
tl_SunlightMain,31280,1700,0,0,192,64,0,1,1,4294967295
tl_SunlightMain,31280,1764,0,0,192,64,0,1,1,4294967295
tl_SunlightMain,31280,1828,0,0,192,64,0,1,1,4294967295
tl_SunlightMain,31280,1892,0,0,192,64,0,1,1,4294967295
tl_SunlightMain,31280,1956,0,0,192,64,0,1,1,4294967295
tl_SunlightMain,31280,2020,0,0,192,64,0,1,1,4294967295
tl_SunlightMain,31280,2084,0,0,192,64,0,1,1,4294967295
tl_SunlightMainS,31192,1208,0,0,88,64,0,1,1,4294967295
tl_SunlightMainS,31192,1272,0,0,88,64,0,1,1,4294967295
tl_SunlightMainS,31192,1336,0,0,88,64,0,1,1,4294967295
tl_SunlightMainS,31192,1400,0,0,88,64,0,1,1,4294967295
tl_SunlightMainS,31192,1464,0,0,88,64,0,1,1,4294967295
tl_SunlightMainS,31192,1528,0,0,88,64,0,1,1,4294967295
tl_SunlightMainS,31192,1592,0,0,88,64,0,1,1,4294967295
tl_SunlightMainS,31192,1656,0,0,88,64,0,1,1,4294967295
tl_SunlightMainS,31192,1720,0,0,88,64,0,1,1,4294967295
tl_SunlightMainS,31192,1784,0,0,88,64,0,1,1,4294967295
tl_SunlightMainS,31192,1848,0,0,88,64,0,1,1,4294967295
tl_SunlightMainS,31192,1912,0,0,88,64,0,1,1,4294967295
tl_SunlightMainS,31192,1976,0,0,88,64,0,1,1,4294967295
tl_SunlightMainS,31192,2040,0,0,88,64,0,1,1,4294967295
tl_SunlightSand,27048,1500,0,0,180,120,0,1,1,4294967295
tl_SunlightSand,27048,1620,0,0,180,120,0,1,1,4294967295
tl_SunlightSand,27228,1500,0,0,180,120,0,1,1,4294967295
tl_SunlightSand,27228,1620,0,0,180,120,0,1,1,4294967295
tl_SunlightSand,27048,1736,0,0,180,120,0,1,1,4294967295
tl_SunlightSand,27048,1856,0,0,180,120,0,1,1,4294967295
tl_SunlightSand,27048,1976,0,0,180,120,0,1,1,4294967295
tl_SunlightSand,27228,1736,0,0,180,120,0,1,1,4294967295
tl_SunlightSand,27228,1856,0,0,180,120,0,1,1,4294967295
tl_SunlightSand,27228,1976,0,0,180,120,0,1,1,4294967295
tl_SunlightSand,27048,2092,0,0,180,120,0,1,1,4294967295
tl_SunlightSand,27228,2096,0,0,180,120,0,1,1,4294967295
tl_SunlightMain,33200,1236,0,0,192,64,0,1,1,4294967295
tl_SunlightMain,33200,1300,0,0,192,64,0,1,1,4294967295
tl_SunlightMain,33200,1364,0,0,192,64,0,1,1,4294967295
tl_SunlightMain,33200,1428,0,0,192,64,0,1,1,4294967295
tl_SunlightMain,33200,1492,0,0,192,64,0,1,1,4294967295
tl_SunlightMain,33200,1556,0,0,192,64,0,1,1,4294967295
tl_SunlightMain,33200,1620,0,0,192,64,0,1,1,4294967295
tl_SunlightMain,33200,1684,0,0,192,64,0,1,1,4294967295
tl_SunlightMain,33200,1748,0,0,192,64,0,1,1,4294967295
tl_SunlightMain,33200,1812,0,0,192,64,0,1,1,4294967295
tl_SunlightMain,33200,1876,0,0,192,64,0,1,1,4294967295
tl_SunlightMain,33200,1940,0,0,192,64,0,1,1,4294967295
tl_SunlightMain,33200,2004,0,0,192,64,0,1,1,4294967295
tl_SunlightMain,33200,2068,0,0,192,64,0,1,1,4294967295
tl_SunlightMain,34096,1428,0,0,192,64,0,1,1,4294967295
tl_SunlightMain,34288,1428,0,0,192,64,0,1,1,4294967295
tl_SunlightMain,34480,1428,0,0,192,64,0,1,1,4294967295
tl_SunlightMain,34672,1428,0,0,192,64,0,1,1,4294967295
tl_SunlightMain,34096,1492,0,0,192,64,0,1,1,4294967295
tl_SunlightMain,34288,1492,0,0,192,64,0,1,1,4294967295
tl_SunlightMain,34480,1492,0,0,192,64,0,1,1,4294967295
tl_SunlightMain,34672,1492,0,0,192,64,0,1,1,4294967295
tl_SunlightMain,34864,1428,0,0,192,64,0,1,1,4294967295
tl_SunlightMain,35056,1428,0,0,192,64,0,1,1,4294967295
tl_SunlightMain,34864,1492,0,0,192,64,0,1,1,4294967295
tl_SunlightMain,35056,1492,0,0,192,64,0,1,1,4294967295
tl_SunlightMain,34096,1556,0,0,192,64,0,1,1,4294967295
tl_SunlightMain,34288,1556,0,0,192,64,0,1,1,4294967295
tl_SunlightMain,34480,1556,0,0,192,64,0,1,1,4294967295
tl_SunlightMain,34672,1556,0,0,192,64,0,1,1,4294967295
tl_SunlightMain,34864,1556,0,0,192,64,0,1,1,4294967295
tl_SunlightMain,35248,1428,0,0,192,64,0,1,1,4294967295
tl_SunlightMain,35440,1428,0,0,192,64,0,1,1,4294967295
tl_SunlightMain,35248,1492,0,0,192,64,0,1,1,4294967295
tl_SunlightMain,35440,1492,0,0,192,64,0,1,1,4294967295
tl_SunlightMainS,33392,1216,0,0,88,64,0,1,1,4294967295
tl_SunlightMainS,33480,1240,0,0,88,64,0,1,1,4294967295
tl_SunlightMainS,33568,1264,0,0,88,64,0,1,1,4294967295
tl_SunlightMainS,33656,1288,0,0,88,64,0,1,1,4294967295
tl_SunlightMainS,33744,1312,0,0,88,64,0,1,1,4294967295
tl_SunlightMainS,33832,1336,0,0,88,64,0,1,1,4294967295
tl_SunlightMainS,33920,1360,0,0,88,64,0,1,1,4294967295
tl_SunlightMainS,34008,1384,0,0,88,64,0,1,1,4294967295
tl_SunlightMainS,33392,1280,0,0,88,64,0,1,1,4294967295
tl_SunlightMainS,33392,1344,0,0,88,64,0,1,1,4294967295
tl_SunlightMainS,33480,1304,0,0,88,64,0,1,1,4294967295
tl_SunlightMainS,33568,1328,0,0,88,64,0,1,1,4294967295
tl_SunlightMainS,33480,1368,0,0,88,64,0,1,1,4294967295
tl_SunlightMainS,33568,1392,0,0,88,64,0,1,1,4294967295
tl_SunlightMainS,33656,1352,0,0,88,64,0,1,1,4294967295
tl_SunlightMainS,33744,1376,0,0,88,64,0,1,1,4294967295
tl_SunlightMainS,33832,1400,0,0,88,64,0,1,1,4294967295
tl_SunlightMainS,33920,1424,0,0,88,64,0,1,1,4294967295
tl_SunlightMainS,34008,1448,0,0,88,64,0,1,1,4294967295
tl_SunlightMainS,34008,1512,0,0,88,64,0,1,1,4294967295
tl_SunlightMainS,34008,1576,0,0,88,64,0,1,1,4294967295
tl_SunlightMainS,33920,1488,0,0,88,64,0,1,1,4294967295
tl_SunlightMainS,33832,1464,0,0,88,64,0,1,1,4294967295
tl_SunlightMainS,33744,1440,0,0,88,64,0,1,1,4294967295
tl_SunlightMainS,33656,1416,0,0,88,64,0,1,1,4294967295
tl_SunlightMainS,33920,1552,0,0,88,64,0,1,1,4294967295
tl_SunlightMainS,33832,1528,0,0,88,64,0,1,1,4294967295
tl_SunlightMainS,33744,1504,0,0,88,64,0,1,1,4294967295
tl_SunlightMainS,33656,1480,0,0,88,64,0,1,1,4294967295
tl_SunlightMainS,33568,1456,0,0,88,64,0,1,1,4294967295
tl_SunlightMainS,33480,1432,0,0,88,64,0,1,1,4294967295
tl_SunlightMainS,33392,1408,0,0,88,64,0,1,1,4294967295
tl_SunlightMainS,33392,1472,0,0,88,64,0,1,1,4294967295
tl_SunlightMainS,33392,1536,0,0,88,64,0,1,1,4294967295
tl_SunlightMainS,33392,1600,0,0,88,64,0,1,1,4294967295
tl_SunlightMainS,33392,1664,0,0,88,64,0,1,1,4294967295
tl_SunlightMainS,33392,1728,0,0,88,64,0,1,1,4294967295
tl_SunlightMainS,33392,1792,0,0,88,64,0,1,1,4294967295
tl_SunlightMainS,33392,1856,0,0,88,64,0,1,1,4294967295
tl_SunlightMainS,33392,1920,0,0,88,64,0,1,1,4294967295
tl_SunlightMainS,33392,1984,0,0,88,64,0,1,1,4294967295
tl_SunlightMainS,33392,2048,0,0,88,64,0,1,1,4294967295
tl_SunlightMain,41848,1428,0,0,192,64,0,1,1,4294967295
tl_SunlightMain,41848,1492,0,0,192,64,0,1,1,4294967295
tl_SunlightMain,41848,1556,0,0,192,64,0,1,1,4294967295
tl_SunlightMain,41848,1620,0,0,192,64,0,1,1,4294967295
tl_SunlightMain,41848,1684,0,0,192,64,0,1,1,4294967295
tl_SunlightMain,41848,1748,0,0,192,64,0,1,1,4294967295
tl_SunlightMain,41848,1812,0,0,192,64,0,1,1,4294967295
tl_SunlightMain,41848,1876,0,0,192,64,0,1,1,4294967295
tl_SunlightMain,41848,1940,0,0,192,64,0,1,1,4294967295
tl_SunlightMain,41848,2004,0,0,192,64,0,1,1,4294967295
tl_SunlightMain,41848,2068,0,0,192,64,0,1,1,4294967295
tl_SunlightMain,41656,1428,0,0,192,64,0,1,1,4294967295
tl_SunlightMain,41656,1492,0,0,192,64,0,1,1,4294967295
tl_SunlightMain,41656,1556,0,0,192,64,0,1,1,4294967295
tl_SunlightMain,41656,1620,0,0,192,64,0,1,1,4294967295
tl_SunlightMain,41656,1684,0,0,192,64,0,1,1,4294967295
tl_SunlightMain,41656,1748,0,0,192,64,0,1,1,4294967295
tl_SunlightMain,41656,1812,0,0,192,64,0,1,1,4294967295
tl_SunlightMain,41656,1876,0,0,192,64,0,1,1,4294967295
tl_SunlightMain,41656,1940,0,0,192,64,0,1,1,4294967295
tl_SunlightMain,41656,2004,0,0,192,64,0,1,1,4294967295
tl_SunlightMain,41656,2068,0,0,192,64,0,1,1,4294967295
tl_SunlightSand,43084,1840,0,0,180,120,0,1,1,4294967295
tl_SunlightSand,43008,1840,0,0,180,120,0,1,1,4294967295
tl_SunlightSand,43008,1960,0,0,180,120,0,1,1,4294967295
tl_SunlightSand,43188,1960,0,0,180,120,0,1,1,4294967295
tl_SunlightSand,43264,1844,0,0,180,120,0,1,1,4294967295
tl_SunlightSand,43368,1964,0,0,180,120,0,1,1,4294967295
tl_SunlightSand,43444,1880,0,0,180,120,0,1,1,4294967295
tl_SunlightSand,43580,1888,0,0,180,120,0,1,1,4294967295
tl_SunlightSand,43548,2000,0,0,180,120,0,1,1,4294967295
tl_SunlightSand,43580,2004,0,0,180,120,0,1,1,4294967295
tl_SunlightSand,43008,2080,0,0,180,120,0,1,1,4294967295
tl_SunlightSand,43188,2080,0,0,180,120,0,1,1,4294967295
tl_SunlightSand,43368,2084,0,0,180,120,0,1,1,4294967295
tl_SunlightMainS,37544,1408,0,0,88,64,0,1,1,4294967295
tl_SunlightMainS,37456,1432,0,0,88,64,0,1,1,4294967295
tl_SunlightMainS,37544,1472,0,0,88,64,0,1,1,4294967295
tl_SunlightMainS,37456,1496,0,0,88,64,0,1,1,4294967295
tl_SunlightMainS,37456,1560,0,0,88,64,0,1,1,4294967295
tl_SunlightMainS,37456,1624,0,0,88,64,0,1,1,4294967295
tl_SunlightMainS,37456,1688,0,0,88,64,0,1,1,4294967295
tl_SunlightMainS,37456,1752,0,0,88,64,0,1,1,4294967295
tl_SunlightMainS,37544,1536,0,0,88,64,0,1,1,4294967295
tl_SunlightMainS,37544,1600,0,0,88,64,0,1,1,4294967295
tl_SunlightMainS,37544,1664,0,0,88,64,0,1,1,4294967295
tl_SunlightMainS,37544,1728,0,0,88,64,0,1,1,4294967295
tl_SunlightMainS,38984,1384,0,0,88,64,0,1,1,4294967295
tl_SunlightMainS,39456,1384,0,0,88,64,0,1,1,4294967295
tl_SunlightSand,47168,1652,0,0,180,120,0,1,1,4294967295
tl_SunlightSand,47000,1536,0,0,180,120,0,1,1,4294967295
tl_SunlightSand,46848,1536,0,0,180,120,0,1,1,4294967295
tl_SunlightSand,46668,1536,0,0,180,120,0,1,1,4294967295
tl_SunlightSand,46564,1568,0,0,180,120,0,1,1,4294967295
tl_SunlightSand,45856,1676,0,0,180,120,0,1,1,4294967295
tl_SunlightSand,46028,1676,0,0,180,120,0,1,1,4294967295
tl_SunlightSand,46144,1660,0,0,180,120,0,1,1,4294967295
tl_SunlightSand,46228,1644,0,0,180,120,0,1,1,4294967295
tl_SunlightSand,46316,1620,0,0,180,120,0,1,1,4294967295
tl_SunlightSand,46432,1596,0,0,180,120,0,1,1,4294967295
tl_SunlightSand,45856,1796,0,0,180,120,0,1,1,4294967295
tl_SunlightSand,46036,1796,0,0,180,120,0,1,1,4294967295
tl_SunlightSand,46208,1780,0,0,180,120,0,1,1,4294967295
tl_SunlightSand,46324,1764,0,0,180,120,0,1,1,4294967295
tl_SunlightSand,46408,1740,0,0,180,120,0,1,1,4294967295
tl_SunlightSand,46496,1716,0,0,180,120,0,1,1,4294967295
tl_SunlightSand,46612,1688,0,0,180,120,0,1,1,4294967295
tl_SunlightSand,46740,1656,0,0,180,120,0,1,1,4294967295
tl_SunlightSand,46920,1656,0,0,180,120,0,1,1,4294967295
tl_SunlightSand,47100,1656,0,0,180,120,0,1,1,4294967295
tl_SunlightSand,47164,1532,0,0,180,120,0,1,1,4294967295
tl_SunlightMain,39072,1404,0,0,192,64,0,1,1,4294967295
tl_SunlightMain,39264,1404,0,0,192,64,0,1,1,4294967295
tl_SunlightMain,36784,1428,0,0,192,64,0,1,1,4294967295
tl_SunlightMain,36784,1492,0,0,192,64,0,1,1,4294967295
tl_SunlightMain,36592,1428,0,0,192,64,0,1,1,4294967295
tl_SunlightMain,45792,1284,0,0,192,64,0,1,1,4294967295
tl_SunlightMain,45600,1284,0,0,192,64,0,1,1,4294967295
tl_SunlightMain,45408,1284,0,0,192,64,0,1,1,4294967295
tl_SunlightMain,45792,1220,0,0,192,64,0,1,1,4294967295
tl_SunlightMain,45600,1220,0,0,192,64,0,1,1,4294967295
tl_SunlightMain,45792,1156,0,0,192,64,0,1,1,4294967295
tl_SunlightMain,45792,1092,0,0,192,64,0,1,1,4294967295
tl_SunlightMain,45792,1028,0,0,192,64,0,1,1,4294967295
tl_SunlightMain,45792,964,0,0,192,64,0,1,1,4294967295
tl_SunlightMain,45792,900,0,0,192,64,0,1,1,4294967295
tl_SunlightMain,45600,1156,0,0,192,64,0,1,1,4294967295
tl_SunlightMain,45600,1092,0,0,192,64,0,1,1,4294967295
tl_SunlightMain,45600,1028,0,0,192,64,0,1,1,4294967295
tl_SunlightMain,45600,964,0,0,192,64,0,1,1,4294967295
tl_SunlightMain,45600,900,0,0,192,64,0,1,1,4294967295
tl_SunlightMain,45408,1220,0,0,192,64,0,1,1,4294967295
tl_SunlightMain,45216,1284,0,0,192,64,0,1,1,4294967295
tl_SunlightMain,45216,1220,0,0,192,64,0,1,1,4294967295
tl_SunlightMain,45408,1156,0,0,192,64,0,1,1,4294967295
tl_SunlightMain,45216,1156,0,0,192,64,0,1,1,4294967295
tl_SunlightMain,44760,1368,0,0,192,64,0,1,1,4294967295
tl_SunlightMain,44760,1304,0,0,192,64,0,1,1,4294967295
tl_SunlightMain,44760,1240,0,0,192,64,0,1,1,4294967295
tl_SunlightMain,44760,1176,0,0,192,64,0,1,1,4294967295
tl_SunlightMain,44568,1368,0,0,192,64,0,1,1,4294967295
tl_SunlightMain,44568,1304,0,0,192,64,0,1,1,4294967295
tl_SunlightMain,44568,1240,0,0,192,64,0,1,1,4294967295
tl_SunlightMain,44568,1176,0,0,192,64,0,1,1,4294967295
tl_SunlightMain,44376,1368,0,0,192,64,0,1,1,4294967295
tl_SunlightMain,44376,1304,0,0,192,64,0,1,1,4294967295
tl_SunlightMain,44376,1240,0,0,192,64,0,1,1,4294967295
tl_SunlightMain,44376,1176,0,0,192,64,0,1,1,4294967295
tl_SunlightMain,44184,1368,0,0,192,64,0,1,1,4294967295
tl_SunlightMain,43992,1368,0,0,192,64,0,1,1,4294967295
tl_SunlightMain,43800,1368,0,0,192,64,0,1,1,4294967295
tl_SunlightMain,43608,1368,0,0,192,64,0,1,1,4294967295
tl_SunlightMain,43392,1368,0,0,192,64,0,1,1,4294967295
tl_SunlightMain,43200,1368,0,0,192,64,0,1,1,4294967295
tl_SunlightMain,43008,1368,0,0,192,64,0,1,1,4294967295
tl_SunlightMain,43008,1304,0,0,192,64,0,1,1,4294967295
tl_SunlightMain,43200,1304,0,0,192,64,0,1,1,4294967295
tl_SunlightMain,43392,1304,0,0,192,64,0,1,1,4294967295
tl_SunlightMain,43008,1240,0,0,192,64,0,1,1,4294967295
tl_SunlightMain,43200,1240,0,0,192,64,0,1,1,4294967295
tl_SunlightMain,43392,1240,0,0,192,64,0,1,1,4294967295
tl_SunlightMain,43608,1304,0,0,192,64,0,1,1,4294967295
tl_SunlightMain,43800,1304,0,0,192,64,0,1,1,4294967295
tl_SunlightMain,43992,1304,0,0,192,64,0,1,1,4294967295
tl_SunlightMain,44184,1304,0,0,192,64,0,1,1,4294967295
tl_SunlightMain,44184,1240,0,0,192,64,0,1,1,4294967295
tl_SunlightMain,43992,1240,0,0,192,64,0,1,1,4294967295
tl_SunlightMain,43800,1240,0,0,192,64,0,1,1,4294967295
tl_SunlightMain,43608,1240,0,0,192,64,0,1,1,4294967295
tl_SunlightMainS,44952,1364,0,0,88,64,0,1,1,4294967295
tl_SunlightMainS,45040,1336,0,0,88,64,0,1,1,4294967295
tl_SunlightMainS,45128,1308,0,0,88,64,0,1,1,4294967295
tl_SunlightMainS,44952,1300,0,0,88,64,0,1,1,4294967295
tl_SunlightMainS,44952,1236,0,0,88,64,0,1,1,4294967295
tl_SunlightMainS,45040,1272,0,0,88,64,0,1,1,4294967295
tl_SunlightMainS,45128,1244,0,0,88,64,0,1,1,4294967295
tl_SunlightMainS,45040,1208,0,0,88,64,0,1,1,4294967295
tl_SunlightMainS,45128,1180,0,0,88,64,0,1,1,4294967295
tl_SunlightMainS,44952,1172,0,0,88,64,0,1,1,4294967295
tl_SunlightMainS,45040,1144,0,0,88,64,0,1,1,4294967295
tl_SunlightMainS,43584,1368,0,0,88,64,0,1,1,4294967295
tl_SunlightMainS,43584,1304,0,0,88,64,0,1,1,4294967295
tl_SunlightMainS,43584,1240,0,0,88,64,0,1,1,4294967295
tl_SunlightWB,27076,1264,0,0,192,59,0,1,1,4294967295
tl_SunlightWB,27204,1264,0,0,192,59,0,1,1,4294967295
tl_SunlightWF,27024,1280,0,0,256,62,0,1,1,4294967295
tl_coralRk,54680,1040,0,0,65,16,0,1,1,4294967295
tl_coralRk,54760,1040,65,0,65,16,0,1,1,4294967295
tl_coralRk,54896,1040,65,0,65,16,0,1,1,4294967295
tl_coralRk,54852,1040,0,0,65,16,0,1,1,4294967295
tl_coralRk,55264,1136,0,0,65,16,0,1,1,4294967295
tl_coralRk,55312,1144,0,0,65,16,0,1,1,4294967295
tl_coralRk,55404,1136,0,0,65,16,0,1,1,4294967295
tl_coralRk,55476,1136,65,0,65,16,0,1,1,4294967295
tl_coralRk,55568,1136,0,0,65,16,0,1,1,4294967295
tl_coralRk,55644,1136,0,0,65,16,0,1,1,4294967295
tl_coralRk,55804,1136,0,0,65,16,0,1,1,4294967295
tl_coralRk,55876,1136,65,0,65,16,0,1,1,4294967295
tl_coralRk,55964,1136,0,0,65,16,0,1,1,4294967295
tl_coralRk,56188,1136,0,0,65,16,0,1,1,4294967295
tl_coralRk,56296,1136,65,0,65,16,0,1,1,4294967295
tl_coralRk,56404,1136,0,0,65,16,0,1,1,4294967295
tl_coralRk,56476,1136,0,0,65,16,0,1,1,4294967295
tl_coralRk,56548,1144,0,0,65,16,0,1,1,4294967295
tl_coralRk,56592,1136,65,0,65,16,0,1,1,4294967295
tl_coralRk,56700,1136,0,0,65,16,0,1,1,4294967295
tl_coralRk,54352,664,0,0,65,16,0,1,1,4294967295
tl_coralRk,54380,664,65,0,65,16,0,1,1,4294967295
tl_coralF2,7568,1176,0,0,48,64,0,1,1,4294967295
tl_coralF2,7568,1240,0,64,48,64,0,1,1,4294967295
