tl_coralM2,7360,636,0,0,128,128,0,1,1,4294967295
tl_RailEnds1,3480,248,0,0,22,16,0,1,1,4294967295
tl_RailEnds1,4048,444,22,0,22,16,0,1,1,4294967295
tl_coralM3,11156,1588,0,0,256,256,0,1,1,4294967295
tl_coralM3,11412,1556,0,0,256,256,0,1,1,4294967295
tl_coralM3,11156,1332,0,0,256,256,0,1,1,4294967295
tl_coralMEd,11668,1556,24,0,24,256,0,1,1,4294967295
tl_coralM4,12312,1352,0,0,128,128,0,1,1,4294967295
tl_coralM4,12440,1352,0,0,128,128,0,1,1,4294967295
tl_coralM4,12568,1352,0,0,128,128,0,1,1,4294967295
tl_coralM4,12696,1352,0,0,128,128,0,1,1,4294967295
tl_coralMEd2,12296,1480,0,24,256,24,0,1,1,4294967295
tl_coralMEd2,12584,1328,0,0,256,24,0,1,1,4294967295
tl_PoleSwing,9730,793,0,0,4,100,0,1,1,4294967295
tl_PoleSwing,9730,892,0,100,4,100,0,1,1,4294967295
tl_PoleSwing,9730,992,0,100,4,100,0,1,1,4294967295
tl_PoleSwing,9730,1056,0,100,4,100,0,1,1,4294967295
tl_coralM3,24056,552,0,0,256,256,0,1,1,4294967295
tl_coralM3,23800,552,0,0,256,256,0,1,1,4294967295
tl_coralMEd,23776,520,0,0,24,256,0,1,1,4294967295
tl_ShipInt,48188,1020,0,0,512,256,0,1,1,4294967295
tl_ShipInt,48700,1020,0,0,512,256,0,1,1,4294967295
tl_ShipInt2,48380,1276,0,0,64,64,0,1,1,4294967295
tl_ShipInt2,48380,1340,0,64,64,64,0,1,1,4294967295
tl_ShipInt2,48380,1404,0,64,64,64,0,1,1,4294967295
tl_ShipInt2,48444,1340,0,64,64,64,0,1,1,4294967295
tl_ShipInt2,48444,1404,0,64,64,64,0,1,1,4294967295
tl_ShipInt2,48444,1276,0,0,64,64,0,1,1,4294967295
tl_ShipInt,48700,700,0,0,512,256,0,1,1,4294967295
tl_ShipInt,48188,700,0,0,512,256,0,1,1,4294967295
tl_ShipInt2,49060,956,0,0,64,64,0,1,1,4294967295
tl_ShipInt2,49100,956,0,0,64,64,0,1,1,4294967295
tl_ShipInt,48188,380,0,0,512,256,0,1,1,4294967295
tl_ShipInt2,48188,636,0,0,64,64,0,1,1,4294967295
tl_ShipInt2,48252,636,0,0,64,64,0,1,1,4294967295
tl_ShipInt,48700,380,0,0,512,256,0,1,1,4294967295
tl_ShipInt,49212,380,0,0,512,256,0,1,1,4294967295
tl_ShipInt,49920,764,0,0,512,256,0,1,1,4294967295
tl_ShipInt2,49792,700,0,64,64,64,0,1,1,4294967295
tl_ShipInt2,50108,700,0,64,64,64,0,1,1,4294967295
tl_ShipInt,49724,380,0,0,512,256,0,1,1,4294967295
tl_ShipInt2,49796,636,0,64,64,64,0,1,1,4294967295
tl_ShipInt2,49796,572,0,64,64,64,0,1,1,4294967295
tl_ShipInt2,49732,508,0,64,64,64,0,1,1,4294967295
tl_ShipInt2,49796,508,0,64,64,64,0,1,1,4294967295
tl_ShipInt2,49732,444,0,0,64,64,0,1,1,4294967295
tl_ShipInt2,49796,444,0,0,64,64,0,1,1,4294967295
tl_ShipInt2,50108,636,0,64,64,64,0,1,1,4294967295
tl_ShipInt2,50108,572,0,64,64,64,0,1,1,4294967295
tl_ShipInt2,50108,508,0,64,64,64,0,1,1,4294967295
tl_ShipInt2,50108,444,0,64,64,64,0,1,1,4294967295
tl_ShipInt2,50172,700,0,64,64,64,0,1,1,4294967295
tl_ShipInt2,50172,636,0,64,64,64,0,1,1,4294967295
tl_ShipInt2,50172,572,0,64,64,64,0,1,1,4294967295
tl_ShipInt2,50172,508,0,64,64,64,0,1,1,4294967295
tl_ShipInt,50108,124,0,0,512,256,0,1,1,4294967295
tl_ShipInt,50108,-132,0,0,512,256,0,1,1,4294967295
tl_PoleSwing,48539,485,0,0,4,100,0,1,1,4294967295
tl_ShipInt,49408,764,0,0,512,256,0,1,1,4294967295
tl_SunlightT,25208,1116,82,0,82,175,0,1,1,4294967295
tl_SunlightT,25316,1116,328,0,82,175,0,1,1,4294967295
tl_SunlightT,25132,1132,0,0,82,175,0,1,1,4294967295
tl_SunlightT,27052,1028,328,0,82,175,0,1,1,4294967295
tl_SunlightT,27140,1032,82,0,82,175,0,1,1,4294967295
tl_SunlightT,27268,1032,0,0,82,175,0,1,1,4294967295
tl_SunlightWB,43044,1732,0,0,192,59,0,1,1,4294967295
tl_SunlightWB,43272,1768,0,0,192,59,0,1,1,4294967295
tl_SunlightWB,43540,1776,0,0,192,59,0,1,1,4294967295
tl_SunlightWB,45896,1572,0,0,192,59,0,1,1,4294967295
tl_SunlightWB,46168,1556,0,0,192,59,0,1,1,4294967295
tl_SunlightWB,46400,1512,0,0,192,59,0,1,1,4294967295
tl_SunlightWB,46720,1448,0,0,192,59,0,1,1,4294967295
tl_SunlightWB,46948,1428,0,0,192,59,0,1,1,4294967295
tl_SunlightWB,47176,1432,0,0,192,59,0,1,1,4294967295
tl_SunlightWB,47344,1492,0,0,192,59,0,1,1,4294967295
tl_SunlightRk,43612,1812,0,0,42,21,0,1,1,4294967295
tl_SunlightRk,43164,1764,0,0,42,21,0,1,1,4294967295
tl_SunlightRk,46020,1604,0,0,42,21,0,1,1,4294967295
tl_SunlightRk,46288,1568,0,0,42,21,0,1,1,4294967295
tl_SunlightRk,46872,1460,0,0,42,21,0,1,1,4294967295
tl_SunlightRk,47228,1460,0,0,42,21,0,1,1,4294967295
tl_SunlightRk,47472,1520,0,0,42,21,0,1,1,4294967295
tl_SunlightW,43024,1764,0,0,59,22,0,1,1,4294967295
tl_SunlightW,43412,1804,0,0,59,22,0,1,1,4294967295
tl_SunlightW,43524,1812,0,0,59,22,0,1,1,4294967295
tl_SunlightW,45888,1604,0,0,59,22,0,1,1,4294967295
tl_SunlightW,46148,1596,0,0,59,22,0,1,1,4294967295
tl_SunlightW,46568,1512,0,0,59,22,0,1,1,4294967295
tl_SunlightW,46748,1472,0,0,59,22,0,1,1,4294967295
tl_SunlightW,47104,1460,0,0,59,22,0,1,1,4294967295
tl_RailStands,52672,948,15,0,5,96,0,1,1,4294967295
tl_RailStands,52672,1044,15,0,5,96,0,1,1,4294967295
tl_RailStands,53000,852,15,0,5,96,0,1,1,4294967295
tl_RailStands,53000,948,15,0,5,96,0,1,1,4294967295
tl_RailStands,53000,1044,15,0,5,96,0,1,1,4294967295
tl_RailStands,53568,980,15,0,5,96,0,1,1,4294967295
tl_RailStands,53568,1076,15,0,5,96,0,1,1,4294967295
tl_RailStands,53568,1172,15,0,5,96,0,1,1,4294967295
tl_RailStands,53568,1268,15,0,5,96,0,1,1,4294967295
tl_RailStands,53568,1364,15,0,5,96,0,1,1,4294967295
tl_RailStands,53568,1460,15,0,5,96,0,1,1,4294967295
tl_RailStands,54152,1076,15,0,5,96,0,1,1,4294967295
tl_RailStands,54152,1168,15,0,5,96,0,1,1,4294967295
tl_RailStands,54152,1264,15,0,5,96,0,1,1,4294967295
tl_RailStands,53568,1556,15,0,5,96,0,1,1,4294967295
tl_RailStands,54152,1360,15,0,5,96,0,1,1,4294967295
tl_RailStands,54152,1456,15,0,5,96,0,1,1,4294967295
tl_RailStands,54152,1552,15,0,5,96,0,1,1,4294967295
tl_RailStands,54152,1644,15,0,5,96,0,1,1,4294967295
tl_RailStands,54152,1740,15,0,5,96,0,1,1,4294967295
tl_RailStands,54152,1832,15,0,5,96,0,1,1,4294967295
tl_RailStands,54152,1928,15,0,5,96,0,1,1,4294967295
tl_RailStands,54152,2024,15,0,5,96,0,1,1,4294967295
tl_RailStands,53568,1652,15,0,5,96,0,1,1,4294967295
tl_RailStands,53568,1748,15,0,5,96,0,1,1,4294967295
tl_RailStands,53568,1844,15,0,5,96,0,1,1,4294967295
tl_RailStands,53568,1940,15,0,5,96,0,1,1,4294967295
tl_RailStands,53568,2036,15,0,5,96,0,1,1,4294967295
tl_RailStandsE,28180,916,5,0,5,32,0,1,1,4294967295
tl_RailStandsE,28652,1012,5,0,5,32,0,1,1,4294967295
tl_RailStands,28180,948,5,0,5,96,0,1,1,4294967295
tl_RailStands,28180,1044,5,0,5,96,0,1,1,4294967295
tl_RailStands,28180,1140,5,0,5,96,0,1,1,4294967295
tl_RailStands,28180,1236,5,0,5,96,0,1,1,4294967295
tl_RailStands,28652,1020,5,0,5,96,0,1,1,4294967295
tl_RailStandsE,52672,916,15,0,5,32,0,1,1,4294967295
tl_RailStandsE,53000,852,15,0,5,32,0,1,1,4294967295
tl_RailStandsE,53568,948,15,0,5,32,0,1,1,4294967295
tl_RailStandsE,54152,1044,15,0,5,32,0,1,1,4294967295
tl_RailStandsE,3544,248,15,0,5,32,0,1,1,4294967295
tl_RailStandsE,3976,444,15,0,5,32,0,1,1,4294967295
tl_RailStands,3544,280,15,0,5,96,0,1,1,4294967295
tl_RailStands,3544,376,15,0,5,96,0,1,1,4294967295
tl_RailStands,3544,468,15,0,5,96,0,1,1,4294967295
tl_RailStands,3544,564,15,0,5,96,0,1,1,4294967295
tl_RailStands,3544,660,15,0,5,96,0,1,1,4294967295
tl_RailStands,3976,476,15,0,5,96,0,1,1,4294967295
tl_RailStands,3976,572,15,0,5,96,0,1,1,4294967295
tl_RailStands,3976,664,15,0,5,96,0,1,1,4294967295
tl_RailStands,3976,760,15,0,5,96,0,1,1,4294967295
tl_RailStands,3976,856,15,0,5,96,0,1,1,4294967295
tl_RailStands,3976,940,15,0,5,96,0,1,1,4294967295
tl_RailStands,8260,172,15,0,5,96,0,1,1,4294967295
tl_RailStands,8260,268,15,0,5,96,0,1,1,4294967295
tl_RailStands,8260,364,15,0,5,96,0,1,1,4294967295
tl_RailStands,8260,460,15,0,5,96,0,1,1,4294967295
tl_RailStands,8260,556,15,0,5,96,0,1,1,4294967295
tl_RailStands,8260,648,15,0,5,96,0,1,1,4294967295
tl_RailStands,8484,172,15,0,5,96,0,1,1,4294967295
tl_RailStands,8484,268,15,0,5,96,0,1,1,4294967295
tl_RailStands,8484,364,15,0,5,96,0,1,1,4294967295
tl_RailStands,8484,460,15,0,5,96,0,1,1,4294967295
tl_RailStands,8484,556,15,0,5,96,0,1,1,4294967295
tl_RailStands,8484,652,15,0,5,96,0,1,1,4294967295
tl_RailStandsE,8260,172,15,0,5,32,0,1,1,4294967295
tl_RailStandsE,8484,172,15,0,5,32,0,1,1,4294967295
tl_RailStandsE,8908,268,15,0,5,32,0,1,1,4294967295
tl_RailStandsE,9300,268,15,0,5,32,0,1,1,4294967295
tl_RailEnds1,9800,268,22,0,22,16,0,1,1,4294967295
tl_RailStands,8908,300,15,0,5,96,0,1,1,4294967295
tl_RailStands,9300,300,15,0,5,96,0,1,1,4294967295
tl_RailStands,9300,396,15,0,5,96,0,1,1,4294967295
tl_RailStands,9300,492,15,0,5,96,0,1,1,4294967295
tl_RailStands,9300,588,15,0,5,96,0,1,1,4294967295
tl_RailStands,9300,684,15,0,5,96,0,1,1,4294967295
tl_RailStands,9300,780,15,0,5,96,0,1,1,4294967295
tl_RailStands,9300,876,15,0,5,96,0,1,1,4294967295
tl_RailStands,9300,968,15,0,5,96,0,1,1,4294967295
tl_RailStands,9300,1064,15,0,5,96,0,1,1,4294967295
tl_RailStands,9300,1160,15,0,5,96,0,1,1,4294967295
tl_RailStands,8908,396,15,0,5,96,0,1,1,4294967295
tl_RailStands,8908,492,15,0,5,96,0,1,1,4294967295
tl_RailStands,8908,588,15,0,5,96,0,1,1,4294967295
tl_RailStands,8908,684,15,0,5,96,0,1,1,4294967295
tl_RailStands,8908,780,15,0,5,96,0,1,1,4294967295
tl_RailStands,8908,876,15,0,5,96,0,1,1,4294967295
tl_RailStands,8908,972,15,0,5,96,0,1,1,4294967295
tl_RailStands,8908,1068,15,0,5,96,0,1,1,4294967295
tl_RailStands,8908,1164,15,0,5,96,0,1,1,4294967295
tl_RailStands,8908,1196,15,0,5,96,0,1,1,4294967295
