tl_coralM,0,1004,0,0,256,256,0,1,1,4294967295
tl_coralM,196,1068,0,0,256,256,0,1,1,4294967295
tl_coralM,320,1132,0,0,256,256,0,1,1,4294967295
tl_coralM,448,1196,0,0,256,256,0,1,1,4294967295
tl_coralM,576,1260,0,0,256,256,0,1,1,4294967295
tl_coralM,832,1292,0,0,256,256,0,1,1,4294967295
tl_coralM,1088,1292,0,0,256,256,0,1,1,4294967295
tl_coralM,1216,1292,0,0,256,256,0,1,1,4294967295
tl_coralM3,0,736,0,0,256,256,0,1,1,4294967295
tl_coralM,-12,544,0,0,256,256,0,1,1,4294967295
tl_coralM,0,456,0,0,256,256,0,1,1,4294967295
tl_coralM,128,456,0,0,256,256,0,1,1,4294967295
tl_coralM,0,216,0,0,256,256,0,1,1,4294967295
tl_coralM,128,216,0,0,256,256,0,1,1,4294967295
tl_coralMEd,256,736,24,0,24,256,0,1,1,4294967295
tl_coralM,128,496,0,0,256,256,0,1,1,4294967295
tl_coralM,1216,1548,0,0,256,256,0,1,1,4294967295
tl_coralM,1216,1804,0,0,256,256,0,1,1,4294967295
tl_coralM,1216,2060,0,0,256,256,0,1,1,4294967295
tl_coralM,2212,1292,0,0,256,256,0,1,1,4294967295
tl_coralM,2212,1548,0,0,256,256,0,1,1,4294967295
tl_coralM,2212,1804,0,0,256,256,0,1,1,4294967295
tl_coralM,2212,2060,0,0,256,256,0,1,1,4294967295
tl_coralM,2532,908,0,0,256,256,0,1,1,4294967295
tl_coralM,2532,1164,0,0,256,256,0,1,1,4294967295
tl_coralM3,2380,652,0,0,256,256,0,1,1,4294967295
tl_coralM3,2636,620,0,0,256,256,0,1,1,4294967295
tl_coralMEd2,2268,908,0,24,256,24,0,1,1,4294967295
tl_coralM,2124,740,0,0,256,256,0,1,1,4294967295
tl_coralM,2124,484,0,0,256,256,0,1,1,4294967295
tl_coralM,2368,424,0,0,256,256,0,1,1,4294967295
tl_coralM,2464,424,0,0,256,256,0,1,1,4294967295
tl_coralM,2776,844,0,0,256,256,0,1,1,4294967295
tl_coralM,2788,1100,0,0,256,256,0,1,1,4294967295
tl_coralM,3032,1004,0,0,256,256,0,1,1,4294967295
tl_coralM,2608,396,0,0,256,256,0,1,1,4294967295
tl_coralM2,2764,476,0,0,128,128,0,1,1,4294967295
tl_coralM,3076,544,0,0,256,256,0,1,1,4294967295
tl_coralM,3096,272,0,0,256,256,0,1,1,4294967295
tl_coralM,3160,304,0,0,256,256,0,1,1,4294967295
tl_coralM2,3096,528,0,0,128,128,0,1,1,4294967295
tl_coralM2,3288,516,0,0,128,128,0,1,1,4294967295
tl_coralM2,2540,-52,0,0,128,128,0,1,1,4294967295
tl_coralM2,2668,-100,0,0,128,128,0,1,1,4294967295
tl_coralM2,2424,-72,0,0,128,128,0,1,1,4294967295
tl_coralM,2220,228,0,0,256,256,0,1,1,4294967295
tl_coralM,2220,-28,0,0,256,256,0,1,1,4294967295
tl_coralM,2944,800,0,0,256,256,0,1,1,4294967295
tl_coralM4,2892,716,0,0,128,128,0,1,1,4294967295
tl_coralM4,2892,620,0,0,128,128,0,1,1,4294967295
tl_coralM4,2956,620,0,0,128,128,0,1,1,4294967295
tl_coralM4,2956,492,0,0,128,128,0,1,1,4294967295
tl_coralM4,2956,364,0,0,128,128,0,1,1,4294967295
tl_coralM4,2956,236,0,0,128,128,0,1,1,4294967295
tl_coralM4,2892,236,0,0,128,128,0,1,1,4294967295
tl_coralM4,2892,364,0,0,128,128,0,1,1,4294967295
tl_coralMEd,2868,172,0,0,24,256,0,1,1,4294967295
tl_coralM,3288,1004,0,0,256,256,0,1,1,4294967295
tl_coralM,3364,1004,0,0,256,256,0,1,1,4294967295
tl_coralM2,3812,1036,0,0,128,128,0,1,1,4294967295
tl_coralM,3560,1068,0,0,256,256,0,1,1,4294967295
tl_coralM,3620,1164,0,0,256,256,0,1,1,4294967295
tl_coralM,3620,1420,0,0,256,256,0,1,1,4294967295
tl_coralM,4260,668,0,0,256,256,0,1,1,4294967295
tl_coralM,4132,524,0,0,256,256,0,1,1,4294967295
tl_coralM,4260,524,0,0,256,256,0,1,1,4294967295
tl_coralM2,4132,500,0,0,128,128,0,1,1,4294967295
tl_coralM2,4260,500,0,0,128,128,0,1,1,4294967295
tl_coralM,4456,564,0,0,256,256,0,1,1,4294967295
tl_coralM2,4516,708,0,0,128,128,0,1,1,4294967295
tl_coralM2,2764,456,0,0,128,128,0,1,1,4294967295
tl_coralM4,2544,468,0,0,128,128,0,1,1,4294967295
tl_coralM4,4580,836,0,0,128,128,0,1,1,4294967295
tl_coralM4,4580,964,0,0,128,128,0,1,1,4294967295
tl_coralMEd,4740,836,24,0,24,256,0,1,1,4294967295
tl_coralM4,4612,964,0,0,128,128,0,1,1,4294967295
tl_coralM4,4612,836,0,0,128,128,0,1,1,4294967295
tl_coralM4,4580,996,0,0,128,128,0,1,1,4294967295
tl_coralMEd2,4564,1124,0,24,256,24,0,1,1,4294967295
tl_coralM4,5092,1096,0,0,128,128,0,1,1,4294967295
tl_coralM4,5092,1224,0,0,128,128,0,1,1,4294967295
tl_coralM4,4980,1176,0,0,128,128,0,1,1,4294967295
tl_coralM4,4852,1176,0,0,128,128,0,1,1,4294967295
tl_coralM4,4772,1192,0,0,128,128,0,1,1,4294967295
tl_coralMEd,4748,1160,0,0,24,256,0,1,1,4294967295
tl_coralM2,4772,1340,0,0,128,128,0,1,1,4294967295
tl_coralM,5084,1328,0,0,256,256,0,1,1,4294967295
tl_coralM,5220,1372,0,0,256,256,0,1,1,4294967295
tl_coralM,5284,1148,0,0,256,256,0,1,1,4294967295
tl_coralM,5412,1116,0,0,256,256,0,1,1,4294967295
tl_coralM,5540,1052,0,0,256,256,0,1,1,4294967295
tl_coralM,5668,988,0,0,256,256,0,1,1,4294967295
tl_coralM2,4900,1340,0,0,128,128,0,1,1,4294967295
tl_coralM2,4956,1340,0,0,128,128,0,1,1,4294967295
tl_coralM2,4900,1372,0,0,128,128,0,1,1,4294967295
tl_coralM2,5020,1404,0,0,128,128,0,1,1,4294967295
tl_coralM2,5348,1544,0,0,128,128,0,1,1,4294967295
tl_coralMEd,4748,1364,0,0,24,256,0,1,1,4294967295
tl_coralM2,5864,956,0,0,128,128,0,1,1,4294967295
tl_coralM,6180,1220,0,0,256,256,0,1,1,4294967295
tl_coralM,5924,1220,0,0,256,256,0,1,1,4294967295
tl_coralM,5668,1244,0,0,256,256,0,1,1,4294967295
tl_coralM,6176,772,0,0,256,256,0,1,1,4294967295
tl_coralM,6432,772,0,0,256,256,0,1,1,4294967295
tl_coralM,5856,516,0,0,256,256,0,1,1,4294967295
tl_coralM,6112,516,0,0,256,256,0,1,1,4294967295
tl_coralM,6688,780,0,0,256,256,0,1,1,4294967295
tl_coralM,7568,600,0,0,256,256,0,1,1,4294967295
tl_coralM2,7456,768,0,0,128,128,0,1,1,4294967295
tl_coralM2,7584,768,0,0,128,128,0,1,1,4294967295
tl_coralM2,6496,948,0,0,128,128,0,1,1,4294967295
tl_coralM2,6624,1000,0,0,128,128,0,1,1,4294967295
tl_coralM2,6752,1028,0,0,128,128,0,1,1,4294967295
tl_coralM2,6816,1068,0,0,128,128,0,1,1,4294967295
tl_coralM,6944,940,0,0,256,256,0,1,1,4294967295
tl_coralM2,6880,1036,0,0,128,128,0,1,1,4294967295
tl_coralM2,6176,484,0,0,128,128,0,1,1,4294967295
tl_coralM2,6240,484,0,0,128,128,0,1,1,4294967295
tl_coralM,6432,484,0,0,256,256,0,1,1,4294967295
tl_coralM2,6368,484,0,0,128,128,0,1,1,4294967295
tl_coralM2,6368,612,0,0,128,128,0,1,1,4294967295
tl_coralM2,6368,740,0,0,128,128,0,1,1,4294967295
tl_coralM2,6496,740,0,0,128,128,0,1,1,4294967295
tl_coralM2,6580,740,0,0,128,128,0,1,1,4294967295
tl_coralM,7064,352,0,0,256,256,0,1,1,4294967295
tl_coralM,6896,344,0,0,256,256,0,1,1,4294967295
tl_coralM2,7488,600,0,0,128,128,0,1,1,4294967295
tl_coralM2,7488,728,0,0,128,128,0,1,1,4294967295
tl_coralM2,7276,600,0,0,128,128,0,1,1,4294967295
tl_coralM2,7276,672,0,0,128,128,0,1,1,4294967295
tl_coralM2,7808,712,0,0,128,128,0,1,1,4294967295
tl_coralM2,7808,600,0,0,128,128,0,1,1,4294967295
tl_coralM2,7808,568,0,0,128,128,0,1,1,4294967295
tl_coralM2,7744,568,0,0,128,128,0,1,1,4294967295
tl_coralM,6588,-48,0,0,256,256,0,1,1,4294967295
tl_coralM,6844,-48,0,0,256,256,0,1,1,4294967295
tl_coralM,6972,-48,0,0,256,256,0,1,1,4294967295
tl_coralM,6372,1284,0,0,256,256,0,1,1,4294967295
tl_coralM,6500,1348,0,0,256,256,0,1,1,4294967295
tl_coralM,6756,1380,0,0,256,256,0,1,1,4294967295
tl_coralM,7012,1380,0,0,256,256,0,1,1,4294967295
tl_coralM,7268,1340,0,0,256,256,0,1,1,4294967295
tl_coralM,7516,1304,0,0,256,256,0,1,1,4294967295
tl_coralM,7716,1284,0,0,256,256,0,1,1,4294967295
tl_coralM,7972,1284,0,0,256,256,0,1,1,4294967295
tl_coralM,8100,1252,0,0,256,256,0,1,1,4294967295
tl_coralM,8228,1188,0,0,256,256,0,1,1,4294967295
tl_coralM,8420,1124,0,0,256,256,0,1,1,4294967295
tl_coralM2,7644,1860,0,0,128,128,0,1,1,4294967295
tl_coralM2,7772,1868,0,0,128,128,0,1,1,4294967295
tl_coralM,9140,1356,0,0,256,256,0,1,1,4294967295
tl_coralM,9508,1196,0,0,256,256,0,1,1,4294967295
tl_coralM,9764,1196,0,0,256,256,0,1,1,4294967295
tl_coralM,9380,1324,0,0,256,256,0,1,1,4294967295
tl_coralM,9140,1612,0,0,256,256,0,1,1,4294967295
tl_coralM,9140,1868,0,0,256,256,0,1,1,4294967295
tl_coralM,8884,1988,0,0,256,256,0,1,1,4294967295
tl_coralM,8628,1988,0,0,256,256,0,1,1,4294967295
tl_coralM,8420,1988,0,0,256,256,0,1,1,4294967295
tl_coralM,8228,2052,0,0,256,256,0,1,1,4294967295
tl_coralM,7972,2084,0,0,256,256,0,1,1,4294967295
tl_coralM,7716,2084,0,0,256,256,0,1,1,4294967295
tl_coralM,7460,2084,0,0,256,256,0,1,1,4294967295
tl_coralM,7208,2084,0,0,256,256,0,1,1,4294967295
tl_coralM,6952,2084,0,0,256,256,0,1,1,4294967295
tl_coralM,6696,2084,0,0,256,256,0,1,1,4294967295
tl_coralM,6444,2084,0,0,256,256,0,1,1,4294967295
tl_coralM,6188,2084,0,0,256,256,0,1,1,4294967295
tl_coralM,5932,2052,0,0,256,256,0,1,1,4294967295
tl_coralM,5796,1988,0,0,256,256,0,1,1,4294967295
tl_coralM,5604,1924,0,0,256,256,0,1,1,4294967295
tl_coralM,5348,1924,0,0,256,256,0,1,1,4294967295
tl_coralM,3812,1636,0,0,256,256,0,1,1,4294967295
tl_coralM,4068,1636,0,0,256,256,0,1,1,4294967295
tl_coralM,4160,1636,0,0,256,256,0,1,1,4294967295
tl_coralM,4836,1892,0,0,256,256,0,1,1,4294967295
tl_coralM,5092,1892,0,0,256,256,0,1,1,4294967295
tl_coralM,4836,2020,0,0,256,256,0,1,1,4294967295
tl_coralM,4580,1892,0,0,256,256,0,1,1,4294967295
tl_coralM2,8100,1468,0,0,128,128,0,1,1,4294967295
tl_coralM2,8228,1420,0,0,128,128,0,1,1,4294967295
tl_coralM2,8356,1372,0,0,128,128,0,1,1,4294967295
tl_coralM2,8484,1324,0,0,128,128,0,1,1,4294967295
tl_coralM,5472,1372,0,0,256,256,0,1,1,4294967295
tl_coralM,5728,1428,0,0,256,256,0,1,1,4294967295
tl_coralM,5476,1428,0,0,256,256,0,1,1,4294967295
tl_coralM,6244,1340,0,0,256,256,0,1,1,4294967295
tl_coralM2,5984,1476,0,0,128,128,0,1,1,4294967295
tl_coralM2,6116,1476,0,0,128,128,0,1,1,4294967295
tl_coralM2,5976,1556,0,0,128,128,0,1,1,4294967295
tl_coralM2,6088,1476,0,0,128,128,0,1,1,4294967295
tl_coralM2,6084,1516,0,0,128,128,0,1,1,4294967295
tl_coralMEd2,5868,964,0,0,256,24,0,1,1,4294967295
tl_coralM4,6012,988,0,0,128,128,0,1,1,4294967295
tl_coralM4,5884,1084,0,0,128,128,0,1,1,4294967295
tl_coralM4,6012,1084,0,0,128,128,0,1,1,4294967295
tl_coralM4,6140,1052,0,0,128,128,0,1,1,4294967295
tl_coralM4,6268,1052,0,0,128,128,0,1,1,4294967295
tl_coralM4,6396,1052,0,0,128,128,0,1,1,4294967295
tl_coralM4,6460,1084,0,0,128,128,0,1,1,4294967295
tl_coralM4,6524,1116,0,0,128,128,0,1,1,4294967295
tl_coralM4,6572,1132,0,0,128,128,0,1,1,4294967295
tl_coralM4,6588,1148,0,0,128,128,0,1,1,4294967295
tl_coralM4,6636,1164,0,0,128,128,0,1,1,4294967295
tl_coralM4,6684,1180,0,0,128,128,0,1,1,4294967295
tl_coralM4,6812,1212,0,0,128,128,0,1,1,4294967295
tl_coralM4,6940,1212,0,0,128,128,0,1,1,4294967295
tl_coralM4,7068,1212,0,0,128,128,0,1,1,4294967295
tl_coralM4,7196,1212,0,0,128,128,0,1,1,4294967295
tl_coralM4,7228,1084,0,0,128,128,0,1,1,4294967295
tl_coralM4,7228,956,0,0,128,128,0,1,1,4294967295
tl_coralM4,7356,1212,0,0,128,128,0,1,1,4294967295
tl_coralM4,7356,1084,0,0,128,128,0,1,1,4294967295
tl_coralM4,7356,956,0,0,128,128,0,1,1,4294967295
tl_coralM4,7356,924,0,0,128,128,0,1,1,4294967295
tl_coralMEd,7484,1052,24,0,24,256,0,1,1,4294967295
tl_coralMEd,7484,924,24,0,24,256,0,1,1,4294967295
tl_coralM2,4972,1420,0,0,128,128,0,1,1,4294967295
tl_coralG,2244,1184,0,0,208,70,0,1,1,4294967295
tl_coralG,2532,812,0,0,208,70,0,1,1,4294967295
tl_coralM,6880,780,0,0,256,256,0,1,1,4294967295
tl_coralM,7008,908,0,0,256,256,0,1,1,4294967295
tl_coralM2,7264,824,0,0,128,128,0,1,1,4294967295
tl_coralM2,10504,152,0,0,128,128,0,1,1,4294967295
tl_coralM,10524,-96,0,0,256,256,0,1,1,4294967295
tl_coralM,10780,-100,0,0,256,256,0,1,1,4294967295
tl_coralM,11036,-100,0,0,256,256,0,1,1,4294967295
tl_coralM,11180,-92,0,0,256,256,0,1,1,4294967295
tl_coralM2,6820,1988,0,0,128,128,0,1,1,4294967295
tl_coralM2,6948,1984,0,0,128,128,0,1,1,4294967295
tl_coralM2,3940,1636,0,0,128,128,0,1,1,4294967295
tl_coralM2,3684,1676,0,0,128,128,0,1,1,4294967295
tl_coralM2,11484,56,0,0,128,128,0,1,1,4294967295
tl_coralM2,11820,-28,0,0,128,128,0,1,1,4294967295
tl_coralM2,11948,-28,0,0,128,128,0,1,1,4294967295
tl_coralM,9884,388,0,0,256,256,0,1,1,4294967295
tl_coralM,10760,388,0,0,256,256,0,1,1,4294967295
tl_coralM2,10140,452,0,0,128,128,0,1,1,4294967295
tl_coralM2,10140,516,0,0,128,128,0,1,1,4294967295
tl_coralM2,10268,516,0,0,128,128,0,1,1,4294967295
tl_coralM2,10396,548,0,0,128,128,0,1,1,4294967295
tl_coralM2,10524,548,0,0,128,128,0,1,1,4294967295
tl_coralM2,10652,548,0,0,128,128,0,1,1,4294967295
tl_coralM2,10996,476,0,0,128,128,0,1,1,4294967295
tl_coralM2,11016,428,0,0,128,128,0,1,1,4294967295
tl_coralM2,11068,432,0,0,128,128,0,1,1,4294967295
tl_coralM2,11140,380,0,0,128,128,0,1,1,4294967295
tl_coralM2,11260,372,0,0,128,128,0,1,1,4294967295
tl_coralM2,11384,388,0,0,128,128,0,1,1,4294967295
tl_coralM2,11508,380,0,0,128,128,0,1,1,4294967295
tl_coralM2,11624,380,0,0,128,128,0,1,1,4294967295
tl_coralM2,11744,372,0,0,128,128,0,1,1,4294967295
tl_coralM2S,11872,388,0,0,64,64,0,1,1,4294967295
tl_coralM,11996,100,0,0,256,256,0,1,1,4294967295
tl_coralM,11996,156,0,0,256,256,0,1,1,4294967295
tl_coralM,11996,-100,0,0,256,256,0,1,1,4294967295
tl_coralM2,12252,276,0,0,128,128,0,1,1,4294967295
tl_coralM2,12764,224,0,0,128,128,0,1,1,4294967295
tl_coralM2,12700,232,0,0,128,128,0,1,1,4294967295
tl_coralM2S,12380,292,0,0,64,64,0,1,1,4294967295
tl_coralM2S,12444,284,0,0,64,64,0,1,1,4294967295
tl_coralM,11096,1204,0,0,256,256,0,1,1,4294967295
tl_coralM,11416,1700,0,0,256,256,0,1,1,4294967295
tl_coralM,11672,1700,0,0,256,256,0,1,1,4294967295
tl_coralM,11160,1844,0,0,256,256,0,1,1,4294967295
tl_coralM,10908,1844,0,0,256,256,0,1,1,4294967295
tl_coralM,10840,1588,0,0,256,256,0,1,1,4294967295
tl_coralM,10844,1332,0,0,256,256,0,1,1,4294967295
tl_coralM2,11352,1380,0,0,128,128,0,1,1,4294967295
tl_coralM2,11480,1380,0,0,128,128,0,1,1,4294967295
tl_coralM2,11352,1404,0,0,128,128,0,1,1,4294967295
tl_coralM2,11480,1404,0,0,128,128,0,1,1,4294967295
tl_coralM2,11544,1404,0,0,128,128,0,1,1,4294967295
tl_coralM2,12632,1516,0,0,128,128,0,1,1,4294967295
tl_coralM2,12696,1548,0,0,128,128,0,1,1,4294967295
tl_coralM2S,12504,1480,0,0,64,64,0,1,1,4294967295
tl_coralM2S,12568,1476,0,0,64,64,0,1,1,4294967295
tl_coralM,11800,1284,0,0,256,256,0,1,1,4294967295
tl_coralM,11800,1132,0,0,256,256,0,1,1,4294967295
tl_coralM,11992,1196,0,0,256,256,0,1,1,4294967295
tl_coralM,12248,1092,0,0,256,256,0,1,1,4294967295
tl_coralM,12376,976,0,0,256,256,0,1,1,4294967295
tl_coralM,10916,940,0,0,256,256,0,1,1,4294967295
tl_coralM,11108,876,0,0,256,256,0,1,1,4294967295
tl_coralM,11096,1120,0,0,256,256,0,1,1,4294967295
tl_coralM,11364,748,0,0,256,256,0,1,1,4294967295
tl_coralM,11428,748,0,0,256,256,0,1,1,4294967295
tl_coralM,11360,896,0,0,256,256,0,1,1,4294967295
tl_coralM,11616,932,0,0,256,256,0,1,1,4294967295
tl_coralM,11860,940,0,0,256,256,0,1,1,4294967295
tl_coralM,12080,996,0,0,256,256,0,1,1,4294967295
tl_coralM2S,11736,1132,0,0,64,64,0,1,1,4294967295
tl_coralM2S,12336,1036,0,0,64,64,0,1,1,4294967295
tl_coralM,11864,1764,0,0,256,256,0,1,1,4294967295
tl_coralM,11992,1828,0,0,256,256,0,1,1,4294967295
tl_coralM,12248,1860,0,0,256,256,0,1,1,4294967295
tl_coralM,12504,1860,0,0,256,256,0,1,1,4294967295
tl_coralM,12632,1676,0,0,256,256,0,1,1,4294967295
tl_coralM,12760,1932,0,0,256,256,0,1,1,4294967295
tl_coralM,10840,1148,0,0,256,256,0,1,1,4294967295
tl_coralM2,12760,1548,0,0,128,128,0,1,1,4294967295
tl_coralM2,12776,1420,0,0,128,128,0,1,1,4294967295
tl_coralM2,13480,1380,0,0,128,128,0,1,1,4294967295
tl_coralM2,13352,1316,0,0,128,128,0,1,1,4294967295
tl_coralM2,13608,1420,0,0,128,128,0,1,1,4294967295
tl_coralM2,13736,1444,0,0,128,128,0,1,1,4294967295
tl_coralM2,13800,1444,0,0,128,128,0,1,1,4294967295
tl_coralM2,13832,1564,0,0,128,128,0,1,1,4294967295
tl_coralM2,13836,1652,0,0,128,128,0,1,1,4294967295
tl_coralM,12888,1764,0,0,256,256,0,1,1,4294967295
tl_coralM,13144,1764,0,0,256,256,0,1,1,4294967295
tl_coralM,13400,1860,0,0,256,256,0,1,1,4294967295
tl_coralM,13464,1924,0,0,256,256,0,1,1,4294967295
tl_coralM,13720,1988,0,0,256,256,0,1,1,4294967295
tl_coralM,13976,2020,0,0,256,256,0,1,1,4294967295
tl_coralM,14232,2020,0,0,256,256,0,1,1,4294967295
tl_coralM,14488,1904,0,0,256,256,0,1,1,4294967295
tl_coralM,14488,1696,0,0,256,256,0,1,1,4294967295
tl_coralM,14232,1364,0,0,256,256,0,1,1,4294967295
tl_coralM,13472,924,0,0,256,256,0,1,1,4294967295
tl_coralM,13728,932,0,0,256,256,0,1,1,4294967295
tl_coralM,14228,1236,0,0,256,256,0,1,1,4294967295
tl_coralM2,13848,1108,0,0,128,128,0,1,1,4294967295
tl_coralM2,13976,1108,0,0,128,128,0,1,1,4294967295
tl_coralM2,14104,1108,0,0,128,128,0,1,1,4294967295
tl_coralM2,14232,1108,0,0,128,128,0,1,1,4294967295
tl_coralM2,12632,968,0,0,128,128,0,1,1,4294967295
tl_coralM2,12644,940,0,0,128,128,0,1,1,4294967295
tl_coralM2,12760,928,0,0,128,128,0,1,1,4294967295
tl_coralM2,12760,980,0,0,128,128,0,1,1,4294967295
tl_coralM2,12888,992,0,0,128,128,0,1,1,4294967295
tl_coralM2,12888,940,0,0,128,128,0,1,1,4294967295
tl_coralM2,13092,1020,0,0,128,128,0,1,1,4294967295
tl_coralM2,13092,948,0,0,128,128,0,1,1,4294967295
tl_coralM2,13092,908,0,0,128,128,0,1,1,4294967295
tl_coralM2,13008,908,0,0,128,128,0,1,1,4294967295
tl_coralM2,13016,1012,0,0,128,128,0,1,1,4294967295
tl_coralM2,13476,908,0,0,128,128,0,1,1,4294967295
tl_coralM2,13604,904,0,0,128,128,0,1,1,4294967295
tl_coralM2,13092,1084,0,0,128,128,0,1,1,4294967295
tl_coralM2,11988,644,0,0,128,128,0,1,1,4294967295
tl_coralM2,12116,660,0,0,128,128,0,1,1,4294967295
tl_coralM2,12244,660,0,0,128,128,0,1,1,4294967295
tl_coralM2,12372,660,0,0,128,128,0,1,1,4294967295
tl_coralM2,12500,620,0,0,128,128,0,1,1,4294967295
tl_coralM2,12372,624,0,0,128,128,0,1,1,4294967295
tl_coralM2,12564,564,0,0,128,128,0,1,1,4294967295
tl_coralM2,12692,564,0,0,128,128,0,1,1,4294967295
tl_coralM2,12820,564,0,0,128,128,0,1,1,4294967295
tl_coralM2,12936,548,0,0,128,128,0,1,1,4294967295
tl_coralM2,12688,596,0,0,128,128,0,1,1,4294967295
tl_coralM2,12788,592,0,0,128,128,0,1,1,4294967295
tl_coralM2,13060,524,0,0,128,128,0,1,1,4294967295
tl_coralM2,13184,524,0,0,128,128,0,1,1,4294967295
tl_coralM2,13228,528,0,0,128,128,0,1,1,4294967295
tl_coralM2,13548,520,0,0,128,128,0,1,1,4294967295
tl_coralM2,13548,392,0,0,128,128,0,1,1,4294967295
tl_coralM2,13356,392,0,0,128,128,0,1,1,4294967295
tl_coralM2,13356,488,0,0,128,128,0,1,1,4294967295
tl_coralM2,13484,392,0,0,128,128,0,1,1,4294967295
tl_coralM2,13484,520,0,0,128,128,0,1,1,4294967295
tl_coralM,9956,876,0,0,256,256,0,1,1,4294967295
tl_coralM,9956,1132,0,0,256,256,0,1,1,4294967295
tl_coralM,10212,936,0,0,256,256,0,1,1,4294967295
tl_coralM,10468,972,0,0,256,256,0,1,1,4294967295
tl_coralM,10724,972,0,0,256,256,0,1,1,4294967295
tl_coralM,10724,1228,0,0,256,256,0,1,1,4294967295
tl_coralM,13984,940,0,0,256,256,0,1,1,4294967295
tl_coralM,14116,684,0,0,256,256,0,1,1,4294967295
tl_coralM,14240,940,0,0,256,256,0,1,1,4294967295
tl_coralM,14116,428,0,0,256,256,0,1,1,4294967295
tl_coralM,13860,172,0,0,256,256,0,1,1,4294967295
tl_coralM,14116,212,0,0,256,256,0,1,1,4294967295
tl_coralM2S,13732,124,0,0,64,64,0,1,1,4294967295
tl_coralM2S,13796,124,0,0,64,64,0,1,1,4294967295
tl_coralM2S,13860,132,0,0,64,64,0,1,1,4294967295
tl_coralM2S,13924,128,0,0,64,64,0,1,1,4294967295
tl_coralM2S,14372,880,0,0,64,64,0,1,1,4294967295
tl_coralM2S,14436,884,0,0,64,64,0,1,1,4294967295
tl_coralM2S,14500,884,0,0,64,64,0,1,1,4294967295
tl_coralM2S,14360,1196,0,0,64,64,0,1,1,4294967295
tl_coralM2S,14372,1196,0,0,64,64,0,1,1,4294967295
tl_coralM2,14372,1292,0,0,128,128,0,1,1,4294967295
tl_coralM2,14616,1672,0,0,128,128,0,1,1,4294967295
tl_coralM2,14744,1420,0,0,128,128,0,1,1,4294967295
tl_coralM2,14872,1484,0,0,128,128,0,1,1,4294967295
tl_coralM2,15000,1484,0,0,128,128,0,1,1,4294967295
tl_coralM2,15128,1548,0,0,128,128,0,1,1,4294967295
tl_coralM2,14744,1548,0,0,128,128,0,1,1,4294967295
tl_coralM,14996,180,0,0,256,256,0,1,1,4294967295
tl_coralM,14996,-76,0,0,256,256,0,1,1,4294967295
tl_coralM,15124,0,0,0,256,256,0,1,1,4294967295
tl_coralM,15128,228,0,0,256,256,0,1,1,4294967295
tl_coralM,15256,1580,0,0,256,256,0,1,1,4294967295
tl_coralM,15000,1612,0,0,256,256,0,1,1,4294967295
tl_coralM,15508,1580,0,0,256,256,0,1,1,4294967295
tl_coralM,15764,1580,0,0,256,256,0,1,1,4294967295
tl_coralM,16020,1580,0,0,256,256,0,1,1,4294967295
tl_coralM,16276,1580,0,0,256,256,0,1,1,4294967295
tl_coralM,16356,1324,0,0,256,256,0,1,1,4294967295
tl_coralM,16356,1068,0,0,256,256,0,1,1,4294967295
tl_coralM,15908,964,0,0,256,256,0,1,1,4294967295
tl_coralM,16164,968,0,0,256,256,0,1,1,4294967295
tl_coralM,16292,936,0,0,256,256,0,1,1,4294967295
tl_coralM,15328,956,0,0,256,256,0,1,1,4294967295
tl_coralM,14880,612,0,0,256,256,0,1,1,4294967295
tl_coralM,14880,868,0,0,256,256,0,1,1,4294967295
tl_coralM,15136,676,0,0,256,256,0,1,1,4294967295
tl_coralM,15132,928,0,0,256,256,0,1,1,4294967295
tl_coralM,14880,900,0,0,256,256,0,1,1,4294967295
tl_coralM,15240,940,0,0,256,256,0,1,1,4294967295
tl_coralM2,16484,872,0,0,128,128,0,1,1,4294967295
tl_coralM2,15712,388,0,0,128,128,0,1,1,4294967295
tl_coralM2,15840,388,0,0,128,128,0,1,1,4294967295
tl_coralM2,15712,460,0,0,128,128,0,1,1,4294967295
tl_coralM,15648,-44,0,0,256,256,0,1,1,4294967295
tl_coralM,15860,-40,0,0,256,256,0,1,1,4294967295
tl_coralM,16116,-76,0,0,256,256,0,1,1,4294967295
tl_coralM2,15840,656,0,0,128,128,0,1,1,4294967295
tl_coralM2,15968,668,0,0,128,128,0,1,1,4294967295
tl_coralM2,16096,668,0,0,128,128,0,1,1,4294967295
tl_coralM2,16192,644,0,0,128,128,0,1,1,4294967295
tl_coralM2,16300,596,0,0,128,128,0,1,1,4294967295
tl_coralM2,15344,708,0,0,128,128,0,1,1,4294967295
tl_coralM2,15344,836,0,0,128,128,0,1,1,4294967295
tl_coralM2,15472,872,0,0,128,128,0,1,1,4294967295
tl_coralM,16804,488,0,0,256,256,0,1,1,4294967295
tl_coralM,16952,512,0,0,256,256,0,1,1,4294967295
tl_coralM,16804,744,0,0,256,256,0,1,1,4294967295
tl_coralM,16952,768,0,0,256,256,0,1,1,4294967295
tl_coralM,16612,872,0,0,256,256,0,1,1,4294967295
tl_coralM,16548,1000,0,0,256,256,0,1,1,4294967295
tl_coralM,16804,1000,0,0,256,256,0,1,1,4294967295
tl_coralM,16352,0,0,0,256,256,0,1,1,4294967295
tl_coralM,16352,136,0,0,256,256,0,1,1,4294967295
tl_coralM,16324,392,0,0,256,256,0,1,1,4294967295
tl_coralM2,16416,552,0,0,128,128,0,1,1,4294967295
tl_coralM,16868,168,0,0,256,256,0,1,1,4294967295
tl_coralM,16952,168,0,0,256,256,0,1,1,4294967295
tl_coralM2,16868,424,0,0,128,128,0,1,1,4294967295
tl_coralM2,17060,0,0,0,128,128,0,1,1,4294967295
tl_coralM2,17080,0,0,0,128,128,0,1,1,4294967295
tl_coralM2,17080,124,0,0,128,128,0,1,1,4294967295
tl_coralM,16956,1024,0,0,256,256,0,1,1,4294967295
tl_coralM,16956,1280,0,0,256,256,0,1,1,4294967295
tl_coralM,17960,1372,0,0,256,256,0,1,1,4294967295
tl_coralM,18216,1372,0,0,256,256,0,1,1,4294967295
tl_coralM,18472,1372,0,0,256,256,0,1,1,4294967295
tl_coralM,18536,1116,0,0,256,256,0,1,1,4294967295
tl_coralM,18792,1116,0,0,256,256,0,1,1,4294967295
tl_coralM,19048,1116,0,0,256,256,0,1,1,4294967295
tl_coralM,19112,1180,0,0,256,256,0,1,1,4294967295
tl_coralM,17996,848,0,0,256,256,0,1,1,4294967295
tl_coralM,18252,640,0,0,256,256,0,1,1,4294967295
tl_coralM,18508,640,0,0,256,256,0,1,1,4294967295
tl_coralM,18764,640,0,0,256,256,0,1,1,4294967295
tl_coralM,19020,640,0,0,256,256,0,1,1,4294967295
tl_coralM,19276,640,0,0,256,256,0,1,1,4294967295
tl_coralM,19532,640,0,0,256,256,0,1,1,4294967295
tl_coralM,19616,896,0,0,256,256,0,1,1,4294967295
tl_coralM,19616,976,0,0,256,256,0,1,1,4294967295
tl_coralM,19836,976,0,0,256,256,0,1,1,4294967295
tl_coralM,19936,976,0,0,256,256,0,1,1,4294967295
tl_coralM,19936,848,0,0,256,256,0,1,1,4294967295
tl_coralM,18016,592,0,0,256,256,0,1,1,4294967295
tl_coralM,18016,336,0,0,256,256,0,1,1,4294967295
tl_coralM,18016,80,0,0,256,256,0,1,1,4294967295
tl_coralM,18016,0,0,0,256,256,0,1,1,4294967295
tl_coralM,24048,312,0,0,256,256,0,1,1,4294967295
tl_coralM,24048,724,0,0,256,256,0,1,1,4294967295
tl_coralM,23088,772,0,0,256,256,0,1,1,4294967295
tl_coralM,23344,772,0,0,256,256,0,1,1,4294967295
tl_coralM,23600,768,0,0,256,256,0,1,1,4294967295
tl_coralM,23856,772,0,0,256,256,0,1,1,4294967295
tl_coralM,23792,272,0,0,256,256,0,1,1,4294967295
tl_coralM,23536,272,0,0,256,256,0,1,1,4294967295
tl_coralM,23280,272,0,0,256,256,0,1,1,4294967295
tl_coralM,23152,272,0,0,256,256,0,1,1,4294967295
tl_coralM,24304,724,0,0,256,256,0,1,1,4294967295
tl_coralM,24304,340,0,0,256,256,0,1,1,4294967295
tl_coralM,24560,340,0,0,256,256,0,1,1,4294967295
tl_coralM,24560,724,0,0,256,256,0,1,1,4294967295
tl_coralM,24816,724,0,0,256,256,0,1,1,4294967295
tl_coralM,24816,340,0,0,256,256,0,1,1,4294967295
tl_coralM,22192,1008,0,0,256,256,0,1,1,4294967295
tl_coralM,22128,1008,0,0,256,256,0,1,1,4294967295
tl_coralM,22704,1008,0,0,256,256,0,1,1,4294967295
tl_coralM,22960,1008,0,0,256,256,0,1,1,4294967295
tl_coralM,24816,980,0,0,256,256,0,1,1,4294967295
tl_coralM,24816,1236,0,0,256,256,0,1,1,4294967295
tl_coralM,19936,592,0,0,256,256,0,1,1,4294967295
tl_coralM,20192,576,0,0,256,256,0,1,1,4294967295
tl_coralM,20448,576,0,0,256,256,0,1,1,4294967295
tl_coralM,20704,576,0,0,256,256,0,1,1,4294967295
tl_coralM,20704,320,0,0,256,256,0,1,1,4294967295
tl_coralM,21088,80,0,0,256,256,0,1,1,4294967295
tl_coralM,20832,80,0,0,256,256,0,1,1,4294967295
tl_coralM,20936,1120,0,0,256,256,0,1,1,4294967295
tl_coralM,20680,1120,0,0,256,256,0,1,1,4294967295
tl_coralM,20424,1120,0,0,256,256,0,1,1,4294967295
tl_coralM,20424,1376,0,0,256,256,0,1,1,4294967295
tl_coralM,20424,1632,0,0,256,256,0,1,1,4294967295
tl_coralM,4772,1468,0,0,256,256,0,1,1,4294967295
tl_coralM,5028,1468,0,0,256,256,0,1,1,4294967295
tl_coralM2,4452,1892,0,0,128,128,0,1,1,4294967295
tl_coralM2,4324,1892,0,0,128,128,0,1,1,4294967295
tl_coralM2,4196,1892,0,0,128,128,0,1,1,4294967295
tl_coralM2,4452,2020,0,0,128,128,0,1,1,4294967295
tl_coralM2,4324,2020,0,0,128,128,0,1,1,4294967295
tl_coralM2,4260,924,0,0,128,128,0,1,1,4294967295
tl_coralM2,4260,1052,0,0,128,128,0,1,1,4294967295
tl_coralM2S,4672,1636,0,0,64,64,0,1,1,4294967295
tl_coralM2,7768,1444,0,0,128,128,0,1,1,4294967295
tl_coralM2,7896,1468,0,0,128,128,0,1,1,4294967295
tl_coralM2,7980,1468,0,0,128,128,0,1,1,4294967295
tl_coralM2,4388,1060,0,0,128,128,0,1,1,4294967295
tl_coralM,4280,1636,0,0,256,256,0,1,1,4294967295
tl_coralM2,4592,1636,0,0,128,128,0,1,1,4294967295
tl_coralM2,5156,1724,0,0,128,128,0,1,1,4294967295
tl_coralM2,5160,1836,0,0,128,128,0,1,1,4294967295
tl_coralM2,25008,364,0,0,128,128,0,1,1,4294967295
tl_coralM2,25072,364,0,0,128,128,0,1,1,4294967295
tl_coralM2,25072,236,0,0,128,128,0,1,1,4294967295
tl_coralG,5020,1252,0,0,208,70,0,1,1,4294967295
tl_coralG,7264,1968,0,0,208,70,0,1,1,4294967295
tl_coralG,7056,1968,0,0,208,70,0,1,1,4294967295
tl_coralG,11096,324,0,0,208,70,0,1,1,4294967295
tl_coralG,11152,1712,0,0,208,70,0,1,1,4294967295
tl_coralG,12464,1744,0,0,208,70,0,1,1,4294967295
tl_coralG,18288,1276,0,0,208,70,0,1,1,4294967295
tl_coralG,22496,948,0,0,208,70,0,1,1,4294967295
tl_coralF,4516,400,0,0,94,64,0,1,1,4294967295
tl_coralF,4516,464,0,64,94,64,0,1,1,4294967295
tl_coralF2,4644,468,0,0,48,64,0,1,1,4294967295
tl_coralF2,5372,1008,0,0,48,64,0,1,1,4294967295
tl_coralF2,5600,888,0,0,48,64,0,1,1,4294967295
tl_coralF2,6552,1140,0,0,48,64,0,1,1,4294967295
tl_coralF2,6692,1208,0,0,48,64,0,1,1,4294967295
tl_coralF2,6832,1252,0,0,48,64,0,1,1,4294967295
tl_coralF2,9556,1104,0,0,48,64,0,1,1,4294967295
tl_coralF2,9760,1036,0,0,48,64,0,1,1,4294967295
tl_coralF2,9760,1100,0,64,48,64,0,1,1,4294967295
tl_coralF2,9072,1168,0,0,48,64,0,1,1,4294967295
tl_coralF2,10312,400,0,0,48,64,0,1,1,4294967295
tl_coralF2,10016,252,0,0,48,64,0,1,1,4294967295
tl_coralF2,10516,420,0,0,48,64,0,1,1,4294967295
tl_coralF,10156,256,0,0,94,64,0,1,1,4294967295
tl_coralF,10156,320,0,64,94,64,0,1,1,4294967295
tl_coralF,10156,384,0,128,94,64,0,1,1,4294967295
tl_coralF2,10464,844,0,0,48,64,0,1,1,4294967295
tl_coralF2,10808,844,0,0,48,64,0,1,1,4294967295
tl_coralF2,12180,888,0,0,48,64,0,1,1,4294967295
tl_coralF2,12416,888,0,0,48,64,0,1,1,4294967295
tl_coralF2,12952,808,0,0,48,64,0,1,1,4294967295
tl_coralF,13056,720,0,0,94,64,0,1,1,4294967295
tl_coralF,13056,784,0,64,94,64,0,1,1,4294967295
tl_coralF,13584,740,0,0,94,64,0,1,1,4294967295
tl_coralF,13584,804,0,64,94,64,0,1,1,4294967295
tl_coralF2,13704,808,0,0,48,64,0,1,1,4294967295
tl_coralF,12124,1640,0,0,94,64,0,1,1,4294967295
tl_coralF,12124,1704,0,64,94,64,0,1,1,4294967295
tl_coralF2,13312,1680,0,0,48,64,0,1,1,4294967295
tl_coralF2,13444,1736,0,0,48,64,0,1,1,4294967295
tl_coralF2,13656,1784,0,0,48,64,0,1,1,4294967295
tl_coralF2,13780,1844,0,0,48,64,0,1,1,4294967295
tl_coralF2,13908,1896,0,0,48,64,0,1,1,4294967295
tl_coralF2,14072,52,0,0,48,64,0,1,1,4294967295
tl_coralF,14168,88,0,0,94,64,0,1,1,4294967295
tl_coralF,14168,152,0,64,94,64,0,1,1,4294967295
tl_coralF,15260,540,0,0,94,64,0,1,1,4294967295
tl_coralF,15260,604,0,64,94,64,0,1,1,4294967295
tl_coralF2,15380,588,0,0,48,64,0,1,1,4294967295
tl_coralF2,14944,1340,0,0,48,64,0,1,1,4294967295
tl_coralF2,15192,1452,0,0,48,64,0,1,1,4294967295
tl_coralM2,14872,1612,0,0,128,128,0,1,1,4294967295
tl_coralM2,14744,1676,0,0,128,128,0,1,1,4294967295
tl_coralF2,18004,1248,0,0,48,64,0,1,1,4294967295
tl_coralF2,18224,1168,0,0,48,64,0,1,1,4294967295
tl_coralF2,18224,1232,0,64,48,64,0,1,1,4294967295
tl_coralF2,18224,1296,0,64,48,64,0,1,1,4294967295
tl_coralF2,18592,1000,0,0,48,64,0,1,1,4294967295
tl_coralF2,19020,964,0,0,48,64,0,1,1,4294967295
tl_coralF2,19172,1004,0,0,48,64,0,1,1,4294967295
tl_coralF2,19020,1028,0,64,48,64,0,1,1,4294967295
tl_coralF2,21180,948,0,0,48,64,0,1,1,4294967295
tl_coralF2,21180,1012,0,64,48,64,0,1,1,4294967295
tl_coralF2,20464,916,0,0,48,64,0,1,1,4294967295
tl_coralF2,20464,980,0,64,48,64,0,1,1,4294967295
tl_coralF2,20464,1044,0,64,48,64,0,1,1,4294967295
tl_coralF2,20720,964,0,0,48,64,0,1,1,4294967295
tl_coralF2,20720,1028,0,64,48,64,0,1,1,4294967295
tl_coralF2,22736,804,0,0,48,64,0,1,1,4294967295
tl_coralF2,22340,804,0,0,48,64,0,1,1,4294967295
tl_coralF2,22340,868,0,64,48,64,0,1,1,4294967295
tl_coralF2,22736,868,0,64,48,64,0,1,1,4294967295
tl_coralF2,22736,932,0,64,48,64,0,1,1,4294967295
tl_coralF2,22340,932,0,64,48,64,0,1,1,4294967295
tl_coralF2,22204,876,0,0,48,64,0,1,1,4294967295
tl_coralF2,22868,876,0,0,48,64,0,1,1,4294967295
tl_coralF2,22868,940,0,64,48,64,0,1,1,4294967295
tl_coralF2,23228,664,0,0,48,64,0,1,1,4294967295
tl_coralF2,23480,684,0,0,48,64,0,1,1,4294967295
tl_coralF2,23888,592,0,0,48,64,0,1,1,4294967295
tl_coralF2,23888,656,0,64,48,64,0,1,1,4294967295
tl_coralM,54704,1120,0,0,256,256,0,1,1,4294967295
tl_coralM,54704,1376,0,0,256,256,0,1,1,4294967295
tl_coralM,54704,1632,0,0,256,256,0,1,1,4294967295
tl_coralM,54704,1888,0,0,256,256,0,1,1,4294967295
tl_coralM,54960,1184,0,0,256,256,0,1,1,4294967295
tl_coralM,54960,1440,0,0,256,256,0,1,1,4294967295
tl_coralM,54960,1696,0,0,256,256,0,1,1,4294967295
tl_coralM,54960,1952,0,0,256,256,0,1,1,4294967295
tl_coralM,55216,1216,0,0,256,256,0,1,1,4294967295
tl_coralM,55472,1216,0,0,256,256,0,1,1,4294967295
tl_coralM,55728,1216,0,0,256,256,0,1,1,4294967295
tl_coralM,55984,1216,0,0,256,256,0,1,1,4294967295
tl_coralM,56240,1216,0,0,256,256,0,1,1,4294967295
tl_coralM,56496,1216,0,0,256,256,0,1,1,4294967295
tl_coralM,56752,1216,0,0,256,256,0,1,1,4294967295
tl_SunlightTF,25420,1072,0,0,64,88,0,1,1,4294967295
tl_SunlightTF,25532,1044,64,0,64,88,0,1,1,4294967295
tl_SunlightTF,25672,1036,64,0,64,88,0,1,1,4294967295
tl_SunlightTF,25812,1032,0,0,64,88,0,1,1,4294967295
tl_SunlightTF,25964,1032,64,0,64,88,0,1,1,4294967295
tl_SunlightTF,26124,1032,64,0,64,88,0,1,1,4294967295
tl_SunlightTF,27396,468,0,0,64,88,0,1,1,4294967295
tl_SunlightTF,27536,468,64,0,64,88,0,1,1,4294967295
tl_SunlightTF,27660,496,64,0,64,88,0,1,1,4294967295
tl_SunlightTF,27788,532,64,0,64,88,0,1,1,4294967295
tl_SunlightTF,27920,540,0,0,64,88,0,1,1,4294967295
tl_SunlightTF,28820,872,0,0,64,88,0,1,1,4294967295
tl_SunlightTF,28944,872,64,0,64,88,0,1,1,4294967295
tl_SunlightTF,29060,108,0,0,64,88,0,1,1,4294967295
tl_SunlightTF,29204,112,64,0,64,88,0,1,1,4294967295
tl_SunlightTF,29368,108,64,0,64,88,0,1,1,4294967295
tl_SunlightTF,30720,64,0,0,64,88,0,1,1,4294967295
tl_SunlightTF,29044,640,0,0,64,88,0,1,1,4294967295
tl_SunlightTF,29176,640,64,0,64,88,0,1,1,4294967295
tl_SunlightTF,29300,668,64,0,64,88,0,1,1,4294967295
tl_SunlightTF,29440,708,0,0,64,88,0,1,1,4294967295
tl_SunlightTF,29596,736,0,0,64,88,0,1,1,4294967295
tl_SunlightTF,29752,736,64,0,64,88,0,1,1,4294967295
tl_SunlightTF,29904,736,64,0,64,88,0,1,1,4294967295
tl_SunlightTF,30368,732,64,0,64,88,0,1,1,4294967295
tl_SunlightTF,30484,696,0,0,64,88,0,1,1,4294967295
tl_SunlightTF,30680,688,0,0,64,88,0,1,1,4294967295
tl_SunlightTF,30852,688,64,0,64,88,0,1,1,4294967295
tl_SunlightTF,30996,716,64,0,64,88,0,1,1,4294967295
tl_SunlightTF,31132,756,0,0,64,88,0,1,1,4294967295
tl_SunlightTF,31292,784,0,0,64,88,0,1,1,4294967295
tl_SunlightTF,33008,784,0,0,64,88,0,1,1,4294967295
tl_SunlightTF,33148,784,64,0,64,88,0,1,1,4294967295
tl_SunlightTF,33312,784,64,0,64,88,0,1,1,4294967295
tl_SunlightTF,33476,816,64,0,64,88,0,1,1,4294967295
tl_SunlightTF,33604,852,64,0,64,88,0,1,1,4294967295
tl_SunlightTF,33724,884,0,0,64,88,0,1,1,4294967295
tl_SunlightTF,33860,904,64,0,64,88,0,1,1,4294967295
tl_SunlightTF,33192,1020,0,0,64,88,0,1,1,4294967295
tl_SunlightTF,33340,1024,64,0,64,88,0,1,1,4294967295
tl_SunlightTF,33816,1148,64,0,64,88,0,1,1,4294967295
tl_SunlightTF,33952,1188,64,0,64,88,0,1,1,4294967295
tl_SunlightG,25488,1128,0,0,64,16,0,1,1,4294967295
tl_SunlightG,25384,1152,64,0,64,16,0,1,1,4294967295
tl_SunlightG,25596,1104,64,0,64,16,0,1,1,4294967295
tl_SunlightG,25724,1104,128,0,64,16,0,1,1,4294967295
tl_SunlightG,25776,1104,64,0,64,16,0,1,1,4294967295
tl_SunlightG,25880,1104,64,0,64,16,0,1,1,4294967295
tl_SunlightG,26020,1104,0,0,64,16,0,1,1,4294967295
tl_SunlightG,27460,540,64,0,64,16,0,1,1,4294967295
tl_SunlightG,27848,612,128,0,64,16,0,1,1,4294967295
tl_SunlightG,27384,540,0,0,64,16,0,1,1,4294967295
tl_SunlightG,27584,548,0,0,64,16,0,1,1,4294967295
tl_SunlightG,27712,584,0,0,64,16,0,1,1,4294967295
tl_SunlightG,27988,612,0,0,64,16,0,1,1,4294967295
tl_SunlightG,28092,420,128,0,64,16,0,1,1,4294967295
tl_SunlightG,28188,420,0,0,64,16,0,1,1,4294967295
tl_SunlightG,27296,1032,128,0,64,16,0,1,1,4294967295
tl_SunlightG,27148,520,64,0,64,16,0,1,1,4294967295
tl_SunlightG,28892,944,128,0,64,16,0,1,1,4294967295
tl_SunlightG,28728,1084,64,0,64,16,0,1,1,4294967295
tl_SunlightG,28656,1084,128,0,64,16,0,1,1,4294967295
tl_SunlightG,28592,1084,0,0,64,16,0,1,1,4294967295
tl_SunlightG,29112,712,64,0,64,16,0,1,1,4294967295
tl_SunlightG,29668,808,128,0,64,16,0,1,1,4294967295
tl_SunlightG,29856,808,64,0,64,16,0,1,1,4294967295
tl_SunlightG,29240,724,64,0,64,16,0,1,1,4294967295
tl_SunlightG,29356,756,0,0,64,16,0,1,1,4294967295
tl_SunlightG,29544,804,0,0,64,16,0,1,1,4294967295
tl_SunlightG,29792,808,0,0,64,16,0,1,1,4294967295
tl_SunlightG,30424,788,0,0,64,16,0,1,1,4294967295
tl_SunlightG,30572,760,0,0,64,16,0,1,1,4294967295
tl_SunlightG,30768,136,128,0,64,16,0,1,1,4294967295
tl_SunlightG,29480,272,128,0,64,16,0,1,1,4294967295
tl_SunlightG,29588,272,0,0,64,16,0,1,1,4294967295
tl_SunlightG,29696,272,64,0,64,16,0,1,1,4294967295
tl_SunlightG,29800,272,128,0,64,16,0,1,1,4294967295
tl_SunlightG,29920,272,64,0,64,16,0,1,1,4294967295
tl_SunlightG,29912,472,64,0,64,16,0,1,1,4294967295
tl_SunlightG,29996,472,128,0,64,16,0,1,1,4294967295
tl_SunlightG,30080,472,0,0,64,16,0,1,1,4294967295
tl_SunlightG,30760,760,0,0,64,16,0,1,1,4294967295
tl_SunlightG,30640,756,128,0,64,16,0,1,1,4294967295
tl_SunlightG,30824,760,128,0,64,16,0,1,1,4294967295
tl_SunlightG,30932,772,64,0,64,16,0,1,1,4294967295
tl_SunlightG,31068,808,0,0,64,16,0,1,1,4294967295
tl_SunlightG,31232,852,0,0,64,16,0,1,1,4294967295
tl_SunlightG,31368,856,0,0,64,16,0,1,1,4294967295
tl_SunlightG,33080,856,0,0,64,16,0,1,1,4294967295
tl_SunlightG,33204,856,128,0,64,16,0,1,1,4294967295
tl_SunlightG,33268,856,64,0,64,16,0,1,1,4294967295
tl_SunlightG,33388,864,64,0,64,16,0,1,1,4294967295
tl_SunlightG,33532,904,0,0,64,16,0,1,1,4294967295
tl_SunlightG,33664,940,0,0,64,16,0,1,1,4294967295
tl_SunlightG,33800,976,0,0,64,16,0,1,1,4294967295
tl_SunlightG,33908,976,128,0,64,16,0,1,1,4294967295
tl_SunlightG,33972,976,64,0,64,16,0,1,1,4294967295
tl_SunlightG,33280,1096,64,0,64,16,0,1,1,4294967295
tl_SunlightG,33184,1096,128,0,64,16,0,1,1,4294967295
tl_SunlightG,33448,1076,64,0,64,16,0,1,1,4294967295
tl_SunlightG,33532,1052,64,0,64,16,0,1,1,4294967295
tl_SunlightG,33628,1172,64,0,64,16,0,1,1,4294967295
tl_SunlightG,33712,1192,0,0,64,16,0,1,1,4294967295
tl_SunlightG,33868,1232,0,0,64,16,0,1,1,4294967295
tl_SunlightG,33900,1244,0,0,64,16,0,1,1,4294967295
tl_SunlightG,34044,1284,0,0,64,16,0,1,1,4294967295
tl_SunlightRk2,25936,1100,0,0,42,21,0,1,1,4294967295
tl_SunlightRk2,27520,532,0,0,42,21,0,1,1,4294967295
tl_SunlightRk2,27900,604,0,0,42,21,0,1,1,4294967295
tl_SunlightRk2,28856,940,0,0,42,21,0,1,1,4294967295
tl_SunlightRk2,29720,800,0,0,42,21,0,1,1,4294967295
tl_SunlightRk2,29540,268,0,0,42,21,0,1,1,4294967295
tl_SunlightRk2,29996,268,0,0,42,21,0,1,1,4294967295
tl_SunlightRk2,33948,968,0,0,42,21,0,1,1,4294967295
tl_SunlightRk2,30884,756,0,0,42,21,0,1,1,4294967295
tl_SunlightRk2,29168,176,0,0,42,21,0,1,1,4294967295
tl_SunlightG,29044,180,64,0,64,16,0,1,1,4294967295
tl_SunlightG,29248,180,128,0,64,16,0,1,1,4294967295
tl_SunlightG,29108,180,0,0,64,16,0,1,1,4294967295
tl_SunlightG,29308,180,0,0,64,16,0,1,1,4294967295
tl_SunlightG,29408,180,64,0,64,16,0,1,1,4294967295
tl_coralF,55056,992,0,0,94,64,0,1,1,4294967295
tl_coralF,55056,1056,0,64,94,64,0,1,1,4294967295
tl_coralF2,54960,996,0,0,48,64,0,1,1,4294967295
tl_coralF2,55292,1092,0,0,48,64,0,1,1,4294967295
tl_coralF,55956,1036,0,0,94,64,0,1,1,4294967295
tl_coralF,56160,1036,0,0,94,64,0,1,1,4294967295
tl_coralF,55956,1100,0,64,94,64,0,1,1,4294967295
tl_coralF,56160,1100,0,64,94,64,0,1,1,4294967295
tl_coralF,55760,1088,0,0,94,64,0,1,1,4294967295
tl_coralF,56368,1088,0,0,94,64,0,1,1,4294967295
tl_SunlightG,42088,1768,128,0,64,16,0,1,1,4294967295
tl_SunlightG,43676,1608,128,0,64,16,0,1,1,4294967295
tl_SunlightG,43736,1608,0,0,64,16,0,1,1,4294967295
tl_SunlightG,43816,1608,64,0,64,16,0,1,1,4294967295
tl_SunlightG,43900,1608,128,0,64,16,0,1,1,4294967295
tl_SunlightG,44172,1704,0,0,64,16,0,1,1,4294967295
tl_SunlightG,44268,1704,64,0,64,16,0,1,1,4294967295
tl_SunlightG,44380,1704,128,0,64,16,0,1,1,4294967295
tl_SunlightG,44488,1704,128,0,64,16,0,1,1,4294967295
tl_SunlightG,44552,1704,64,0,64,16,0,1,1,4294967295
tl_SunlightG,44676,1704,0,0,64,16,0,1,1,4294967295
tl_SunlightG,44740,1704,128,0,64,16,0,1,1,4294967295
tl_SunlightG,44852,1704,64,0,64,16,0,1,1,4294967295
tl_SunlightG,45148,1608,64,0,64,16,0,1,1,4294967295
tl_SunlightG,45208,1608,128,0,64,16,0,1,1,4294967295
tl_SunlightG,45280,1608,0,0,64,16,0,1,1,4294967295
tl_SunlightG,45348,1608,128,0,64,16,0,1,1,4294967295
tl_SunlightG,45404,1608,64,0,64,16,0,1,1,4294967295
tl_SunlightG,45472,1608,128,0,64,16,0,1,1,4294967295
tl_SunlightG,45592,1608,0,0,64,16,0,1,1,4294967295
tl_SunlightG,45652,1608,64,0,64,16,0,1,1,4294967295
tl_SunlightG,45716,1608,128,0,64,16,0,1,1,4294967295
tl_coralM2S,15776,688,0,0,64,64,0,1,1,4294967295
tl_coralM2,16932,0,0,0,128,128,0,1,1,4294967295
tl_coralM2,16932,100,0,0,128,128,0,1,1,4294967295
tl_coralM2,14872,1740,0,0,128,128,0,1,1,4294967295
tl_coralM2,14744,1804,0,0,128,128,0,1,1,4294967295
tl_coralM,11416,1956,0,0,256,256,0,1,1,4294967295
tl_coralM,10664,1844,0,0,256,256,0,1,1,4294967295
