objBGHUBT,40,100,002ED114,0,1,1,4294967295,0,0
objTargetBlockerV,1040,520,001347A2,0,1,1,4294967295,0,0
objSandRoad,296,808,002876DA,0,1,1,4294967295,0,0
objSandRoad,592,808,00286311,0,1,1,4294967295,0,0
objSandRoad,888,808,002631E0,0,1,1,4294967295,0,0
objSandRoad,1184,808,0027C091,0,1,1,4294967295,0,0
objSandRoad,1480,808,0029184A,0,1,1,4294967295,0,0
objSandRoad,1776,808,0007E1AB,0,1,1,4294967295,0,0
objSandRoad,2072,808,0005676D,0,1,1,4294967295,0,0
objSandRoad,2368,808,0007AAAD,0,1,1,4294967295,0,0
objSandRoad,2664,808,000CE6CA,0,1,1,4294967295,0,0
objSandRoad,2960,808,000DC862,0,1,1,4294967295,0,0
objSandRoad,3256,808,003DDB28,0,1,1,4294967295,0,0
objHUBRoomChange,-28,684,00256845,0,1,1,4294967295,0,0
objInvWall,-28,556,00303309,0,1,1,4294967295,0,0
objInvWall,-28,428,0021F8F7,0,1,1,4294967295,0,0
objInvWall,-28,300,0014C80C,0,1,1,4294967295,0,0
objInvWall,-28,172,000533A1,0,1,1,4294967295,0,0
objInvWall,-28,44,001B08CA,0,1,1,4294967295,0,0
objInvWall,-28,-84,0012BFB4,0,1,1,4294967295,0,0
objSandRoad,3552,808,0035DC20,0,1,1,4294967295,0,0
objSandHill,3848,664,001A01D3,0,1,1,4294967295,0,0
objSandHill,4147,520,0004EA51,0,1,1,4294967295,0,0
objSandRoad,4444,520,000B8ED4,0,1,1,4294967295,0,0
objSandRoad,4740,520,001B6730,0,1,1,4294967295,0,0
objSandRoad,5036,520,0027138B,0,1,1,4294967295,0,0
objSandRoad,5332,520,0000BEDD,0,1,1,4294967295,0,0
objSandRoad,5628,520,0020C3E3,0,1,1,4294967295,0,0
objSandRoad,5924,520,002A17B8,0,1,1,4294967295,0,0
objKoalaGenL,100,100,000BC763,0,1,1,4294967295,0,0
objKoalaGenR,120,100,002FB66C,0,1,1,4294967295,0,0
objKoalaRot,3850,780,0038E55F,0,1,1,4294967295,0,0
objKoalaRot2,4448,492,0019E7E8,0,1,1,4294967295,0,0
objKoalaRot2,3805,790,00258618,0,1,1,4294967295,0,0
objKoalaRot,4400,504,00241569,0,1,1,4294967295,0,0
objKoalaCamStop,3848,856,002A2AA8,0,1,1,4294967295,0,0
objKoalaCamStop2,4448,552,0026740E,0,1,1,4294967295,0,0
objRunWay,-204,808,00056111,0,1,1,4294967295,0,0
objInvWall,6296,268,0031F73B,0,1,1,4294967295,0,0
objInvWall,6296,140,003379E8,0,1,1,4294967295,0,0
objInvWall,6296,12,000423FF,0,1,1,4294967295,0,0
objInvWall,6296,0,000D7E73,0,1,1,4294967295,0,0
objPlayerPosition,148,792,003409AF,0,1,1,4294967295,0,0
objHUBRoomtoLevel,6296,396,0005DC27,0,1,1,4294967295,0,0
objGiftDoor,1990,784,00324728,0,1,1,4294967295,0,0
objRunWay,6220,520,000EBCEC,0,1,1,4294967295,0,0
objArcadeDoor,3086,784,0024221D,0,1,1,4294967295,0,0
objSecretDoor,724,784,0029A293,0,1,1,4294967295,0,0
objInvPlat,3936,530,0006D9B2,0,1,1,4294967295,0,0
objInvPlat,4064,530,001B5DA8,0,1,1,4294967295,0,0
objInvPlat,4107,530,00300FA9,0,1,1,4294967295,0,0
objInvPlat,3784,530,000FE603,0,1,1,4294967295,0,0
objInvPlat,3656,530,002F926B,0,1,1,4294967295,0,0
objInvPlat,3613,530,0009C7A2,0,1,1,4294967295,0,0
objInvPlat,3294,527,00055D37,0,1,1,4294967295,0,0
objInvPlat,3422,527,003FAB52,0,1,1,4294967295,0,0
objInvPlat,3465,527,002098C0,0,1,1,4294967295,0,0
objInvPlat,2943,565,0039420A,0,1,1,4294967295,0,0
objInvPlat,3071,565,00222414,0,1,1,4294967295,0,0
objInvPlat,3103,565,000C1D18,0,1,1,4294967295,0,0
objInvPlat,2799,522,000E9C25,0,1,1,4294967295,0,0
objInvPlat,2671,522,0033DCD8,0,1,1,4294967295,0,0
objInvPlat,2543,522,00002C0B,0,1,1,4294967295,0,0
objInvPlat,2471,522,00253F07,0,1,1,4294967295,0,0
objInvPlat,2162,565,000F0D87,0,1,1,4294967295,0,0
objInvPlat,2289,565,00220E3B,0,1,1,4294967295,0,0
objInvPlat,2322,565,000D18AC,0,1,1,4294967295,0,0
objInvPlat,1844,530,000F013B,0,1,1,4294967295,0,0
objInvPlat,1972,530,00159F81,0,1,1,4294967295,0,0
objInvPlat,2016,530,00096A0B,0,1,1,4294967295,0,0
objInvPlat,0,564,00227F3C,0,1,1,4294967295,0,0
objInvPlat,62,564,0030833D,0,1,1,4294967295,0,0
objInvPlat,253,527,001139A5,0,1,1,4294967295,0,0
objInvPlat,381,527,002927F6,0,1,1,4294967295,0,0
objInvPlat,424,527,000F1AB1,0,1,1,4294967295,0,0
objInvPlat,573,530,00293EFE,0,1,1,4294967295,0,0
objInvPlat,701,530,003B7421,0,1,1,4294967295,0,0
objInvPlat,745,530,0010CE4D,0,1,1,4294967295,0,0
objInvPlat,895,530,0009B6E4,0,1,1,4294967295,0,0
objInvPlat,1023,530,003AB32F,0,1,1,4294967295,0,0
objInvPlat,1068,530,003C14D4,0,1,1,4294967295,0,0
objInvPlat,1213,565,002421A2,0,1,1,4294967295,0,0
objInvPlat,1341,565,0037E445,0,1,1,4294967295,0,0
objInvPlat,1374,565,001735EB,0,1,1,4294967295,0,0
objInvPlat,1520,530,0016DB7D,0,1,1,4294967295,0,0
objInvPlat,1648,530,00052F0D,0,1,1,4294967295,0,0
objInvPlat,1693,530,0004459A,0,1,1,4294967295,0,0
objWallJumpBlock,3292,432,00026D6B,0,1,1,4294967295,0,0
objWallJumpBlock,3292,384,00238BE3,0,1,1,4294967295,0,0
objWallJumpBlock,3292,336,003A820B,0,1,1,4294967295,0,0
objWallJumpBlock,3292,288,001298AB,0,1,1,4294967295,0,0
objWallJumpBlock,3292,240,0035E9B7,0,1,1,4294967295,0,0
objWallJumpBlockR,3464,400,00234B1E,0,1,1,4294967295,0,0
objWallJumpBlockR,3464,352,0028D16B,0,1,1,4294967295,0,0
objWallJumpBlockR,3464,304,0025087E,0,1,1,4294967295,0,0
objWallJumpBlockR,3464,256,0012954D,0,1,1,4294967295,0,0
objWallJumpBlockR,3464,208,00194439,0,1,1,4294967295,0,0
objWallJumpBlockR,3464,160,0017BEA1,0,1,1,4294967295,0,0
objWallJumpBlockR,3464,112,0025D098,0,1,1,4294967295,0,0
objRailEnd2,3268,232,003972B4,0,1,1,4294967295,0,0
objRailLong,3124,232,001670F7,0,1,1,4294967295,0,0
objRailLong,2980,232,0038CF04,0,1,1,4294967295,0,0
objRailDown2,2932,232,000B68F1,0,1,1,4294967295,0,0
objRailDown2,2884,248,002A6C19,0,1,1,4294967295,0,0
objRailDown2,2836,264,003CF089,0,1,1,4294967295,0,0
objRailDown2,2788,280,000353D4,0,1,1,4294967295,0,0
objRailDown2,2740,296,0023F51A,0,1,1,4294967295,0,0
objRailDown2,2692,312,0029F7EF,0,1,1,4294967295,0,0
objRailDown2,2644,328,000CE2C3,0,1,1,4294967295,0,0
objRailDown2,2596,344,0006A12A,0,1,1,4294967295,0,0
objRailDown2,2548,360,00211EF1,0,1,1,4294967295,0,0
objRailDown2,2500,376,002C7B6C,0,1,1,4294967295,0,0
objRailDown2,2452,392,00214B4C,0,1,1,4294967295,0,0
objRailDown2,2404,408,001AC84C,0,1,1,4294967295,0,0
objRailLong,2260,424,0012E95B,0,1,1,4294967295,0,0
objRailLong,2136,424,00234765,0,1,1,4294967295,0,0
objRailEnd,2088,424,0008EDEB,0,1,1,4294967295,0,0
objBalloon,1860,324,0035D47E,0,1,1,4294967295,0,0
objBalloon,1536,240,0008D17B,0,1,1,4294967295,0,0
objBalloon,1244,160,00106568,0,1,1,4294967295,0,0
objSpringHook,1040,512,0006D5CB,0,1,1,4294967295,0,0
objFan,688,520,003067C7,0,1,1,4294967295,0,0
objFanAir,688,484,00264078,0,1,1,4294967295,0,0
objFanAir,688,452,001872A0,0,1,1,4294967295,0,0
objFanAir,688,420,00060D3C,0,1,1,4294967295,0,0
objFanAir,688,388,001A8886,0,1,1,4294967295,0,0
objFanAir,688,356,000405B9,0,1,1,4294967295,0,0
objFanAir,688,324,00190110,0,1,1,4294967295,0,0
objFanAir,688,292,00287007,0,1,1,4294967295,0,0
objFanAir,688,260,000E6E06,0,1,1,4294967295,0,0
objFanAir,688,228,000CD68B,0,1,1,4294967295,0,0
objFanAir,688,196,001BFF42,0,1,1,4294967295,0,0
objFanAir,688,164,00207503,0,1,1,4294967295,0,0
objFanAir,688,132,0000DA5E,0,1,1,4294967295,0,0
objFanAir,688,100,000A7B91,0,1,1,4294967295,0,0
objFanAir,688,68,000D5C5B,0,1,1,4294967295,0,0
objWallJumpBlockR,3464,64,001C070B,0,1,1,4294967295,0,0
objWallJumpBlockR,3464,16,001EA1BA,0,1,1,4294967295,0,0
objWallJumpBlockR,3464,-32,003499C5,0,1,1,4294967295,0,0
objLeafToken,1028,176,002B8C9A,0,1,1,4294967295,0,0
objRailBooster2,3128,236,000FDE7D,0,1,1,4294967295,0,0
objRailBooster2,2284,428,00148C0B,0,1,1,4294967295,0,0
objGRingLeft,976,180,0016E32D,0,1,1,4294967295,0,0
objGRingDown,1032,228,0037B890,0,1,1,4294967295,0,0
objGRingRight,1084,176,00094F78,0,1,1,4294967295,0,0
objKoalaDest,3984,764,0033DA3D,0,1,1,4294967295,0,0
objController,64,100,00197F1E,0,1,1,4294967295,0,0
