objPlayerPosition,592,240,00367F07,0,1,1,4294967295,0,0
objInvWall,-28,132,0010895E,0,1,1,4294967295,0,0
objInvWall,-28,4,001461BF,0,1,1,4294967295,0,0
objInvWall,636,4,00250C7E,0,1,1,4294967295,0,0
objHUBRoomChange,636,132,001A7FFA,0,1,1,4294967295,0,0
objRunWay,640,256,000EE38C,0,1,1,4294967295,0,0
objInvFloor,0,260,001F922F,0,1,1,4294967295,0,0
objInvFloor,128,260,002AEE25,0,1,1,4294967295,0,0
objInvFloor,256,260,0021C404,0,1,1,4294967295,0,0
objInvFloor,384,260,0034F019,0,1,1,4294967295,0,0
objInvFloor,512,260,0015314A,0,1,1,4294967295,0,0
objTestZoneBooth2,214,244,00346621,0,1,1,4294967295,0,0
objTestZoneBooth,113,244,0016F9D6,0,1,1,4294967295,0,0
objHUBZoneP,343,216,002C2521,0,1,1,4294967295,0,0
objHUBZoneP,392,216,0001EDDE,0,1,1,4294967295,0,0
objHUBZoneP,441,216,0020F6A0,0,1,1,4294967295,0,0
objHUBZoneP,490,216,001B6E75,0,1,1,4294967295,0,0
objHUBZoneM,330,198,00054C0D,0,1,1,4294967295,0,0
objHUBZoneM,379,198,003E7084,0,1,1,4294967295,0,0
objHUBZoneM,428,198,00281E09,0,1,1,4294967295,0,0
objHUBZoneM,477,198,003D132D,0,1,1,4294967295,0,0
objHUBZoneP2,343,224,00106EB2,0,1,1,4294967295,0,0
objHUBZoneP2,392,224,000E9D79,0,1,1,4294967295,0,0
objHUBZoneP2,441,224,00398CCE,0,1,1,4294967295,0,0
objHUBZoneP2,490,224,001E58D6,0,1,1,4294967295,0,0
objController,12,16,00049A0D,0,1,1,4294967295,0,0
