objGoal,272,144,0006F095,0,1,1,4294967295,0,0
object1513,0,176,0031BA4D,0,1,1,4294967295,0,0
object1513,192,176,0026886C,0,1,1,4294967295,0,0
objPlayerPosition,48,160,0026FD0A,0,1,1,4294967295,0,0
objInvWall,384,48,000ED5FA,0,1,1,4294967295,0,0
objInvWall,-16,48,0022F06B,0,1,1,4294967295,0,0
objInvWall,-16,-64,00236C60,0,1,1,4294967295,0,0
object1513,384,176,001F89A1,0,1,1,4294967295,0,0
object1513,576,176,001746DD,0,1,1,4294967295,0,0
object1513,768,176,000A4533,0,1,1,4294967295,0,0
object1513,960,176,001D5DB1,0,1,1,4294967295,0,0
object1513,1152,176,0011A386,0,1,1,4294967295,0,0
objController,32,0,000DD087,0,1,1,4294967295,0,0
