objBGTRAINf,924,12,0014CBB5,0,1,1,4294967295,0,0
objCircleSaw,15720,376,0027217D,0,1,1,4294967295,0,0
objCircleSaw,15996,280,00099A70,0,1,1,4294967295,0,0
objCSPlat,15808,376,002AB4CA,0,1,1,4294967295,0,0
objCSPlat,15708,376,002FEDF6,0,1,1,4294967295,0,0
objCSPlat,15908,376,000B0266,0,1,1,4294967295,0,0
objCSPlatL,15692,376,00056496,0,1,1,4294967295,0,0
objCSPlatR,16008,376,0010954A,0,1,1,4294967295,0,0
objCSPlatB,15708,272,00385CA1,0,1,1,4294967295,0,0
objCSPlatB,15808,272,001BB4E0,0,1,1,4294967295,0,0
objCSPlatB,15908,272,00160221,0,1,1,4294967295,0,0
object953,15692,272,00034831,0,1,1,4294967295,0,0
object955,16008,272,00370930,0,1,1,4294967295,0,0
objTargetBlockerV,22440,620,003D2B31,0,1,1,4294967295,0,0
objTargetBlockerV,21820,328,0035803A,0,1,1,4294967295,0,0
objGoal,24296,628,0032112C,0,1,1,4294967295,0,0
objPlayerPosition,112,180,0021998D,0,1,1,4294967295,0,0
object1452,1064,588,000670A3,0,1,1,4294967295,0,0
object1452,1140,588,00110A3E,0,1,1,4294967295,0,0
object1452,1216,588,000DC173,0,1,1,4294967295,0,0
object1453L,1064,512,001F9D80,0,1,1,4294967295,0,0
object1455M,1140,512,0016C940,0,1,1,4294967295,0,0
object1455M,1216,512,00148757,0,1,1,4294967295,0,0
object1455M,1292,512,0004C3F5,0,1,1,4294967295,0,0
object1455M,1368,512,00071940,0,1,1,4294967295,0,0
object1455M,1444,512,003A4E6F,0,1,1,4294967295,0,0
object1452,1292,588,002EFB3F,0,1,1,4294967295,0,0
object1452,1368,588,0008348B,0,1,1,4294967295,0,0
object1452,1444,588,0007D985,0,1,1,4294967295,0,0
object1455M,1520,512,0020BD71,0,1,1,4294967295,0,0
object1455M,1596,512,002521AB,0,1,1,4294967295,0,0
object1455M,1672,512,0007B1FD,0,1,1,4294967295,0,0
object1455M,1748,512,00321197,0,1,1,4294967295,0,0
object1455M,1824,512,00338DF9,0,1,1,4294967295,0,0
object1452,1520,588,002E0E66,0,1,1,4294967295,0,0
object1452,1596,588,00167D9E,0,1,1,4294967295,0,0
object1452,1672,588,001A10A4,0,1,1,4294967295,0,0
object1452,1748,588,0012D570,0,1,1,4294967295,0,0
object1452,1824,588,00373AB7,0,1,1,4294967295,0,0
object1452,1900,588,003FA56E,0,1,1,4294967295,0,0
object1452,1976,588,002B8317,0,1,1,4294967295,0,0
object1456,1976,512,000BCBA8,0,1,1,4294967295,0,0
object1453L,1976,360,003952F1,0,1,1,4294967295,0,0
object1455M,2052,360,0027C5FC,0,1,1,4294967295,0,0
object1455M,2128,360,003EB510,0,1,1,4294967295,0,0
object1455M,2204,360,0025EF00,0,1,1,4294967295,0,0
object1455M,2280,360,000B030B,0,1,1,4294967295,0,0
object1455M,2356,360,00294261,0,1,1,4294967295,0,0
object1455M,2432,360,000BFA18,0,1,1,4294967295,0,0
object1455M,2508,360,003DA514,0,1,1,4294967295,0,0
object1455M,2584,360,00326F3D,0,1,1,4294967295,0,0
object1455M,2660,360,0021B960,0,1,1,4294967295,0,0
object1455M,2736,360,0022B7A0,0,1,1,4294967295,0,0
object1452,2052,436,002E3C9E,0,1,1,4294967295,0,0
object1452,2128,436,00003621,0,1,1,4294967295,0,0
object1452,2204,436,00003F05,0,1,1,4294967295,0,0
object1452,2280,436,00176453,0,1,1,4294967295,0,0
object1452,2356,436,001E65B4,0,1,1,4294967295,0,0
object1452,2432,436,001AF646,0,1,1,4294967295,0,0
object1452,2508,436,002D3B7C,0,1,1,4294967295,0,0
object1452,2584,436,0036842C,0,1,1,4294967295,0,0
object1452,2660,436,001128FD,0,1,1,4294967295,0,0
object1452,2736,436,001FE7D2,0,1,1,4294967295,0,0
object1456,2052,512,0035297A,0,1,1,4294967295,0,0
object1456,2128,512,002FFD49,0,1,1,4294967295,0,0
object1456,2204,512,0021560A,0,1,1,4294967295,0,0
object1456,2280,512,00363904,0,1,1,4294967295,0,0
object1456,2356,512,002E3588,0,1,1,4294967295,0,0
object1456,2432,512,000F0935,0,1,1,4294967295,0,0
object1456,2508,512,000B5122,0,1,1,4294967295,0,0
object1456,2584,512,00164923,0,1,1,4294967295,0,0
object1456,2660,512,00384AE2,0,1,1,4294967295,0,0
object1456,2736,512,0002024E,0,1,1,4294967295,0,0
object1452,2052,588,0011173F,0,1,1,4294967295,0,0
object1452,2128,588,0020425B,0,1,1,4294967295,0,0
object1452,2204,588,00089AD8,0,1,1,4294967295,0,0
object1452,2280,588,001FC697,0,1,1,4294967295,0,0
object1452,2356,588,000FE429,0,1,1,4294967295,0,0
object1452,2432,588,0030A5E1,0,1,1,4294967295,0,0
object1452,2508,588,000F9ACE,0,1,1,4294967295,0,0
object1452,2584,588,002B45CB,0,1,1,4294967295,0,0
object1452,2660,588,0028ABC0,0,1,1,4294967295,0,0
object1452,2736,588,002F6077,0,1,1,4294967295,0,0
objRampJump,2824,328,001922A0,0,1,1,4294967295,0,0
object1462R,2812,436,00247602,0,1,1,4294967295,0,0
object1462R,2812,588,001D0316,0,1,1,4294967295,0,0
object1454R,2812,360,001FF775,0,1,1,4294967295,0,0
object1464R,2812,512,0009C6CF,0,1,1,4294967295,0,0
objRailLong,4372,204,0012BAEB,0,1,1,4294967295,0,0
objRailLong,4448,204,001127D5,0,1,1,4294967295,0,0
object656,4592,204,002375F0,0,1,1,4294967295,0,0
object645,4628,244,0014AB8D,0,1,1,4294967295,0,0
object645,4628,292,002D0590,0,1,1,4294967295,0,0
object645,4628,340,001F45FD,0,1,1,4294967295,0,0
object645,4628,388,0016BAC5,0,1,1,4294967295,0,0
object645,4628,436,00005AFB,0,1,1,4294967295,0,0
object657,4628,576,00113796,0,1,1,4294967295,0,0
object645,4628,484,003CA8FB,0,1,1,4294967295,0,0
object645,4628,528,00098864,0,1,1,4294967295,0,0
objRailLong,4672,608,0024973F,0,1,1,4294967295,0,0
objRailLong,4812,608,001129A9,0,1,1,4294967295,0,0
objRailLong,4952,608,003FA142,0,1,1,4294967295,0,0
objDasherLeft,2436,344,0017B481,0,1,1,4294967295,0,0
objDasherLeft,2012,344,0013A34E,0,1,1,4294967295,0,0
object1458L,5096,608,00235FE7,0,1,1,4294967295,0,0
object1466M2,5172,608,0025410C,0,1,1,4294967295,0,0
object1466M2,5400,608,0040255E,0,1,1,4294967295,0,0
object1466M2,5628,608,003BEBB5,0,1,1,4294967295,0,0
object1466M2,760,588,001E7F34,0,1,1,4294967295,0,0
object1466M2,532,588,00054DEC,0,1,1,4294967295,0,0
object1466M2,304,588,00248510,0,1,1,4294967295,0,0
object1466M2,76,588,0011E146,0,1,1,4294967295,0,0
object1466M2,-152,588,00315617,0,1,1,4294967295,0,0
object1463L,5856,532,0033F560,0,1,1,4294967295,0,0
object1452,5856,608,002E535B,0,1,1,4294967295,0,0
object1461L,5856,456,0031504A,0,1,1,4294967295,0,0
object1453L,5856,380,0018CE61,0,1,1,4294967295,0,0
object1454R,5932,380,001EA724,0,1,1,4294967295,0,0
object1462R,5932,456,001FE766,0,1,1,4294967295,0,0
object1464R,5932,532,0023EC68,0,1,1,4294967295,0,0
object1466M2,6008,608,002A392B,0,1,1,4294967295,0,0
object1466M2,6236,608,0007B2EC,0,1,1,4294967295,0,0
object1466M2,6464,608,00321951,0,1,1,4294967295,0,0
object1452,5932,608,001D56DC,0,1,1,4294967295,0,0
object1461L,6692,456,001059AA,0,1,1,4294967295,0,0
object1461L,6692,304,00096D63,0,1,1,4294967295,0,0
object1453L,6692,228,002471C1,0,1,1,4294967295,0,0
object1463L,6692,532,003C70CE,0,1,1,4294967295,0,0
object1463L,6692,380,0033BA05,0,1,1,4294967295,0,0
object1465M2,6768,228,00240EA7,0,1,1,4294967295,0,0
object1456,6768,532,003F54CE,0,1,1,4294967295,0,0
object1456,6768,380,003C3A10,0,1,1,4294967295,0,0
object1456,6844,380,000ADCCB,0,1,1,4294967295,0,0
object1456,6844,532,0023F491,0,1,1,4294967295,0,0
object1456,6920,380,000E71EA,0,1,1,4294967295,0,0
object1456,6920,532,000BC195,0,1,1,4294967295,0,0
object1452,6692,608,002CEFC8,0,1,1,4294967295,0,0
object1452,6768,608,0040429F,0,1,1,4294967295,0,0
object1452,6844,608,00347880,0,1,1,4294967295,0,0
object1452,6920,608,0012C8FB,0,1,1,4294967295,0,0
object1452,6768,456,0000E9D4,0,1,1,4294967295,0,0
object1452,6768,304,001E473B,0,1,1,4294967295,0,0
object1452,6844,304,003B2273,0,1,1,4294967295,0,0
object1452,6920,304,00391632,0,1,1,4294967295,0,0
object1452,6844,456,000619BB,0,1,1,4294967295,0,0
object1452,6920,456,003D2047,0,1,1,4294967295,0,0
objSpringHook,6040,592,00233D43,0,1,1,4294967295,0,0
objSpringHook,5824,592,001A2429,0,1,1,4294967295,0,0
objDisc,6128,256,002FA44B,0,1,1,4294967295,0,0
objDisc,6244,212,00123EEC,0,1,1,4294967295,0,0
objDisc,6364,176,00399500,0,1,1,4294967295,0,0
objDisc,6488,140,001BE0A2,0,1,1,4294967295,0,0
objDisc,6608,116,002C778D,0,1,1,4294967295,0,0
objDisc,6748,116,003E0C4F,0,1,1,4294967295,0,0
objDasherLeft,6712,212,000CB660,0,1,1,4294967295,0,0
objDasherRight,6624,592,002BDB35,0,1,1,4294967295,0,0
object1465M2,6996,228,003E16C5,0,1,1,4294967295,0,0
object1454R,7224,228,0032A3BA,0,1,1,4294967295,0,0
object1464R,7224,380,003E7A28,0,1,1,4294967295,0,0
object1462R,7224,304,0007FA81,0,1,1,4294967295,0,0
object1462R,7224,456,00254BC8,0,1,1,4294967295,0,0
object1465M2,7300,532,0011E7C3,0,1,1,4294967295,0,0
object1452,6996,304,00349402,0,1,1,4294967295,0,0
object1452,7072,304,003315E4,0,1,1,4294967295,0,0
object1452,7148,304,00224F4B,0,1,1,4294967295,0,0
object1452,6996,456,00025014,0,1,1,4294967295,0,0
object1452,7072,456,001F8272,0,1,1,4294967295,0,0
object1452,7148,456,0010F8A3,0,1,1,4294967295,0,0
object1452,6996,608,00359853,0,1,1,4294967295,0,0
object1452,7072,608,0017BF53,0,1,1,4294967295,0,0
object1452,7148,608,0029DF64,0,1,1,4294967295,0,0
object1452,7224,608,000B4896,0,1,1,4294967295,0,0
object1452,7300,608,00063FC8,0,1,1,4294967295,0,0
object1452,7376,608,000709F8,0,1,1,4294967295,0,0
object1452,7452,608,003C05EF,0,1,1,4294967295,0,0
object1456,6996,380,0035C313,0,1,1,4294967295,0,0
object1456,7072,380,0015E6DA,0,1,1,4294967295,0,0
object1456,7148,380,001FD7F2,0,1,1,4294967295,0,0
object1456,6996,532,00041247,0,1,1,4294967295,0,0
object1456,7072,532,0011CC8A,0,1,1,4294967295,0,0
object1456,7148,532,001E030E,0,1,1,4294967295,0,0
object1456,7224,532,0022F3AE,0,1,1,4294967295,0,0
object1461L,7348,152,00192D97,0,1,1,4294967295,0,0
object1463L,7348,228,00164885,0,1,1,4294967295,0,0
object1463L,7348,76,003BDBC9,0,1,1,4294967295,0,0
object1461L,7348,0,00149FA9,0,1,1,4294967295,0,0
object1452,7424,152,003CB2A9,0,1,1,4294967295,0,0
object1452,7424,0,00194783,0,1,1,4294967295,0,0
object1452,7500,0,0014D44C,0,1,1,4294967295,0,0
object1452,7576,0,0032C679,0,1,1,4294967295,0,0
object1452,7652,0,00162687,0,1,1,4294967295,0,0
object1452,7500,152,0014A53C,0,1,1,4294967295,0,0
object1452,7576,152,0036C3A7,0,1,1,4294967295,0,0
object1452,7652,152,0009FFC5,0,1,1,4294967295,0,0
object1456,7424,76,000E63E8,0,1,1,4294967295,0,0
object1456,7500,76,0004F6C5,0,1,1,4294967295,0,0
object1456,7576,76,003D424E,0,1,1,4294967295,0,0
object1456,7652,76,00386206,0,1,1,4294967295,0,0
object1464R,7728,76,003EB1D3,0,1,1,4294967295,0,0
object1464R,7728,228,00374438,0,1,1,4294967295,0,0
object1462R,7728,152,00221047,0,1,1,4294967295,0,0
object1462R,7728,0,0031AFD0,0,1,1,4294967295,0,0
object1456,7424,228,003DE1E3,0,1,1,4294967295,0,0
object1456,7500,228,002677AD,0,1,1,4294967295,0,0
object1456,7576,228,0022767C,0,1,1,4294967295,0,0
object1456,7652,228,003906C9,0,1,1,4294967295,0,0
object1467L,7348,304,0022D794,0,1,1,4294967295,0,0
object1469R,7728,304,0020358E,0,1,1,4294967295,0,0
object1468M,7424,304,0039C0CC,0,1,1,4294967295,0,0
object1468M,7500,304,0002A40D,0,1,1,4294967295,0,0
object1468M,7576,304,00208FCC,0,1,1,4294967295,0,0
object1468M,7652,304,002DF890,0,1,1,4294967295,0,0
object1465M2,7528,532,0000B8CA,0,1,1,4294967295,0,0
object1465M2,7756,532,000F82DF,0,1,1,4294967295,0,0
object1465M2,7984,532,00344C92,0,1,1,4294967295,0,0
object1465M2,8212,532,0019B9E5,0,1,1,4294967295,0,0
object1465M2,8440,532,00126297,0,1,1,4294967295,0,0
objTestDuck,8568,516,0017830B,0,1,1,4294967295,0,0
object1467L,8568,440,002D3492,0,1,1,4294967295,0,0
object1468M,8644,440,0030BD7D,0,1,1,4294967295,0,0
object1469R,8720,440,001F96BC,0,1,1,4294967295,0,0
object1453L,8568,364,00337042,0,1,1,4294967295,0,0
object1455M,8644,364,00248025,0,1,1,4294967295,0,0
object1454R,8720,364,0034A6DC,0,1,1,4294967295,0,0
object1465M2,8668,532,0037BFC8,0,1,1,4294967295,0,0
objTestDuck,8668,516,003CDA82,0,1,1,4294967295,0,0
object1452,7528,608,000BB167,0,1,1,4294967295,0,0
object1452,7604,608,0001C59A,0,1,1,4294967295,0,0
object1452,7680,608,000FEB15,0,1,1,4294967295,0,0
object1452,7756,608,0031E05D,0,1,1,4294967295,0,0
object1452,7832,608,0009C329,0,1,1,4294967295,0,0
object1452,7908,608,003BB8E4,0,1,1,4294967295,0,0
object1452,7984,608,002B82B1,0,1,1,4294967295,0,0
object1452,8060,608,00365B49,0,1,1,4294967295,0,0
object1452,8136,608,002CA85F,0,1,1,4294967295,0,0
object1452,8212,608,0020350C,0,1,1,4294967295,0,0
object1452,8288,608,00104B5A,0,1,1,4294967295,0,0
object1452,8364,608,001D566E,0,1,1,4294967295,0,0
object1452,8440,608,0006C544,0,1,1,4294967295,0,0
object1452,8516,608,003B8AE2,0,1,1,4294967295,0,0
object1452,8592,608,000BED4A,0,1,1,4294967295,0,0
object1452,8668,608,0037C028,0,1,1,4294967295,0,0
object1452,8744,608,0021839F,0,1,1,4294967295,0,0
object1452,8820,608,0037085A,0,1,1,4294967295,0,0
object1461L,8896,456,0012D0C2,0,1,1,4294967295,0,0
object1461L,8896,304,002FBEA5,0,1,1,4294967295,0,0
object1463L,8896,380,00365E60,0,1,1,4294967295,0,0
object1456,8896,532,001D857E,0,1,1,4294967295,0,0
object1456,8972,532,001C33BC,0,1,1,4294967295,0,0
object1456,8972,380,001040D0,0,1,1,4294967295,0,0
object1452,8896,608,003C24EF,0,1,1,4294967295,0,0
object1452,8972,608,0033AB24,0,1,1,4294967295,0,0
object1452,8972,456,00286FED,0,1,1,4294967295,0,0
object1453L,8896,228,00201027,0,1,1,4294967295,0,0
object1455M,8972,228,001ACD34,0,1,1,4294967295,0,0
objPushBlockReg,9124,168,0017BBDE,0,1,1,4294967295,0,0
object1454R,9048,228,0030B79C,0,1,1,4294967295,0,0
object1464R,9048,380,000BED2C,0,1,1,4294967295,0,0
object1462R,9048,304,002F3D91,0,1,1,4294967295,0,0
object1462R,9048,456,002F3ECA,0,1,1,4294967295,0,0
object1452,8972,304,000F5A30,0,1,1,4294967295,0,0
objSpike,8568,332,002DD76B,0,1,1,4294967295,0,0
objSpike,8600,332,001337D6,0,1,1,4294967295,0,0
objSpike,8632,332,002FC011,0,1,1,4294967295,0,0
objSpike,8664,332,0000427A,0,1,1,4294967295,0,0
objSpike,8700,332,00070577,0,1,1,4294967295,0,0
objSpike,8732,332,00357768,0,1,1,4294967295,0,0
objSpike,8764,332,002BAFC7,0,1,1,4294967295,0,0
object1453L,9172,228,0026ED9D,0,1,1,4294967295,0,0
object1461L,9248,152,001E75A8,0,1,1,4294967295,0,0
object1463L,9248,76,00121C2C,0,1,1,4294967295,0,0
object1461L,9248,0,0011D58B,0,1,1,4294967295,0,0
object1464R,9048,532,0019F831,0,1,1,4294967295,0,0
object1466M2,9124,608,00373AA8,0,1,1,4294967295,0,0
object1466M2,9352,608,003A6525,0,1,1,4294967295,0,0
object1466M2,9580,608,0025292E,0,1,1,4294967295,0,0
object1467L,9172,304,00050088,0,1,1,4294967295,0,0
object1468M,9248,304,00309056,0,1,1,4294967295,0,0
object1468M,9324,304,0019BAB3,0,1,1,4294967295,0,0
object1468M,9400,304,003DA07E,0,1,1,4294967295,0,0
object1468M,9476,304,003C5CF1,0,1,1,4294967295,0,0
object1468M,9552,304,0026EBA9,0,1,1,4294967295,0,0
object1464R,9704,228,000895A7,0,1,1,4294967295,0,0
object1464R,9704,76,00379E84,0,1,1,4294967295,0,0
object1462R,9704,152,0032B194,0,1,1,4294967295,0,0
object1462R,9704,0,000135B2,0,1,1,4294967295,0,0
object1452,9048,608,003BF654,0,1,1,4294967295,0,0
object1452,9324,152,000347A5,0,1,1,4294967295,0,0
object1452,9400,152,001308D1,0,1,1,4294967295,0,0
object1452,9476,152,002721F2,0,1,1,4294967295,0,0
object1452,9552,152,003C82E6,0,1,1,4294967295,0,0
object1452,9628,152,001794F3,0,1,1,4294967295,0,0
object1452,9324,0,0008E51C,0,1,1,4294967295,0,0
object1452,9400,0,00280871,0,1,1,4294967295,0,0
object1452,9476,0,001DA961,0,1,1,4294967295,0,0
object1452,9552,0,0019B6D9,0,1,1,4294967295,0,0
object1452,9628,0,001883AF,0,1,1,4294967295,0,0
object1456,9248,228,0032B3D9,0,1,1,4294967295,0,0
object1456,9324,228,00382923,0,1,1,4294967295,0,0
object1456,9400,228,0020B106,0,1,1,4294967295,0,0
object1456,9476,228,0035F54A,0,1,1,4294967295,0,0
object1456,9552,228,00032AA6,0,1,1,4294967295,0,0
object1456,9628,228,003FF4D4,0,1,1,4294967295,0,0
object1456,9324,76,00031699,0,1,1,4294967295,0,0
object1456,9400,76,00197C89,0,1,1,4294967295,0,0
object1456,9476,76,0006BFE0,0,1,1,4294967295,0,0
object1456,9552,76,001F1D84,0,1,1,4294967295,0,0
object1456,9628,76,0035D59E,0,1,1,4294967295,0,0
object1466M2,9808,608,0021A910,0,1,1,4294967295,0,0
object1463L,10036,532,003C6D4C,0,1,1,4294967295,0,0
object1463L,10036,380,0009F01E,0,1,1,4294967295,0,0
object1463L,10036,228,000A6460,0,1,1,4294967295,0,0
object1461L,10036,456,001EAE52,0,1,1,4294967295,0,0
object1461L,10036,304,0030394F,0,1,1,4294967295,0,0
object1458L,10036,152,001394A6,0,1,1,4294967295,0,0
object1452,10036,608,00370768,0,1,1,4294967295,0,0
object1452,10112,608,003AA58E,0,1,1,4294967295,0,0
object1452,10188,608,003CD89C,0,1,1,4294967295,0,0
object1452,10264,608,001B201D,0,1,1,4294967295,0,0
object1466M2,10112,152,00117D68,0,1,1,4294967295,0,0
object1466M2,10340,152,003986B2,0,1,1,4294967295,0,0
object1460R,10568,152,000A0B24,0,1,1,4294967295,0,0
object1464R,10568,228,000AD75E,0,1,1,4294967295,0,0
object1464R,10568,380,0023450B,0,1,1,4294967295,0,0
object1464R,10568,532,0019315A,0,1,1,4294967295,0,0
object1462R,10568,304,001CE833,0,1,1,4294967295,0,0
object1462R,10568,456,003535B2,0,1,1,4294967295,0,0
object1466M2,10644,608,0034AD64,0,1,1,4294967295,0,0
object1466M2,10872,608,003437EA,0,1,1,4294967295,0,0
object1466M2,11100,608,0035BCAD,0,1,1,4294967295,0,0
object1452,10340,608,003C7311,0,1,1,4294967295,0,0
object1452,10416,608,0005F28C,0,1,1,4294967295,0,0
object1452,10492,608,002FEB71,0,1,1,4294967295,0,0
object1452,10568,608,001BEB6E,0,1,1,4294967295,0,0
object1452,10112,456,0003D744,0,1,1,4294967295,0,0
object1452,10188,456,00298AF6,0,1,1,4294967295,0,0
object1452,10264,456,00399A13,0,1,1,4294967295,0,0
object1452,10340,456,0005265E,0,1,1,4294967295,0,0
object1452,10416,456,002AFE72,0,1,1,4294967295,0,0
object1452,10492,456,000B703E,0,1,1,4294967295,0,0
object1452,10112,304,003A7FD5,0,1,1,4294967295,0,0
object1452,10188,304,00237C67,0,1,1,4294967295,0,0
object1452,10264,304,000A3D0D,0,1,1,4294967295,0,0
object1452,10340,304,0038D91F,0,1,1,4294967295,0,0
object1452,10416,304,002E11E2,0,1,1,4294967295,0,0
object1452,10492,304,003E7DC1,0,1,1,4294967295,0,0
object1456,10112,532,0011375C,0,1,1,4294967295,0,0
object1456,10188,532,00358DE0,0,1,1,4294967295,0,0
object1456,10264,532,0014AAA9,0,1,1,4294967295,0,0
object1456,10340,532,001D5945,0,1,1,4294967295,0,0
object1456,10416,532,00316036,0,1,1,4294967295,0,0
object1456,10492,532,002713B7,0,1,1,4294967295,0,0
object1456,10492,380,003E6861,0,1,1,4294967295,0,0
object1456,10416,380,00284774,0,1,1,4294967295,0,0
object1456,10340,380,001DD33F,0,1,1,4294967295,0,0
object1456,10264,380,001DBFCB,0,1,1,4294967295,0,0
object1456,10188,380,0037545F,0,1,1,4294967295,0,0
object1456,10112,380,0035FB97,0,1,1,4294967295,0,0
object1456,10112,228,00323961,0,1,1,4294967295,0,0
object1456,10188,228,001E30C1,0,1,1,4294967295,0,0
object1456,10264,228,003424E8,0,1,1,4294967295,0,0
object1456,10340,228,00100E69,0,1,1,4294967295,0,0
object1456,10416,228,00208292,0,1,1,4294967295,0,0
object1456,10492,228,001944C9,0,1,1,4294967295,0,0
objInvFloor,9776,-28,00252FCF,0,1,1,4294967295,0,0
objInvFloor,9904,-28,00038647,0,1,1,4294967295,0,0
objInvFloor,10028,-28,001DB849,0,1,1,4294967295,0,0
objInvFloor,10148,-28,0011D2AC,0,1,1,4294967295,0,0
objInvFloor,10272,-28,002EBBA4,0,1,1,4294967295,0,0
objInvFloor,10388,-28,0022FA75,0,1,1,4294967295,0,0
objInvFloor,10512,-28,000BE1BE,0,1,1,4294967295,0,0
objInvFloor,10636,-28,003EEF06,0,1,1,4294967295,0,0
objInvFloor,10760,-28,000EEEE2,0,1,1,4294967295,0,0
object1466M2,11328,608,003384D8,0,1,1,4294967295,0,0
object1466M2,11556,608,0037FABE,0,1,1,4294967295,0,0
objDasherLeft,10108,136,000879F0,0,1,1,4294967295,0,0
objDasherLeft,9280,592,000F4839,0,1,1,4294967295,0,0
objTrickJump,11796,576,000B4262,0,1,1,4294967295,0,0
object1460R,11784,608,000AF110,0,1,1,4294967295,0,0
object1458L,13448,608,0011A4B6,0,1,1,4294967295,0,0
object1466M2,13524,608,0028E488,0,1,1,4294967295,0,0
object1460R,13752,608,00383428,0,1,1,4294967295,0,0
object1465M2,15420,460,0026C2F2,0,1,1,4294967295,0,0
objSpringNonHome2,10660,144,00084FA3,0,1,1,4294967295,0,0
object1467L,9628,456,0019A167,0,1,1,4294967295,0,0
object1463L,9628,380,001350A8,0,1,1,4294967295,0,0
object1469R,9704,456,002A13B1,0,1,1,4294967295,0,0
object1464R,9704,380,0010FEDE,0,1,1,4294967295,0,0
object1462R,9704,304,0034E100,0,1,1,4294967295,0,0
object1452,9628,304,003E925D,0,1,1,4294967295,0,0
objDasherLeft,7312,516,003641B8,0,1,1,4294967295,0,0
objDasherLeft,7740,516,00281862,0,1,1,4294967295,0,0
objRailLong,4296,204,0007B11C,0,1,1,4294967295,0,0
object1453L,15344,460,000A6761,0,1,1,4294967295,0,0
object1469R,16032,196,00142505,0,1,1,4294967295,0,0
object1467L,15652,196,002A6C80,0,1,1,4294967295,0,0
object1468M,15728,196,00011F61,0,1,1,4294967295,0,0
object1468M,15804,196,00251709,0,1,1,4294967295,0,0
object1468M,15880,196,002F2A3A,0,1,1,4294967295,0,0
object1468M,15956,196,00037878,0,1,1,4294967295,0,0
object1461L,15652,44,0012FC97,0,1,1,4294967295,0,0
object1463L,15652,120,002F864A,0,1,1,4294967295,0,0
object1463L,15652,-32,00250AE0,0,1,1,4294967295,0,0
object1464R,16032,120,001073EE,0,1,1,4294967295,0,0
object1464R,16032,-32,001B6D68,0,1,1,4294967295,0,0
object1462R,16032,44,0038659C,0,1,1,4294967295,0,0
object1458L,15648,384,0002D1F6,0,1,1,4294967295,0,0
object1466M2,15724,384,00302946,0,1,1,4294967295,0,0
object1460R,15952,384,001E17AB,0,1,1,4294967295,0,0
object1464R,15952,460,000D9146,0,1,1,4294967295,0,0
object1456,15648,460,0036ABC9,0,1,1,4294967295,0,0
object1456,15724,460,0035C0A3,0,1,1,4294967295,0,0
object1456,15800,460,00320E82,0,1,1,4294967295,0,0
object1456,15876,460,000AD7B6,0,1,1,4294967295,0,0
object1456,15728,120,00330827,0,1,1,4294967295,0,0
object1456,15804,120,003F92F7,0,1,1,4294967295,0,0
object1456,15880,120,000126FF,0,1,1,4294967295,0,0
object1456,15956,120,000E296D,0,1,1,4294967295,0,0
object1456,15728,-32,002EC7C5,0,1,1,4294967295,0,0
object1456,15804,-32,00018B11,0,1,1,4294967295,0,0
object1456,15880,-32,003D9235,0,1,1,4294967295,0,0
object1456,15956,-32,001B7A86,0,1,1,4294967295,0,0
object1452,15728,44,002DE997,0,1,1,4294967295,0,0
object1452,15804,44,0031D497,0,1,1,4294967295,0,0
object1452,15880,44,0008A637,0,1,1,4294967295,0,0
object1452,15956,44,000339F9,0,1,1,4294967295,0,0
object1461L,15344,536,002D2A08,0,1,1,4294967295,0,0
object1463L,15344,612,003F49F4,0,1,1,4294967295,0,0
object1462R,15952,536,003F7305,0,1,1,4294967295,0,0
object1464R,15952,612,002BB52F,0,1,1,4294967295,0,0
object1452,15420,536,00188766,0,1,1,4294967295,0,0
object1452,15496,536,0020437E,0,1,1,4294967295,0,0
object1452,15572,536,0022FF2C,0,1,1,4294967295,0,0
object1452,15648,536,002ECFEC,0,1,1,4294967295,0,0
object1452,15724,536,003E1BA0,0,1,1,4294967295,0,0
object1452,15800,536,00216A12,0,1,1,4294967295,0,0
object1452,15876,536,00105159,0,1,1,4294967295,0,0
object1456,15420,612,002F664A,0,1,1,4294967295,0,0
object1456,15496,612,0019159F,0,1,1,4294967295,0,0
object1456,15572,612,003B38F4,0,1,1,4294967295,0,0
object1456,15648,612,00279E2F,0,1,1,4294967295,0,0
object1456,15724,612,00043E37,0,1,1,4294967295,0,0
object1456,15800,612,001499E3,0,1,1,4294967295,0,0
object1456,15876,612,0022A0C5,0,1,1,4294967295,0,0
object1466M2,16560,612,000BE820,0,1,1,4294967295,0,0
object1466M2,17016,612,00251A22,0,1,1,4294967295,0,0
object1466M2,17244,612,001FC1EE,0,1,1,4294967295,0,0
object1466M2,17472,612,003AD9F5,0,1,1,4294967295,0,0
object1466M2,17700,612,002E3A20,0,1,1,4294967295,0,0
object1466M2,17928,612,000124F5,0,1,1,4294967295,0,0
object1466M2,18156,612,000A9268,0,1,1,4294967295,0,0
object1466M2,18384,612,002AD003,0,1,1,4294967295,0,0
object1466M2,18612,612,003192A9,0,1,1,4294967295,0,0
objDasherLeft,16044,672,001433C8,0,1,1,4294967295,0,0
objSpringDiagonalRight,13780,592,0021535E,0,1,1,4294967295,0,0
objSpringLeft,13536,388,000FCE80,0,1,1,4294967295,0,0
object1471,13488,372,003F121C,0,1,1,4294967295,0,0
object1466M2,18840,612,000E35E0,0,1,1,4294967295,0,0
object1466M2,19068,612,0036F960,0,1,1,4294967295,0,0
object1466M2,19296,612,00228299,0,1,1,4294967295,0,0
object1466M2,19524,612,001BF8C7,0,1,1,4294967295,0,0
object1466M2,19752,612,0013A90E,0,1,1,4294967295,0,0
object1466M2,19980,612,001CF61C,0,1,1,4294967295,0,0
object1466M2,20208,612,0036E33A,0,1,1,4294967295,0,0
objPoleGrab,6680,512,0008F2ED,0,1,1,4294967295,0,0
objPoleGrab,6680,428,00208987,0,1,1,4294967295,0,0
objPoleGrab,6680,348,0011CEB7,0,1,1,4294967295,0,0
objPoleGrab,6680,268,000F147B,0,1,1,4294967295,0,0
objNegaStandard,20068,592,003A2427,0,1,1,4294967295,0,0
objNegaStandard,19256,592,002FACC7,0,1,1,4294967295,0,0
objNegaStandard,19492,592,00002FA4,0,1,1,4294967295,0,0
objNegaStandard,19708,592,0007BEDB,0,1,1,4294967295,0,0
objNegaStandard,19896,592,000C3810,0,1,1,4294967295,0,0
objTutHint,724,288,001455B8,0,1,1,4294967295,0,0
objTutHint,5724,384,003C7B09,0,1,1,4294967295,0,0
objTutHint,7200,-72,0032B672,0,1,1,4294967295,0,0
objTutHint,8296,232,002D0DA6,0,1,1,4294967295,0,0
objTutHint,9040,-72,00061FBD,0,1,1,4294967295,0,0
objTutHint,9800,308,0037E07A,0,1,1,4294967295,0,0
objTutHint,11680,308,00095B64,0,1,1,4294967295,0,0
objTutHint,13712,116,00329A06,0,1,1,4294967295,0,0
objTutHint,15540,160,002C5B9E,0,1,1,4294967295,0,0
objTutHint,16332,-48,0039A41F,0,1,1,4294967295,0,0
object1459M,988,588,002F578D,0,1,1,4294967295,0,0
object1464R,2812,664,003C9D4D,0,1,1,4294967295,0,0
object1464R,2812,816,0008D81E,0,1,1,4294967295,0,0
object1462R,2812,740,0032FAF2,0,1,1,4294967295,0,0
object1452,2736,740,0005C11C,0,1,1,4294967295,0,0
object1456,2736,664,003D08D1,0,1,1,4294967295,0,0
object1456,2736,816,0033D010,0,1,1,4294967295,0,0
object1463L,5096,684,001D6F0A,0,1,1,4294967295,0,0
object1463L,5096,836,002FD08E,0,1,1,4294967295,0,0
object1461L,5096,760,001DAC25,0,1,1,4294967295,0,0
object1461L,15344,688,0020FCA4,0,1,1,4294967295,0,0
object1463L,15344,764,001CD073,0,1,1,4294967295,0,0
object1462R,15952,688,00252250,0,1,1,4294967295,0,0
object1464R,15952,764,00055533,0,1,1,4294967295,0,0
object1452,15724,688,0005D2A6,0,1,1,4294967295,0,0
object1452,15800,688,002F773E,0,1,1,4294967295,0,0
object1452,15876,688,0012D64B,0,1,1,4294967295,0,0
object1456,15724,764,000EA19E,0,1,1,4294967295,0,0
object1456,15800,764,00387DEF,0,1,1,4294967295,0,0
object1456,15876,764,0008846C,0,1,1,4294967295,0,0
object1456,13524,684,000ABE06,0,1,1,4294967295,0,0
object1456,13600,684,00143800,0,1,1,4294967295,0,0
object1456,13676,684,00390D1E,0,1,1,4294967295,0,0
object1461L,13448,760,000028E3,0,1,1,4294967295,0,0
object1463L,13448,684,001B9EB1,0,1,1,4294967295,0,0
object1464R,13752,684,0005E9E2,0,1,1,4294967295,0,0
object1464R,13752,836,0026E111,0,1,1,4294967295,0,0
object1462R,13752,760,0011909B,0,1,1,4294967295,0,0
object1463L,13448,836,00384C62,0,1,1,4294967295,0,0
object1452,13524,760,0008EAA2,0,1,1,4294967295,0,0
object1452,13600,760,002C6687,0,1,1,4294967295,0,0
object1452,13676,760,00352245,0,1,1,4294967295,0,0
object1456,13524,836,0024DC1E,0,1,1,4294967295,0,0
object1456,13600,836,0035E8FA,0,1,1,4294967295,0,0
object1456,13676,836,00027A29,0,1,1,4294967295,0,0
object1456,11556,684,002FF42A,0,1,1,4294967295,0,0
object1456,11632,684,0031CB90,0,1,1,4294967295,0,0
object1456,11708,684,00183249,0,1,1,4294967295,0,0
object1456,11556,836,003C59BB,0,1,1,4294967295,0,0
object1456,11632,836,0004C523,0,1,1,4294967295,0,0
object1456,11708,836,001923A7,0,1,1,4294967295,0,0
object1464R,11784,684,00235643,0,1,1,4294967295,0,0
object1464R,11784,836,00153FEB,0,1,1,4294967295,0,0
object1462R,11784,760,00005564,0,1,1,4294967295,0,0
object1452,11556,760,00293CCA,0,1,1,4294967295,0,0
object1452,11632,760,001CB4A7,0,1,1,4294967295,0,0
object1452,11708,760,0017F932,0,1,1,4294967295,0,0
objSpringNonHome,5996,364,002BE3A8,0,1,1,4294967295,0,0
objTutHintDes,1096,212,002F1029,0,1,1,4294967295,0,0
objTutHintDes,6792,-72,0012336A,0,1,1,4294967295,0,0
objTutHintDes,7308,380,0034F06F,0,1,1,4294967295,0,0
objTutHintDes,8800,232,0001C416,0,1,1,4294967295,0,0
objTutHintDes,9132,272,002B9903,0,1,1,4294967295,0,0
objTutHintDes,10000,-72,003D1126,0,1,1,4294967295,0,0
object1471,13796,576,003D7762,0,1,1,4294967295,0,0
objSpecialRing,15604,92,0010EF2C,0,1,1,4294967295,0,0
objRampJump,20676,580,00284B18,0,1,1,4294967295,0,0
object1466M2,20436,612,00040D04,0,1,1,4294967295,0,0
object1460R,20664,612,00003560,0,1,1,4294967295,0,0
object1464R,20664,688,000459ED,0,1,1,4294967295,0,0
object1462R,20664,764,0012A109,0,1,1,4294967295,0,0
object1452,20588,764,00246271,0,1,1,4294967295,0,0
object1456,20588,688,0016EBD3,0,1,1,4294967295,0,0
object1463L,16332,536,0020FAEC,0,1,1,4294967295,0,0
object1463L,16332,384,001647E1,0,1,1,4294967295,0,0
object1461L,16332,460,000BB7E8,0,1,1,4294967295,0,0
object1461L,16332,308,0000C78D,0,1,1,4294967295,0,0
object1465M2,16028,688,000E9A43,0,1,1,4294967295,0,0
object1461L,16332,612,003B8947,0,1,1,4294967295,0,0
object1455M,16256,688,0010CC2B,0,1,1,4294967295,0,0
object1453L,16332,232,003FBB8A,0,1,1,4294967295,0,0
object1454R,16408,232,001C3656,0,1,1,4294967295,0,0
object1464R,16408,384,0021E511,0,1,1,4294967295,0,0
object1464R,16408,536,0034959F,0,1,1,4294967295,0,0
object1462R,16408,308,002EA640,0,1,1,4294967295,0,0
object1462R,16408,460,0035A5C2,0,1,1,4294967295,0,0
object1459M,16484,612,003F6C74,0,1,1,4294967295,0,0
object1452,16408,612,00342947,0,1,1,4294967295,0,0
objSpringUp,16308,672,0028D7B5,0,1,1,4294967295,0,0
objSpikeBall,16176,328,00196E6D,0,1,1,4294967295,0,0
objSpikeBall,16176,380,0016CA3F,0,1,1,4294967295,0,0
objSpikeBall,16176,276,003DA786,0,1,1,4294967295,0,0
objRingD,16500,180,0019250B,0,1,1,4294967295,0,0
objRingD,16532,180,002918D9,0,1,1,4294967295,0,0
objRingD,16564,180,00328FA3,0,1,1,4294967295,0,0
objRingD,16596,188,0028D0BC,0,1,1,4294967295,0,0
objRingD,16628,196,0025E756,0,1,1,4294967295,0,0
objRingD,16660,208,003C1B5A,0,1,1,4294967295,0,0
objRingD,16688,220,003430E5,0,1,1,4294967295,0,0
objRingD,16712,240,00298F63,0,1,1,4294967295,0,0
objRingD,16740,260,0035409C,0,1,1,4294967295,0,0
objRingD,16764,280,00348AEE,0,1,1,4294967295,0,0
objRingD,16792,288,0025B4FC,0,1,1,4294967295,0,0
objRingD,16824,288,003C667A,0,1,1,4294967295,0,0
objRingD,16852,276,001AADA7,0,1,1,4294967295,0,0
objRingD,16876,260,001E18CA,0,1,1,4294967295,0,0
objRingD,16900,240,003FBBE6,0,1,1,4294967295,0,0
objRingD,16920,220,000C7803,0,1,1,4294967295,0,0
objRingD,16940,200,0032C296,0,1,1,4294967295,0,0
objRingD,16960,180,002C0254,0,1,1,4294967295,0,0
objRingD,16976,148,000BAE2C,0,1,1,4294967295,0,0
objSpringNonHome4,16976,152,000E8E9F,0,1,1,4294967295,0,0
object1461L,16864,460,002F8E6A,0,1,1,4294967295,0,0
object1463L,16864,536,001E01A5,0,1,1,4294967295,0,0
object1463L,16864,384,002DD890,0,1,1,4294967295,0,0
object1458L,16864,308,0013B9DF,0,1,1,4294967295,0,0
object1460R,16940,308,0036D22D,0,1,1,4294967295,0,0
object1464R,16940,384,0024A485,0,1,1,4294967295,0,0
object1464R,16940,536,0035D0AA,0,1,1,4294967295,0,0
object1462R,16940,460,002364B7,0,1,1,4294967295,0,0
object1459M,16788,612,00076EAA,0,1,1,4294967295,0,0
object1452,16864,612,002ED2F8,0,1,1,4294967295,0,0
object1452,16940,612,003E77E8,0,1,1,4294967295,0,0
object1471,16928,116,00228E48,0,1,1,4294967295,0,0
objTutHint,17520,312,00280843,0,1,1,4294967295,0,0
objDasherLeft,17400,596,000906B0,0,1,1,4294967295,0,0
objTutHintDes,16984,8,001F3CCE,0,1,1,4294967295,0,0
object1471,22452,604,002FEFA5,0,1,1,4294967295,0,0
objSpringDiagonalRight,22436,616,002BD3AE,0,1,1,4294967295,0,0
objRailLong,22820,260,002BD863,0,1,1,4294967295,0,0
objSpringDiagonalLeft,21824,324,000D117B,0,1,1,4294967295,0,0
object1471,21776,328,0010A682,0,1,1,4294967295,0,0
objRailLong,22916,260,0012A99C,0,1,1,4294967295,0,0
object656,23060,260,003F0DF2,0,1,1,4294967295,0,0
object644,23096,300,000D615E,0,1,1,4294967295,0,0
object644,23096,348,003F427C,0,1,1,4294967295,0,0
object644,23096,396,000A1B89,0,1,1,4294967295,0,0
object644,23096,444,000D715D,0,1,1,4294967295,0,0
object644,23096,492,00101134,0,1,1,4294967295,0,0
object644,23096,540,00374D58,0,1,1,4294967295,0,0
object644,23096,588,002C5620,0,1,1,4294967295,0,0
object657,23096,636,002D63C0,0,1,1,4294967295,0,0
objRailLong,23140,668,0012D974,0,1,1,4294967295,0,0
objRailLong,23280,668,00333B57,0,1,1,4294967295,0,0
objRailLong,23424,668,0027B9A5,0,1,1,4294967295,0,0
object1458L,23568,668,0032C0F7,0,1,1,4294967295,0,0
object1463L,23568,744,0000A4EF,0,1,1,4294967295,0,0
object1461L,23568,820,0014C250,0,1,1,4294967295,0,0
object1466M2,23644,668,000B8938,0,1,1,4294967295,0,0
object1466M2,23872,668,001768B5,0,1,1,4294967295,0,0
object1466M2,24100,668,0010CE02,0,1,1,4294967295,0,0
object1466M2,24328,668,000BB2C4,0,1,1,4294967295,0,0
object1466M2,24556,668,0002381C,0,1,1,4294967295,0,0
object1466M2,24784,668,000C10E4,0,1,1,4294967295,0,0
object1466M2,25012,668,0037A195,0,1,1,4294967295,0,0
object1466M2,25240,668,00171964,0,1,1,4294967295,0,0
object1466M2,25468,668,001591F9,0,1,1,4294967295,0,0
object1466M2,25696,668,003A174C,0,1,1,4294967295,0,0
object1463L,25924,592,000CB578,0,1,1,4294967295,0,0
object1463L,25924,440,00118BC4,0,1,1,4294967295,0,0
object1463L,25924,288,0027EE46,0,1,1,4294967295,0,0
object1463L,25924,136,000CDCE6,0,1,1,4294967295,0,0
object1461L,25924,516,001B225D,0,1,1,4294967295,0,0
object1461L,25924,364,0007577C,0,1,1,4294967295,0,0
object1461L,25924,212,001D6943,0,1,1,4294967295,0,0
object1461L,25924,60,002D32BD,0,1,1,4294967295,0,0
object1452,25924,668,00199A69,0,1,1,4294967295,0,0
objTutHint,23632,368,0024CD66,0,1,1,4294967295,0,0
object1465M2,13828,804,00402ED4,0,1,1,4294967295,0,0
object1465M2,14056,804,001DF71C,0,1,1,4294967295,0,0
object1465M2,14284,804,00242A15,0,1,1,4294967295,0,0
object1465M2,14512,804,001B8410,0,1,1,4294967295,0,0
object1465M2,14740,804,0038FFA6,0,1,1,4294967295,0,0
object1465M2,14968,804,000A702B,0,1,1,4294967295,0,0
object1454R,15196,804,001530EF,0,1,1,4294967295,0,0
objSpike,15272,824,00300376,0,1,1,4294967295,0,0
objSpike,15300,824,000AC4C4,0,1,1,4294967295,0,0
objSpike,15316,824,0015EE45,0,1,1,4294967295,0,0
object1465M2,11860,804,0034277D,0,1,1,4294967295,0,0
object1465M2,12088,804,002AA5A7,0,1,1,4294967295,0,0
object1465M2,12316,804,0008CFB3,0,1,1,4294967295,0,0
object1465M2,12544,804,0016F62D,0,1,1,4294967295,0,0
object1465M2,12772,804,0039D97B,0,1,1,4294967295,0,0
object1465M2,13000,804,003F3818,0,1,1,4294967295,0,0
object1455M,13228,804,00131B29,0,1,1,4294967295,0,0
object1454R,13304,804,00357885,0,1,1,4294967295,0,0
objSpike,13380,824,0000CD91,0,1,1,4294967295,0,0
objSpike,13416,824,0006055F,0,1,1,4294967295,0,0
objSpike,13404,824,0035E80B,0,1,1,4294967295,0,0
object1465M2,2888,804,0030991E,0,1,1,4294967295,0,0
object1465M2,3116,804,0002C449,0,1,1,4294967295,0,0
object1465M2,3344,804,003A865F,0,1,1,4294967295,0,0
object1465M2,3572,804,0014D25A,0,1,1,4294967295,0,0
object1465M2,3800,804,0026347E,0,1,1,4294967295,0,0
object1465M2,4028,804,00149191,0,1,1,4294967295,0,0
object1465M2,4256,804,0036E281,0,1,1,4294967295,0,0
object1465M2,4484,804,001FB4B1,0,1,1,4294967295,0,0
object1465M2,4712,804,00403AB0,0,1,1,4294967295,0,0
object1454R,4940,804,0027876E,0,1,1,4294967295,0,0
objSpike,5016,824,00051CDF,0,1,1,4294967295,0,0
objSpike,5068,824,00175C3E,0,1,1,4294967295,0,0
objSpike,5040,824,003FF419,0,1,1,4294967295,0,0
object1465M2,20740,804,00202AEB,0,1,1,4294967295,0,0
object1465M2,20968,804,001D39D1,0,1,1,4294967295,0,0
object1465M2,21196,804,0002C548,0,1,1,4294967295,0,0
object1465M2,21424,804,002F9E8C,0,1,1,4294967295,0,0
object1465M2,21652,804,0026C0F7,0,1,1,4294967295,0,0
object1465M2,21880,804,0000B048,0,1,1,4294967295,0,0
object1465M2,22108,804,003C24B2,0,1,1,4294967295,0,0
object1465M2,22336,804,000EF737,0,1,1,4294967295,0,0
object1465M2,22564,804,00233E11,0,1,1,4294967295,0,0
object1465M2,22792,804,00373035,0,1,1,4294967295,0,0
object1465M2,23020,804,0010299E,0,1,1,4294967295,0,0
object1455M,23248,804,00238B30,0,1,1,4294967295,0,0
object1455M,23324,804,0029921A,0,1,1,4294967295,0,0
object1454R,23400,804,0033682E,0,1,1,4294967295,0,0
objSpike,23476,824,00001D26,0,1,1,4294967295,0,0
objSpike,23504,824,0021CECE,0,1,1,4294967295,0,0
objSpike,23532,824,00276F9C,0,1,1,4294967295,0,0
objInvWall,-28,460,00079B4F,0,1,1,4294967295,0,0
objInvWall,-28,332,003997DD,0,1,1,4294967295,0,0
objInvWall,-28,200,00395FD4,0,1,1,4294967295,0,0
objInvWall,-28,72,00381C42,0,1,1,4294967295,0,0
objInvWall,-28,-56,0012838B,0,1,1,4294967295,0,0
objSpecialRing,16308,84,00344F50,0,1,1,4294967295,0,0
objSmRamp,9832,576,00171134,0,1,1,4294967295,0,0
objLayerSwitch,9508,380,00252D65,0,1,1,4294967295,0,0
objLayerToLow,9388,560,0031CCF2,0,1,1,4294967295,0,0
objLayerToLow,9388,492,0008672A,0,1,1,4294967295,0,0
objLayerToLow,9388,512,0002A3DB,0,1,1,4294967295,0,0
objLayerToHigh,9628,560,00331B5F,0,1,1,4294967295,0,0
objLayerToHigh,9628,532,0025106C,0,1,1,4294967295,0,0
object1484,9500,480,0032FE7E,0,1,1,4294967295,0,0
object1485,9404,480,003BA7B3,0,1,1,4294967295,0,0
object1487,9500,380,002906F7,0,1,1,4294967295,0,0
object1486,9404,380,0021B69A,0,1,1,4294967295,0,0
objWallJumpBlockR,10036,152,00296C11,0,1,1,4294967295,0,0
objWallJumpBlockR,10036,200,00002FFA,0,1,1,4294967295,0,0
objWallJumpBlockR,10036,248,001A92A3,0,1,1,4294967295,0,0
objWallJumpBlockR,10036,296,003B5017,0,1,1,4294967295,0,0
objWallJumpBlockR,10036,344,003614D1,0,1,1,4294967295,0,0
objWallJumpBlockR,10036,392,003EFCC7,0,1,1,4294967295,0,0
objWallJumpBlockR,10036,440,00051489,0,1,1,4294967295,0,0
objWallJumpBlockR,10036,488,0010298B,0,1,1,4294967295,0,0
objWallJumpBlockR,10036,536,003E6723,0,1,1,4294967295,0,0
objWallJumpBlock,9756,0,001E738F,0,1,1,4294967295,0,0
objWallJumpBlock,9756,48,0037A993,0,1,1,4294967295,0,0
objWallJumpBlock,9756,96,000CCF6D,0,1,1,4294967295,0,0
objWallJumpBlock,9756,144,0039E6A8,0,1,1,4294967295,0,0
objWallJumpBlock,9756,192,002CD065,0,1,1,4294967295,0,0
objWallJumpBlock,9756,240,003D2E5D,0,1,1,4294967295,0,0
objWallJumpBlock,9756,288,003EA8ED,0,1,1,4294967295,0,0
objWallJumpBlock,9756,336,00018D02,0,1,1,4294967295,0,0
objWallJumpBlock,9756,384,00077B16,0,1,1,4294967295,0,0
objWallJumpBlock,9756,432,003B85F6,0,1,1,4294967295,0,0
objWallJumpBlock,9756,480,00247DF9,0,1,1,4294967295,0,0
object1471,16452,201,0010477F,0,1,1,4294967295,0,0
objPSRight,9136,140,00375D68,0,1,1,4294967295,0,0
objPSS,16490,136,0001DB49,0,1,1,4294967295,0,0
objPSA,6116,208,0038B9F2,0,1,1,4294967295,0,0
objPSA,7320,128,0018196C,0,1,1,4294967295,0,0
objTutHint,10698,576,003C47C8,0,1,1,4294967295,0,0
objTutHintDes,11644,308,0019B09E,0,1,1,4294967295,0,0
object1467L,152,436,003ADD95,0,1,1,4294967295,0,0
object1469R,0,436,00282B09,0,1,1,4294967295,0,0
object1469R,684,436,002298B4,0,1,1,4294967295,0,0
object1462R,0,284,00348DF3,0,1,1,4294967295,0,0
object1462R,0,132,0019AF29,0,1,1,4294967295,0,0
object1462R,0,-20,00260A3D,0,1,1,4294967295,0,0
object1464R,0,360,004024E7,0,1,1,4294967295,0,0
object1464R,0,208,002B1C76,0,1,1,4294967295,0,0
object1464R,0,56,00256D75,0,1,1,4294967295,0,0
object1461L,152,284,003403C1,0,1,1,4294967295,0,0
object1461L,152,132,000C7080,0,1,1,4294967295,0,0
object1461L,152,-20,0008C27D,0,1,1,4294967295,0,0
object1463L,152,360,00047099,0,1,1,4294967295,0,0
object1463L,152,208,002982D9,0,1,1,4294967295,0,0
object1463L,152,56,001BB771,0,1,1,4294967295,0,0
object1468M,228,436,0033EF75,0,1,1,4294967295,0,0
object1468M,304,436,0039784F,0,1,1,4294967295,0,0
object1468M,380,436,0016AB1D,0,1,1,4294967295,0,0
object1468M,456,436,0007BBA7,0,1,1,4294967295,0,0
object1468M,532,436,001044B9,0,1,1,4294967295,0,0
object1468M,608,436,000FC5C0,0,1,1,4294967295,0,0
object1462R,836,132,00183E45,0,1,1,4294967295,0,0
object1462R,836,-20,00322E59,0,1,1,4294967295,0,0
object1464R,684,360,000F2208,0,1,1,4294967295,0,0
object1464R,836,208,002126FF,0,1,1,4294967295,0,0
object1464R,836,56,0013772D,0,1,1,4294967295,0,0
object1469R,836,284,000B8707,0,1,1,4294967295,0,0
object1468M,760,284,0025BD39,0,1,1,4294967295,0,0
object1452,532,284,0026922D,0,1,1,4294967295,0,0
object1452,608,284,00019515,0,1,1,4294967295,0,0
object1452,684,284,00296A77,0,1,1,4294967295,0,0
object1456,532,360,003DFF18,0,1,1,4294967295,0,0
object1456,608,360,00275297,0,1,1,4294967295,0,0
objArrowSign2R,200,544,000135F8,0,1,1,4294967295,0,0
objRailMain,4272,204,0036C0F6,0,1,1,4294967295,0,0
objRailEnd,4256,204,003E7B4A,0,1,1,4294967295,0,0
objRailMain,22788,260,001C4C4B,0,1,1,4294967295,0,0
objRailEnd,22772,260,003487DC,0,1,1,4294967295,0,0
objPSDuck,8540,484,0028C200,0,1,1,4294967295,0,0
objPSBoostLine,19244,540,0018FF88,0,1,1,4294967295,0,0
objPSStomp,7320,164,0034C3CA,0,1,1,4294967295,0,0
objTutHintDes2,16032,412,0002DB71,0,1,1,4294967295,0,0
objRing,15604,236,0026DC63,0,1,1,4294967295,0,0
objRing,15604,200,001F00C9,0,1,1,4294967295,0,0
objRing,15604,164,0035F628,0,1,1,4294967295,0,0
objRing,15604,128,002867A5,0,1,1,4294967295,0,0
objRing,15680,328,00299CF3,0,1,1,4294967295,0,0
objRing,15728,328,00294903,0,1,1,4294967295,0,0
objRing,15776,328,0002CB5C,0,1,1,4294967295,0,0
objRing,15824,328,0002CD79,0,1,1,4294967295,0,0
objRing,15872,328,0024802E,0,1,1,4294967295,0,0
objRing,15920,328,0034D517,0,1,1,4294967295,0,0
objRing,15968,328,00255AA3,0,1,1,4294967295,0,0
objRing,16016,328,002C976E,0,1,1,4294967295,0,0
objRing,16072,388,001CFEF1,0,1,1,4294967295,0,0
objRing,16072,432,00214AC0,0,1,1,4294967295,0,0
objRing,16072,476,0002A42C,0,1,1,4294967295,0,0
objRing,16072,520,00335319,0,1,1,4294967295,0,0
objRing,16072,564,0021C7AE,0,1,1,4294967295,0,0
object1458L,1900,436,0011B370,0,1,1,4294967295,0,0
object1456,1900,512,003AC25F,0,1,1,4294967295,0,0
object1452,1976,436,0018F5F0,0,1,1,4294967295,0,0
objSpd5,13536,388,00252783,0,1,1,4294967295,0,0
objSpdN5,5996,364,003D2687,0,1,1,4294967295,0,0
objSpd5,16308,672,00368A51,0,1,1,4294967295,0,0
objNoControlScript,13784,592,00115A1E,0,1,1,4294967295,0,0
objNoControlScript,22440,620,000E001E,0,1,1,4294967295,0,0
objNoControlScript,21824,328,000E3DE6,0,1,1,4294967295,0,0
objNoFallScript,21996,164,0007CE5C,0,1,1,4294967295,0,0
objNoFallScript,22100,164,00048950,0,1,1,4294967295,0,0
objEMFak,10698,576,002271B8,0,1,1,4294967295,0,0
objRailBooster,4856,612,00042D79,0,1,1,4294967295,0,0
objRailBooster,23376,672,00402B30,0,1,1,4294967295,0,0
objFourCannon,15604,328,002E55B4,0,1,1,4294967295,0,0
objFourCannon,16072,328,003D7C5F,0,1,1,4294967295,0,0
objZipHolder2,11284,536,000D7C62,0,1,1,4294967295,0,0
objZipHolderF,10716,72,0039E918,0,1,1,4294967295,0,0
objGRingUp,5824,428,003F5845,0,1,1,4294967295,0,0
objGRingUp,6040,432,00152132,0,1,1,4294967295,0,0
objGRingUp,8848,356,0031E16B,0,1,1,4294967295,0,0
objGRingUp,8848,256,0023DF3B,0,1,1,4294967295,0,0
objGRingUp,8848,452,0039EE3B,0,1,1,4294967295,0,0
objGRingRight,9152,564,00238960,0,1,1,4294967295,0,0
objRainbowRT,13800,384,002679CF,0,1,1,4294967295,0,0
objGRingUp,15608,392,0023E78B,0,1,1,4294967295,0,0
objGRingUp,16524,260,000EE147,0,1,1,4294967295,0,0
objGRingUp,16524,344,0012B645,0,1,1,4294967295,0,0
objGRingUp,16524,428,003E1436,0,1,1,4294967295,0,0
objGRingUp,16524,524,003EFF24,0,1,1,4294967295,0,0
objGRingUp,16828,488,001311C9,0,1,1,4294967295,0,0
objGRingUp,16828,388,0023D523,0,1,1,4294967295,0,0
objGRingRight,21996,164,0030A324,0,1,1,4294967295,0,0
objGRingRight,22100,164,0000EEC4,0,1,1,4294967295,0,0
objRainbowRingR,22204,164,0032C98B,0,1,1,4294967295,0,0
objGRingUp,15308,780,000F10C1,0,1,1,4294967295,0,0
objGRingUp,15308,700,000DAA56,0,1,1,4294967295,0,0
objGRingUp,15308,620,00310CE6,0,1,1,4294967295,0,0
objGRingUp,15308,544,001C321F,0,1,1,4294967295,0,0
objGRingUp,13412,776,0034483F,0,1,1,4294967295,0,0
objGRingUp,13412,688,003525D6,0,1,1,4294967295,0,0
objGRingUp,5056,784,0027EFD1,0,1,1,4294967295,0,0
objGRingUp,5056,704,0027AF00,0,1,1,4294967295,0,0
objGRingUp,23524,784,003A3892,0,1,1,4294967295,0,0
objGRingUp,23524,712,00059011,0,1,1,4294967295,0,0
objWoodBox,7300,228,003B9C3D,0,1,1,4294967295,0,1
objWoodBox,7300,332,0011D8FA,0,1,1,4294967295,0,1
objWoodBox,9124,228,0014A3E6,0,1,1,4294967295,0,1
objController,20,4,0039B9A7,0,1,1,4294967295,0,0
