tl_NightM,0,720,0,0,128,128,0,1,1,4294967295
tl_NightM,128,720,0,0,128,128,0,1,1,4294967295
tl_NightM,256,720,0,0,128,128,0,1,1,4294967295
tl_NightM,384,720,0,0,128,128,0,1,1,4294967295
tl_NightM,512,720,0,0,128,128,0,1,1,4294967295
tl_NightM,640,720,0,0,128,128,0,1,1,4294967295
tl_NightM,768,720,0,0,128,128,0,1,1,4294967295
tl_NightM,896,720,0,0,128,128,0,1,1,4294967295
tl_NightM,1024,720,0,0,128,128,0,1,1,4294967295
tl_NightM,1152,720,0,0,128,128,0,1,1,4294967295
tl_NightM,1280,720,0,0,128,128,0,1,1,4294967295
tl_NightM,1408,720,0,0,128,128,0,1,1,4294967295
tl_NightM,1536,720,0,0,128,128,0,1,1,4294967295
tl_NightM,1664,720,0,0,128,128,0,1,1,4294967295
tl_NightM,1792,720,0,0,128,128,0,1,1,4294967295
tl_NightM,1920,768,0,0,128,128,0,1,1,4294967295
tl_NightM,2040,792,0,0,128,128,0,1,1,4294967295
tl_NightM,2168,792,0,0,128,128,0,1,1,4294967295
tl_NightM,4272,544,0,0,128,128,0,1,1,4294967295
tl_NightM,4272,672,0,0,128,128,0,1,1,4294967295
tl_NightM,4400,544,0,0,128,128,0,1,1,4294967295
tl_NightM,4400,672,0,0,128,128,0,1,1,4294967295
tl_NightM,4528,544,0,0,128,128,0,1,1,4294967295
tl_NightM,4528,672,0,0,128,128,0,1,1,4294967295
tl_NightM,4656,672,0,0,128,128,0,1,1,4294967295
tl_NightM,4656,608,0,0,128,128,0,1,1,4294967295
tl_NightM,4776,632,0,0,128,128,0,1,1,4294967295
tl_NightM,4776,760,0,0,128,128,0,1,1,4294967295
tl_NightM,4904,680,0,0,128,128,0,1,1,4294967295
tl_NightM,4968,680,0,0,128,128,0,1,1,4294967295
tl_NightM,5096,696,0,0,128,128,0,1,1,4294967295
tl_NightM,5160,696,0,0,128,128,0,1,1,4294967295
tl_NightM,4912,356,0,0,128,128,0,1,1,4294967295
tl_NightM,5040,356,0,0,128,128,0,1,1,4294967295
tl_NightM,5168,356,0,0,128,128,0,1,1,4294967295
tl_NightM,6376,696,0,0,128,128,0,1,1,4294967295
tl_NightM,6504,696,0,0,128,128,0,1,1,4294967295
tl_NightM,6632,744,0,0,128,128,0,1,1,4294967295
tl_NightM,6008,696,0,0,128,128,0,1,1,4294967295
tl_NightM,6136,696,0,0,128,128,0,1,1,4294967295
tl_NightM,6200,696,0,0,128,128,0,1,1,4294967295
tl_NightM,8180,544,0,0,128,128,0,1,1,4294967295
tl_NightM,8236,552,0,0,128,128,0,1,1,4294967295
tl_NightM,8376,500,0,0,128,128,0,1,1,4294967295
tl_NightM,8376,612,0,0,128,128,0,1,1,4294967295
tl_NightM,8440,500,0,0,128,128,0,1,1,4294967295
tl_NightM,8440,612,0,0,128,128,0,1,1,4294967295
tl_NightM,10000,768,0,0,128,128,0,1,1,4294967295
tl_NightM,10064,768,0,0,128,128,0,1,1,4294967295
tl_NightM,13508,704,0,0,128,128,0,1,1,4294967295
tl_NightM,13636,752,0,0,128,128,0,1,1,4294967295
tl_NightM,13156,704,0,0,128,128,0,1,1,4294967295
tl_NightM,13284,704,0,0,128,128,0,1,1,4294967295
tl_NightM,12996,624,0,0,128,128,0,1,1,4294967295
tl_NightM,12484,320,0,0,128,128,0,1,1,4294967295
tl_NightM,12484,448,0,0,128,128,0,1,1,4294967295
tl_NightM,12484,576,0,0,128,128,0,1,1,4294967295
tl_NightM,12484,704,0,0,128,128,0,1,1,4294967295
tl_NightM,12612,320,0,0,128,128,0,1,1,4294967295
tl_NightM,12740,368,0,0,128,128,0,1,1,4294967295
tl_NightM,12612,448,0,0,128,128,0,1,1,4294967295
tl_NightM,12612,576,0,0,128,128,0,1,1,4294967295
tl_NightM,12612,704,0,0,128,128,0,1,1,4294967295
tl_NightM,12740,496,0,0,128,128,0,1,1,4294967295
tl_NightM,12868,496,0,0,128,128,0,1,1,4294967295
tl_NightM,12740,624,0,0,128,128,0,1,1,4294967295
tl_NightM,12868,624,0,0,128,128,0,1,1,4294967295
tl_NightM,12740,752,0,0,128,128,0,1,1,4294967295
tl_NightM,12868,752,0,0,128,128,0,1,1,4294967295
tl_NightM,12996,752,0,0,128,128,0,1,1,4294967295
tl_NightM,13124,624,0,0,128,128,0,1,1,4294967295
tl_NightM,13124,752,0,0,128,128,0,1,1,4294967295
tl_NightM,16988,392,0,0,128,128,0,1,1,4294967295
tl_NightM,16988,520,0,0,128,128,0,1,1,4294967295
tl_NightM,16988,648,0,0,128,128,0,1,1,4294967295
tl_NightM,16988,776,0,0,128,128,0,1,1,4294967295
tl_NightM,17116,392,0,0,128,128,0,1,1,4294967295
tl_NightM,17244,392,0,0,128,128,0,1,1,4294967295
tl_NightM,17372,392,0,0,128,128,0,1,1,4294967295
tl_NightM,17500,392,0,0,128,128,0,1,1,4294967295
tl_NightM,17628,392,0,0,128,128,0,1,1,4294967295
tl_NightM,17756,392,0,0,128,128,0,1,1,4294967295
tl_NightM,17116,520,0,0,128,128,0,1,1,4294967295
tl_NightM,17116,648,0,0,128,128,0,1,1,4294967295
tl_NightM,17116,776,0,0,128,128,0,1,1,4294967295
tl_NightM,17244,520,0,0,128,128,0,1,1,4294967295
tl_NightM,17372,520,0,0,128,128,0,1,1,4294967295
tl_NightM,17244,648,0,0,128,128,0,1,1,4294967295
tl_NightM,17244,776,0,0,128,128,0,1,1,4294967295
tl_NightM,17372,648,0,0,128,128,0,1,1,4294967295
tl_NightM,17372,776,0,0,128,128,0,1,1,4294967295
tl_NightM,17500,520,0,0,128,128,0,1,1,4294967295
tl_NightM,17500,648,0,0,128,128,0,1,1,4294967295
tl_NightM,17500,776,0,0,128,128,0,1,1,4294967295
tl_NightM,17628,520,0,0,128,128,0,1,1,4294967295
tl_NightM,17628,648,0,0,128,128,0,1,1,4294967295
tl_NightM,17628,776,0,0,128,128,0,1,1,4294967295
tl_NightM,17756,520,0,0,128,128,0,1,1,4294967295
tl_NightM,17756,648,0,0,128,128,0,1,1,4294967295
tl_NightM,17756,776,0,0,128,128,0,1,1,4294967295
tl_NightM,17820,392,0,0,128,128,0,1,1,4294967295
tl_NightM,17820,520,0,0,128,128,0,1,1,4294967295
tl_NightM,17820,648,0,0,128,128,0,1,1,4294967295
tl_NightM,17820,776,0,0,128,128,0,1,1,4294967295
tl_NightM,17168,64,0,0,128,128,0,1,1,4294967295
tl_NightM,17296,64,0,0,128,128,0,1,1,4294967295
tl_NightM,17424,64,0,0,128,128,0,1,1,4294967295
tl_NightM,17552,64,0,0,128,128,0,1,1,4294967295
tl_NightM,17680,64,0,0,128,128,0,1,1,4294967295
tl_NightM,17808,64,0,0,128,128,0,1,1,4294967295
tl_NightM,17936,64,0,0,128,128,0,1,1,4294967295
tl_NightM,18000,64,0,0,128,128,0,1,1,4294967295
tl_NightM,17168,-64,0,0,128,128,0,1,1,4294967295
tl_NightM,17296,-64,0,0,128,128,0,1,1,4294967295
tl_NightM,17424,-64,0,0,128,128,0,1,1,4294967295
tl_NightM,17552,-64,0,0,128,128,0,1,1,4294967295
tl_NightM,17680,-64,0,0,128,128,0,1,1,4294967295
tl_NightM,17808,-64,0,0,128,128,0,1,1,4294967295
tl_NightM,17936,-64,0,0,128,128,0,1,1,4294967295
tl_NightM,18000,-64,0,0,128,128,0,1,1,4294967295
tl_NightM,18152,540,0,0,128,128,0,1,1,4294967295
tl_NightM,18216,540,0,0,128,128,0,1,1,4294967295
tl_NightM,18152,412,0,0,128,128,0,1,1,4294967295
tl_NightM,18216,412,0,0,128,128,0,1,1,4294967295
tl_NightM,18152,284,0,0,128,128,0,1,1,4294967295
tl_NightM,18152,156,0,0,128,128,0,1,1,4294967295
tl_NightM,18152,28,0,0,128,128,0,1,1,4294967295
tl_NightM,18152,-100,0,0,128,128,0,1,1,4294967295
tl_NightM,18216,284,0,0,128,128,0,1,1,4294967295
tl_NightM,18216,156,0,0,128,128,0,1,1,4294967295
tl_NightM,18216,28,0,0,128,128,0,1,1,4294967295
tl_NightM,18216,-100,0,0,128,128,0,1,1,4294967295
tl_NightM,21516,768,0,0,128,128,0,1,1,4294967295
tl_NightM,21644,768,0,0,128,128,0,1,1,4294967295
tl_NightM,21772,768,0,0,128,128,0,1,1,4294967295
tl_NightM,21468,416,0,0,128,128,0,1,1,4294967295
tl_NightM,21596,416,0,0,128,128,0,1,1,4294967295
tl_NightM,21724,416,0,0,128,128,0,1,1,4294967295
tl_NightM,21724,288,0,0,128,128,0,1,1,4294967295
tl_NightM,21724,160,0,0,128,128,0,1,1,4294967295
tl_NightM,21724,32,0,0,128,128,0,1,1,4294967295
tl_NightM,21596,288,0,0,128,128,0,1,1,4294967295
tl_NightM,21468,288,0,0,128,128,0,1,1,4294967295
tl_NightM,21468,160,0,0,128,128,0,1,1,4294967295
tl_NightM,21596,160,0,0,128,128,0,1,1,4294967295
tl_NightM,21724,-96,0,0,128,128,0,1,1,4294967295
tl_NightM,21596,32,0,0,128,128,0,1,1,4294967295
tl_NightM,21596,-96,0,0,128,128,0,1,1,4294967295
tl_NightM,21468,32,0,0,128,128,0,1,1,4294967295
tl_NightM,21468,-96,0,0,128,128,0,1,1,4294967295
tl_NightM,22788,572,0,0,128,128,0,1,1,4294967295
tl_NightM,22788,444,0,0,128,128,0,1,1,4294967295
tl_NightM,22276,388,0,0,128,128,0,1,1,4294967295
tl_NightM,22404,388,0,0,128,128,0,1,1,4294967295
tl_NightM,22276,516,0,0,128,128,0,1,1,4294967295
tl_NightM,22276,644,0,0,128,128,0,1,1,4294967295
tl_NightM,22276,772,0,0,128,128,0,1,1,4294967295
tl_NightM,22404,516,0,0,128,128,0,1,1,4294967295
tl_NightM,22404,644,0,0,128,128,0,1,1,4294967295
tl_NightM,22404,772,0,0,128,128,0,1,1,4294967295
tl_NightM,22788,700,0,0,128,128,0,1,1,4294967295
tl_NightM,22436,388,0,0,128,128,0,1,1,4294967295
tl_NightM,22436,516,0,0,128,128,0,1,1,4294967295
tl_NightM,22436,644,0,0,128,128,0,1,1,4294967295
tl_NightM,22436,772,0,0,128,128,0,1,1,4294967295
tl_NightM,22180,252,0,0,128,128,0,1,1,4294967295
tl_NightM,22308,252,0,0,128,128,0,1,1,4294967295
tl_NightM,22436,252,0,0,128,128,0,1,1,4294967295
tl_NightM,22564,364,0,0,128,128,0,1,1,4294967295
tl_NightM,22596,364,0,0,128,128,0,1,1,4294967295
tl_NightM,22588,484,0,0,128,128,0,1,1,4294967295
tl_NightM,22660,444,0,0,128,128,0,1,1,4294967295
tl_NightM,22660,572,0,0,128,128,0,1,1,4294967295
tl_NightM,22660,700,0,0,128,128,0,1,1,4294967295
tl_NightM,22588,612,0,0,128,128,0,1,1,4294967295
tl_NightM,22588,740,0,0,128,128,0,1,1,4294967295
tl_NightM,24844,552,0,0,128,128,0,1,1,4294967295
tl_NightM,24972,552,0,0,128,128,0,1,1,4294967295
tl_NightM,25100,552,0,0,128,128,0,1,1,4294967295
tl_NightM,25228,520,0,0,128,128,0,1,1,4294967295
tl_NightM,25228,552,0,0,128,128,0,1,1,4294967295
tl_NightM,25356,520,0,0,128,128,0,1,1,4294967295
tl_NightM,25356,552,0,0,128,128,0,1,1,4294967295
tl_NightM,25452,552,0,0,128,128,0,1,1,4294967295
tl_NightM,25452,472,0,0,128,128,0,1,1,4294967295
tl_NightM,25404,488,0,0,128,128,0,1,1,4294967295
tl_NightM,25912,472,0,0,128,128,0,1,1,4294967295
tl_NightM,25912,600,0,0,128,128,0,1,1,4294967295
tl_NightM,25912,728,0,0,128,128,0,1,1,4294967295
tl_NightM,26040,472,0,0,128,128,0,1,1,4294967295
tl_NightM,26168,472,0,0,128,128,0,1,1,4294967295
tl_NightM,26040,600,0,0,128,128,0,1,1,4294967295
tl_NightM,26168,600,0,0,128,128,0,1,1,4294967295
tl_NightM,26040,728,0,0,128,128,0,1,1,4294967295
tl_NightM,26168,728,0,0,128,128,0,1,1,4294967295
tl_NightM,23300,444,0,0,128,128,0,1,1,4294967295
tl_NightM,23300,556,0,0,128,128,0,1,1,4294967295
tl_NightM,23428,444,0,0,128,128,0,1,1,4294967295
tl_NightM,23556,444,0,0,128,128,0,1,1,4294967295
tl_NightM,23684,492,0,0,128,128,0,1,1,4294967295
tl_NightM,23428,556,0,0,128,128,0,1,1,4294967295
tl_NightM,23556,556,0,0,128,128,0,1,1,4294967295
tl_NightM,23684,556,0,0,128,128,0,1,1,4294967295
tl_NightM,23812,492,0,0,128,128,0,1,1,4294967295
tl_NightM,23812,556,0,0,128,128,0,1,1,4294967295
tl_NightM,23908,556,0,0,128,128,0,1,1,4294967295
tl_NightM,27800,544,0,0,128,128,0,1,1,4294967295
tl_NightM,27928,544,0,0,128,128,0,1,1,4294967295
tl_NightM,28056,544,0,0,128,128,0,1,1,4294967295
tl_NightM,28184,592,0,0,128,128,0,1,1,4294967295
tl_NightM,27800,672,0,0,128,128,0,1,1,4294967295
tl_NightM,27928,672,0,0,128,128,0,1,1,4294967295
tl_NightM,28056,672,0,0,128,128,0,1,1,4294967295
tl_NightM,28184,720,0,0,128,128,0,1,1,4294967295
tl_NightM,28312,592,0,0,128,128,0,1,1,4294967295
tl_NightM,28312,720,0,0,128,128,0,1,1,4294967295
tl_NightM,28440,672,0,0,128,128,0,1,1,4294967295
tl_NightM,28568,672,0,0,128,128,0,1,1,4294967295
tl_NightM,28728,672,0,0,128,128,0,1,1,4294967295
tl_NightM,28856,672,0,0,128,128,0,1,1,4294967295
tl_NightM,28984,672,0,0,128,128,0,1,1,4294967295
tl_NightM,29112,720,0,0,128,128,0,1,1,4294967295
tl_NightM,29144,720,0,0,128,128,0,1,1,4294967295
tl_NightM,29488,544,0,0,128,128,0,1,1,4294967295
tl_NightM,29488,672,0,0,128,128,0,1,1,4294967295
tl_NightM,29552,544,0,0,128,128,0,1,1,4294967295
tl_NightM,29552,672,0,0,128,128,0,1,1,4294967295
tl_NightM,29704,288,0,0,128,128,0,1,1,4294967295
tl_NightM,29704,416,0,0,128,128,0,1,1,4294967295
tl_NightM,29704,544,0,0,128,128,0,1,1,4294967295
tl_NightM,29704,672,0,0,128,128,0,1,1,4294967295
tl_NightM,29768,288,0,0,128,128,0,1,1,4294967295
tl_NightM,29768,416,0,0,128,128,0,1,1,4294967295
tl_NightM,29768,544,0,0,128,128,0,1,1,4294967295
tl_NightM,29768,672,0,0,128,128,0,1,1,4294967295
tl_NightM,31472,288,0,0,128,128,0,1,1,4294967295
tl_NightM,31472,416,0,0,128,128,0,1,1,4294967295
tl_NightM,31472,544,0,0,128,128,0,1,1,4294967295
tl_NightM,31472,672,0,0,128,128,0,1,1,4294967295
tl_NightM,31536,288,0,0,128,128,0,1,1,4294967295
tl_NightM,31536,416,0,0,128,128,0,1,1,4294967295
tl_NightM,31536,544,0,0,128,128,0,1,1,4294967295
tl_NightM,31536,672,0,0,128,128,0,1,1,4294967295
tl_NightM,39624,712,0,0,128,128,0,1,1,4294967295
tl_NightM,39496,712,0,0,128,128,0,1,1,4294967295
tl_NightM,39368,712,0,0,128,128,0,1,1,4294967295
tl_NightM,39240,712,0,0,128,128,0,1,1,4294967295
tl_NightM,39112,712,0,0,128,128,0,1,1,4294967295
tl_NightM,38984,712,0,0,128,128,0,1,1,4294967295
tl_NightM,38856,712,0,0,128,128,0,1,1,4294967295
tl_NightM,38728,712,0,0,128,128,0,1,1,4294967295
tl_NightM,38600,712,0,0,128,128,0,1,1,4294967295
tl_NightM,38472,712,0,0,128,128,0,1,1,4294967295
tl_NightM,38344,712,0,0,128,128,0,1,1,4294967295
tl_NightM,38216,712,0,0,128,128,0,1,1,4294967295
tl_NightM,38088,712,0,0,128,128,0,1,1,4294967295
tl_NightM,37960,712,0,0,128,128,0,1,1,4294967295
tl_NightM,37832,712,0,0,128,128,0,1,1,4294967295
tl_NightM,37704,760,0,0,128,128,0,1,1,4294967295
tl_NightM,37664,784,0,0,128,128,0,1,1,4294967295
tl_NightCastleFloor,42144,764,0,0,192,164,0,1,1,4294967295
background328,41380,432,0,0,32,64,0,1,1,4294967295
background328,41700,432,0,0,32,64,0,1,1,4294967295
background328,41060,432,0,0,32,64,0,1,1,4294967295
background328,41700,432,0,0,32,64,0,1,1,4294967295
background329,41140,504,0,0,32,50,0,1,1,4294967295
background329,41272,504,0,0,32,50,0,1,1,4294967295
background329,41460,504,0,0,32,50,0,1,1,4294967295
background329,41592,504,0,0,32,50,0,1,1,4294967295
background329,41844,504,0,0,32,50,0,1,1,4294967295
tl_NightCastleFloor,43296,792,0,0,192,164,0,1,1,4294967295
tl_NightCastleFloor,43104,792,0,0,192,164,0,1,1,4294967295
tl_NightCastleFloor,42912,792,0,0,192,164,0,1,1,4294967295
tl_NightCastleFloor,43488,692,0,0,192,164,0,1,1,4294967295
tl_NightCastleFloor,43680,692,0,0,192,164,0,1,1,4294967295
tl_NightCastleFloor,43872,692,0,0,192,164,0,1,1,4294967295
tl_NightCastleFloor2,42336,604,0,0,32,192,0,1,1,4294967295
tl_NightCastleFloor2,42388,612,0,0,32,192,0,1,1,4294967295
tl_NightCastleFloor2,42336,796,0,0,32,192,0,1,1,4294967295
tl_NightCastleFloor2,42440,632,0,0,32,192,0,1,1,4294967295
tl_NightCastleFloor2,42496,648,0,0,32,192,0,1,1,4294967295
tl_NightCastleFloor2,42548,668,0,0,32,192,0,1,1,4294967295
tl_NightCastleFloor2,42604,684,0,0,32,192,0,1,1,4294967295
tl_NightCastleFloor2,42660,704,0,0,32,192,0,1,1,4294967295
tl_NightCastleFloor2,42716,720,0,0,32,192,0,1,1,4294967295
tl_NightCastleFloor2,42772,740,0,0,32,192,0,1,1,4294967295
tl_NightCastleFloor2,42824,760,0,0,32,192,0,1,1,4294967295
tl_NightCastleFloor2,42880,772,0,0,32,192,0,1,1,4294967295
tl_NightCastleFloor,44064,416,0,0,192,164,0,1,1,4294967295
tl_NightCastleFloor,44064,580,0,0,192,164,0,1,1,4294967295
tl_NightCastleFloor,44064,744,0,0,192,164,0,1,1,4294967295
tl_NightCastleFloor,44256,416,0,0,192,164,0,1,1,4294967295
tl_NightCastleFloor,44448,416,0,0,192,164,0,1,1,4294967295
tl_NightCastleFloor,44256,580,0,0,192,164,0,1,1,4294967295
tl_NightCastleFloor,44256,744,0,0,192,164,0,1,1,4294967295
tl_NightCastleFloor,44448,580,0,0,192,164,0,1,1,4294967295
tl_NightCastleFloor,44448,744,0,0,192,164,0,1,1,4294967295
tl_NightCastleFloor,44832,480,0,0,192,164,0,1,1,4294967295
tl_NightCastleFloor,44832,644,0,0,192,164,0,1,1,4294967295
tl_NightCastleFloor2,44640,420,0,0,32,192,0,1,1,4294967295
tl_NightCastleFloor2,44640,612,0,0,32,192,0,1,1,4294967295
tl_NightCastleFloor2,44692,428,0,0,32,192,0,1,1,4294967295
tl_NightCastleFloor2,44692,620,0,0,32,192,0,1,1,4294967295
tl_NightCastleFloor2,44748,444,0,0,32,192,0,1,1,4294967295
tl_NightCastleFloor2,44804,464,0,0,32,192,0,1,1,4294967295
tl_NightCastleFloor2,44804,656,0,0,32,192,0,1,1,4294967295
tl_NightCastleFloor2,44748,636,0,0,32,192,0,1,1,4294967295
background332,42992,672,0,0,96,72,0,1,1,4294967295
background332,43068,672,96,0,96,72,0,1,1,4294967295
background332,43368,672,96,0,96,72,0,1,1,4294967295
background329,43216,696,0,0,32,50,0,1,1,4294967295
background329,43332,696,0,0,32,50,0,1,1,4294967295
background329,43736,596,0,0,32,50,0,1,1,4294967295
background332,41972,480,96,0,96,72,0,1,1,4294967295
background332,42092,480,0,0,96,72,0,1,1,4294967295
background332,42492,556,0,0,96,72,0,1,1,4294967295
background332,42792,664,96,0,96,72,0,1,1,4294967295
background332,42604,628,96,0,96,72,0,1,1,4294967295
background332,42360,532,96,0,96,72,0,1,1,4294967295
background332,43920,572,96,0,96,72,0,1,1,4294967295
background332,43840,572,0,0,96,72,0,1,1,4294967295
background332,44136,296,96,0,96,72,0,1,1,4294967295
background332,44708,340,0,0,96,72,0,1,1,4294967295
background332,44864,360,96,0,96,72,0,1,1,4294967295
background329,44488,320,0,0,32,50,0,1,1,4294967295
background329,44304,320,0,0,32,50,0,1,1,4294967295
tl_NightCastleFloor,45788,496,0,0,192,164,0,1,1,4294967295
tl_NightCastleFloor,45788,660,0,0,192,164,0,1,1,4294967295
tl_NightCastleFloor,45980,496,0,0,192,164,0,1,1,4294967295
tl_NightCastleFloor,45980,660,0,0,192,164,0,1,1,4294967295
tl_NightCastleFloor,46556,624,0,0,192,164,0,1,1,4294967295
tl_NightCastleFloor,46748,624,0,0,192,164,0,1,1,4294967295
tl_NightCastleFloor,46556,788,0,0,192,164,0,1,1,4294967295
tl_NightCastleFloor,46748,788,0,0,192,164,0,1,1,4294967295
tl_NightCastleFloor,46404,-100,0,0,192,164,0,1,1,4294967295
tl_NightCastleFloor,46564,-100,0,0,192,164,0,1,1,4294967295
tl_NightCastleFloor,46404,64,0,0,192,164,0,1,1,4294967295
tl_NightCastleFloor,46564,64,0,0,192,164,0,1,1,4294967295
background328,46396,424,0,0,32,64,0,1,1,4294967295
background328,46500,460,0,0,32,64,0,1,1,4294967295
background328,45860,348,0,0,32,64,0,1,1,4294967295
background329,46676,528,0,0,32,50,0,1,1,4294967295
background329,46548,528,0,0,32,50,0,1,1,4294967295
background329,45924,400,0,0,32,50,0,1,1,4294967295
background332,46244,424,0,0,96,72,0,1,1,4294967295
background332,46384,480,96,0,96,72,0,1,1,4294967295
background332,46768,504,96,0,96,72,0,1,1,4294967295
background332,46064,384,96,0,96,72,0,1,1,4294967295
tl_NightCastleFloor,48508,624,0,0,192,164,0,1,1,4294967295
tl_NightCastleFloor,48700,624,0,0,192,164,0,1,1,4294967295
tl_NightCastleFloor,48508,788,0,0,192,164,0,1,1,4294967295
tl_NightCastleFloor,48700,788,0,0,192,164,0,1,1,4294967295
tl_NightCastleFloor,48892,624,0,0,192,164,0,1,1,4294967295
tl_NightCastleFloor,48892,788,0,0,192,164,0,1,1,4294967295
tl_NightCastleFloor,49084,624,0,0,192,164,0,1,1,4294967295
tl_NightCastleFloor,49276,624,0,0,192,164,0,1,1,4294967295
tl_NightCastleFloor,49468,624,0,0,192,164,0,1,1,4294967295
tl_NightCastleFloor,49084,788,0,0,192,164,0,1,1,4294967295
tl_NightCastleFloor,49276,788,0,0,192,164,0,1,1,4294967295
tl_NightCastleFloor,49468,788,0,0,192,164,0,1,1,4294967295
tl_NightCastleFloor,49660,544,0,0,192,164,0,1,1,4294967295
tl_NightCastleFloor,49660,788,0,0,192,164,0,1,1,4294967295
tl_NightCastleFloor,49660,624,0,0,192,164,0,1,1,4294967295
tl_NightCastleFloor,49852,544,0,0,192,164,0,1,1,4294967295
tl_NightCastleFloor,50044,544,0,0,192,164,0,1,1,4294967295
tl_NightCastleFloor,50236,544,0,0,192,164,0,1,1,4294967295
tl_NightCastleFloor,49852,788,0,0,192,164,0,1,1,4294967295
tl_NightCastleFloor,50044,788,0,0,192,164,0,1,1,4294967295
tl_NightCastleFloor,50236,788,0,0,192,164,0,1,1,4294967295
tl_NightCastleFloor,49852,624,0,0,192,164,0,1,1,4294967295
tl_NightCastleFloor,50044,624,0,0,192,164,0,1,1,4294967295
tl_NightCastleFloor,50236,624,0,0,192,164,0,1,1,4294967295
tl_NightCastleFloor,49060,304,0,0,192,164,0,1,1,4294967295
tl_NightCastleFloor,49320,368,0,0,192,164,0,1,1,4294967295
tl_NightCastleFloor,49060,140,0,0,192,164,0,1,1,4294967295
tl_NightCastleFloor,49060,-24,0,0,192,164,0,1,1,4294967295
tl_NightCastleFloor,49060,-24,0,0,192,164,0,1,1,4294967295
tl_NightCastleFloor,49320,204,0,0,192,164,0,1,1,4294967295
tl_NightCastleFloor,49320,124,0,0,192,164,0,1,1,4294967295
tl_NightCastleFloor,49512,204,0,0,192,164,0,1,1,4294967295
tl_NightCastleFloor,49704,204,0,0,192,164,0,1,1,4294967295
tl_NightCastleFloor,49896,204,0,0,192,164,0,1,1,4294967295
tl_NightCastleFloor,50088,204,0,0,192,164,0,1,1,4294967295
tl_NightCastleFloor,50280,204,0,0,192,164,0,1,1,4294967295
tl_NightCastleFloor,49512,124,0,0,192,164,0,1,1,4294967295
tl_NightCastleFloor,49704,124,0,0,192,164,0,1,1,4294967295
tl_NightCastleFloor,49896,124,0,0,192,164,0,1,1,4294967295
tl_NightCastleFloor,50088,124,0,0,192,164,0,1,1,4294967295
tl_NightCastleFloor,50280,124,0,0,192,164,0,1,1,4294967295
tl_NightCastleFloor,41756,-16,0,0,192,164,0,1,1,4294967295
tl_NightCastleFloor,41564,-16,0,0,192,164,0,1,1,4294967295
tl_NightCastleFloor,41372,-16,0,0,192,164,0,1,1,4294967295
tl_NightCastleFloor,41180,-16,0,0,192,164,0,1,1,4294967295
tl_NightCastleFloor,40988,-16,0,0,192,164,0,1,1,4294967295
tl_NightCastleFloor,42144,600,0,0,192,164,0,1,1,4294967295
tl_NightCastleFloor,41952,600,0,0,192,164,0,1,1,4294967295
tl_NightCastleFloor,41952,764,0,0,192,164,0,1,1,4294967295
tl_NightCastleFloor,41760,600,0,0,192,164,0,1,1,4294967295
tl_NightCastleFloor,41760,764,0,0,192,164,0,1,1,4294967295
tl_NightCastleFloor,41568,600,0,0,192,164,0,1,1,4294967295
tl_NightCastleFloor,41568,764,0,0,192,164,0,1,1,4294967295
tl_NightCastleFloor,41376,600,0,0,192,164,0,1,1,4294967295
tl_NightCastleFloor,41376,764,0,0,192,164,0,1,1,4294967295
tl_NightCastleFloor,41184,600,0,0,192,164,0,1,1,4294967295
tl_NightCastleFloor,41184,764,0,0,192,164,0,1,1,4294967295
tl_NightCastleFloor,40992,600,0,0,192,164,0,1,1,4294967295
tl_NightCastleFloor,40992,764,0,0,192,164,0,1,1,4294967295
tl_NightCastleFloor,40800,600,0,0,192,164,0,1,1,4294967295
tl_NightCastleFloor,40800,764,0,0,192,164,0,1,1,4294967295
tl_NightBridgeBH,40416,512,0,0,256,143,0,1,1,4294967295
tl_NightBridgeBH,40160,512,0,0,256,143,0,1,1,4294967295
tl_NightBridgeBH,39904,512,0,0,256,143,0,1,1,4294967295
tl_NightCastleFloor,51800,12,0,0,192,164,0,1,1,4294967295
tl_NightCastleFloor,51992,12,0,0,192,164,0,1,1,4294967295
tl_NightCastleFloor,52184,12,0,0,192,164,0,1,1,4294967295
tl_NightCastleFloor,52376,12,0,0,192,164,0,1,1,4294967295
tl_NightCastleFloor,52568,12,0,0,192,164,0,1,1,4294967295
tl_NightCastleFloor,52760,12,0,0,192,164,0,1,1,4294967295
tl_NightCastleFloor,52952,12,0,0,192,164,0,1,1,4294967295
tl_NightCastleFloor,53144,12,0,0,192,164,0,1,1,4294967295
tl_NightCastleFloor,53148,336,0,0,192,164,0,1,1,4294967295
tl_NightCastleFloor,53340,336,0,0,192,164,0,1,1,4294967295
tl_NightCastleFloor,53532,336,0,0,192,164,0,1,1,4294967295
tl_NightCastleFloor,53724,336,0,0,192,164,0,1,1,4294967295
tl_NightCastleFloor,53916,336,0,0,192,164,0,1,1,4294967295
tl_NightCastleFloor,54108,336,0,0,192,164,0,1,1,4294967295
tl_NightCastleFloor,54300,336,0,0,192,164,0,1,1,4294967295
tl_NightCastleFloor,53180,644,0,0,192,164,0,1,1,4294967295
tl_NightCastleFloor,53372,644,0,0,192,164,0,1,1,4294967295
tl_NightCastleFloor,53564,644,0,0,192,164,0,1,1,4294967295
tl_NightCastleFloor,53756,644,0,0,192,164,0,1,1,4294967295
tl_NightCastleFloor,53948,644,0,0,192,164,0,1,1,4294967295
tl_NightCastleFloor,54140,644,0,0,192,164,0,1,1,4294967295
tl_NightCastleFloor,54332,644,0,0,192,164,0,1,1,4294967295
tl_NightCastleFloor,55400,724,0,0,192,164,0,1,1,4294967295
tl_NightCastleFloor,55592,724,0,0,192,164,0,1,1,4294967295
tl_NightCastleFloor,55784,724,0,0,192,164,0,1,1,4294967295
tl_NightCastleFloor,56168,788,0,0,192,164,0,1,1,4294967295
tl_NightCastleFloor,56360,788,0,0,192,164,0,1,1,4294967295
tl_NightCastleFloor,56552,788,0,0,192,164,0,1,1,4294967295
tl_NightCastleFloor,56744,788,0,0,192,164,0,1,1,4294967295
tl_NightCastleFloor,56936,788,0,0,192,164,0,1,1,4294967295
tl_NightCastleFloor,57128,788,0,0,192,164,0,1,1,4294967295
tl_NightCastleFloor,57320,788,0,0,192,164,0,1,1,4294967295
tl_NightCastleFloor2,55976,728,0,0,32,192,0,1,1,4294967295
tl_NightCastleFloor2,56028,736,0,0,32,192,0,1,1,4294967295
tl_NightCastleFloor2,56080,756,0,0,32,192,0,1,1,4294967295
tl_NightCastleFloor2,56136,776,0,0,32,192,0,1,1,4294967295
background332,45952,132,96,0,96,72,0,1,1,4294967295
background332,46228,132,0,0,96,72,0,1,1,4294967295
background329,46156,156,0,0,32,50,0,1,1,4294967295
background329,46296,156,0,0,32,50,0,1,1,4294967295
background329,45816,156,0,0,32,50,0,1,1,4294967295
background329,47112,692,0,0,32,50,0,1,1,4294967295
background329,47260,692,0,0,32,50,0,1,1,4294967295
background332,47376,668,96,0,96,72,0,1,1,4294967295
background332,46912,668,0,0,96,72,0,1,1,4294967295
background332,47848,668,0,0,96,72,0,1,1,4294967295
background332,48344,668,96,0,96,72,0,1,1,4294967295
background329,47704,692,0,0,32,50,0,1,1,4294967295
background329,48232,548,0,0,32,50,0,1,1,4294967295
background329,48072,548,0,0,32,50,0,1,1,4294967295
background329,46944,156,0,0,32,50,0,1,1,4294967295
background329,47204,48,0,0,32,50,0,1,1,4294967295
background332,46768,132,96,0,96,72,0,1,1,4294967295
background332,47080,132,96,0,96,72,0,1,1,4294967295
background332,47008,132,0,0,96,72,0,1,1,4294967295
background332,47308,24,0,0,96,72,0,1,1,4294967295
background332,45520,680,0,0,96,72,0,1,1,4294967295
background332,45248,680,0,0,96,72,0,1,1,4294967295
background332,45396,680,96,0,96,72,0,1,1,4294967295
background332,45708,680,96,0,96,72,0,1,1,4294967295
background332,48560,504,96,0,96,72,0,1,1,4294967295
background332,48960,504,0,0,96,72,0,1,1,4294967295
background332,50536,676,0,0,96,72,0,1,1,4294967295
background332,50812,676,96,0,96,72,0,1,1,4294967295
background329,50752,700,0,0,32,50,0,1,1,4294967295
background329,51156,700,0,0,32,50,0,1,1,4294967295
background329,51556,700,0,0,32,50,0,1,1,4294967295
background332,51348,676,96,0,96,72,0,1,1,4294967295
background332,51708,676,96,0,96,72,0,1,1,4294967295
background332,53324,244,0,0,96,72,0,1,1,4294967295
background332,53520,244,96,0,96,72,0,1,1,4294967295
background332,54712,704,96,0,96,72,0,1,1,4294967295
background332,55236,704,0,0,96,72,0,1,1,4294967295
background332,54568,704,0,0,96,72,0,1,1,4294967295
background332,55120,704,96,0,96,72,0,1,1,4294967295
background332,56644,668,96,0,96,72,0,1,1,4294967295
background332,56856,668,96,0,96,72,0,1,1,4294967295
background332,56572,668,0,0,96,72,0,1,1,4294967295
background332,56976,668,0,0,96,72,0,1,1,4294967295
background329,56516,692,0,0,32,50,0,1,1,4294967295
background329,57060,692,0,0,32,50,0,1,1,4294967295
background329,56004,648,0,0,32,50,0,1,1,4294967295
background329,56116,684,0,0,32,50,0,1,1,4294967295
background329,55440,628,0,0,32,50,0,1,1,4294967295
background329,54844,728,0,0,32,50,0,1,1,4294967295
background329,53172,268,0,0,32,50,0,1,1,4294967295
background329,53672,268,0,0,32,50,0,1,1,4294967295
background329,54100,268,0,0,32,50,0,1,1,4294967295
background329,54380,268,0,0,32,50,0,1,1,4294967295
background332,53880,244,96,0,96,72,0,1,1,4294967295
background332,54292,244,0,0,96,72,0,1,1,4294967295
background332,54140,244,96,0,96,72,0,1,1,4294967295
background332,55592,604,96,0,96,72,0,1,1,4294967295
background332,55792,604,0,0,96,72,0,1,1,4294967295
background332,56216,668,0,0,96,72,0,1,1,4294967295
background328,49772,424,0,0,32,64,0,1,1,4294967295
background328,50092,420,0,0,32,64,0,1,1,4294967295
background328,49768,20,0,0,32,64,0,1,1,4294967295
background328,49448,24,0,0,32,64,0,1,1,4294967295
background328,50088,20,0,0,32,64,0,1,1,4294967295
tl_NightCastleFloor,57512,340,0,0,192,164,0,1,1,4294967295
tl_NightCastleFloor,57512,504,0,0,192,164,0,1,1,4294967295
tl_NightCastleFloor,57512,712,0,0,192,164,0,1,1,4294967295
tl_NightM,66964,672,0,0,128,128,0,1,1,4294967295
tl_NightM,66964,544,0,0,128,128,0,1,1,4294967295
tl_NightM,66964,416,0,0,128,128,0,1,1,4294967295
tl_NightM,66964,288,0,0,128,128,0,1,1,4294967295
tl_NightM,66964,160,0,0,128,128,0,1,1,4294967295
tl_NightM,66964,32,0,0,128,128,0,1,1,4294967295
tl_NightM,66964,-96,0,0,128,128,0,1,1,4294967295
tl_NightCastleFloor,59592,60,0,0,192,164,0,1,1,4294967295
tl_NightCastleFloor,59592,-100,0,0,192,164,0,1,1,4294967295
tl_NightCastleFloor,59848,412,0,0,192,164,0,1,1,4294967295
tl_NightCastleFloor,60008,412,0,0,192,164,0,1,1,4294967295
tl_NightCastleFloor,59848,576,0,0,192,164,0,1,1,4294967295
tl_NightCastleFloor,59848,740,0,0,192,164,0,1,1,4294967295
tl_NightCastleFloor,60008,576,0,0,192,164,0,1,1,4294967295
tl_NightCastleFloor,60008,740,0,0,192,164,0,1,1,4294967295
tl_NightCastleFloor,60584,540,0,0,192,164,0,1,1,4294967295
tl_NightCastleFloor,60584,704,0,0,192,164,0,1,1,4294967295
tl_NightCastleFloor,60968,604,0,0,192,164,0,1,1,4294967295
tl_NightCastleFloor,61160,604,0,0,192,164,0,1,1,4294967295
tl_NightCastleFloor,61352,604,0,0,192,164,0,1,1,4294967295
tl_NightCastleFloor,60968,768,0,0,192,164,0,1,1,4294967295
tl_NightCastleFloor,61160,768,0,0,192,164,0,1,1,4294967295
tl_NightCastleFloor,61352,768,0,0,192,164,0,1,1,4294967295
tl_NightCastleFloor2,60200,416,0,0,32,192,0,1,1,4294967295
tl_NightCastleFloor2,60200,608,0,0,32,192,0,1,1,4294967295
tl_NightCastleFloor2,60264,432,0,0,32,192,0,1,1,4294967295
tl_NightCastleFloor2,60264,624,0,0,32,192,0,1,1,4294967295
tl_NightCastleFloor2,60332,452,0,0,32,192,0,1,1,4294967295
tl_NightCastleFloor2,60400,480,0,0,32,192,0,1,1,4294967295
tl_NightCastleFloor2,60472,500,0,0,32,192,0,1,1,4294967295
tl_NightCastleFloor2,60552,528,0,0,32,192,0,1,1,4294967295
tl_NightCastleFloor2,60552,720,0,0,32,192,0,1,1,4294967295
tl_NightCastleFloor2,60332,644,0,0,32,192,0,1,1,4294967295
tl_NightCastleFloor2,60400,672,0,0,32,192,0,1,1,4294967295
tl_NightCastleFloor2,60472,692,0,0,32,192,0,1,1,4294967295
tl_NightCastleFloor2,60776,544,0,0,32,192,0,1,1,4294967295
tl_NightCastleFloor2,60936,592,0,0,32,192,0,1,1,4294967295
tl_NightCastleFloor2,60936,784,0,0,32,192,0,1,1,4294967295
tl_NightCastleFloor2,60776,736,0,0,32,192,0,1,1,4294967295
tl_NightCastleFloor2,60832,552,0,0,32,192,0,1,1,4294967295
tl_NightCastleFloor2,60884,572,0,0,32,192,0,1,1,4294967295
tl_NightCastleFloor2,60832,744,0,0,32,192,0,1,1,4294967295
tl_NightCastleFloor2,60884,764,0,0,32,192,0,1,1,4294967295
tl_NightCastleFloor,57424,712,0,0,192,164,0,1,1,4294967295
background332,57388,592,96,0,96,72,0,1,1,4294967295
background332,57300,668,0,0,96,72,0,1,1,4294967295
background332,57552,464,96,0,96,72,0,1,1,4294967295
background332,57532,220,0,0,96,72,0,1,1,4294967295
background329,57640,244,0,0,32,50,0,1,1,4294967295
background329,58816,704,0,0,32,50,0,1,1,4294967295
background329,59268,704,0,0,32,50,0,1,1,4294967295
background329,59832,316,0,0,32,50,0,1,1,4294967295
background329,60728,444,0,0,32,50,0,1,1,4294967295
background329,61388,508,0,0,32,50,0,1,1,4294967295
background329,63592,700,0,0,32,50,0,1,1,4294967295
background329,63348,700,0,0,32,50,0,1,1,4294967295
background329,64428,700,0,0,32,50,0,1,1,4294967295
background329,63972,700,0,0,32,50,0,1,1,4294967295
background332,58948,680,0,0,96,72,0,1,1,4294967295
background332,59132,680,96,0,96,72,0,1,1,4294967295
background332,59664,680,96,0,96,72,0,1,1,4294967295
background332,59532,680,0,0,96,72,0,1,1,4294967295
background332,59940,292,0,0,96,72,0,1,1,4294967295
background332,60252,328,0,0,96,72,0,1,1,4294967295
background332,60376,380,96,0,96,72,0,1,1,4294967295
background332,60580,420,96,0,96,72,0,1,1,4294967295
background332,60912,484,0,0,96,72,0,1,1,4294967295
background332,60788,444,0,0,96,72,0,1,1,4294967295
background328,63652,632,0,0,32,64,0,1,1,4294967295
background328,63972,624,0,0,32,64,0,1,1,4294967295
background328,64292,632,0,0,32,64,0,1,1,4294967295
background332,61024,484,96,0,96,72,0,1,1,4294967295
background332,61244,484,0,0,96,72,0,1,1,4294967295
background332,61264,268,96,0,96,72,0,1,1,4294967295
background332,63440,676,96,0,96,72,0,1,1,4294967295
background332,63216,676,0,0,96,72,0,1,1,4294967295
background332,63888,676,0,0,96,72,0,1,1,4294967295
background332,64184,676,96,0,96,72,0,1,1,4294967295
tl_NightT,64760,568,0,0,149,180,0,1,1,4294967295
tl_NightT,65320,568,0,0,149,180,0,1,1,4294967295
tl_NightT,65932,568,0,0,149,180,0,1,1,4294967295
tl_NightT,66416,568,0,0,149,180,0,1,1,4294967295
tl_NightT,66720,568,0,0,149,180,0,1,1,4294967295
tl_NightT,65568,568,0,0,149,180,0,1,1,4294967295
tl_NightT,65048,568,0,0,149,180,0,1,1,4294967295
tl_NightB,64724,712,0,0,125,40,0,1,1,4294967295
tl_NightB,65096,728,0,0,125,40,0,1,1,4294967295
tl_NightB,65500,708,0,0,125,40,0,1,1,4294967295
tl_NightB,65896,708,0,0,125,40,0,1,1,4294967295
tl_NightB,66192,708,0,0,125,40,0,1,1,4294967295
tl_NightB,66836,708,0,0,125,40,0,1,1,4294967295
tl_NightB,66560,724,0,0,125,40,0,1,1,4294967295
background332,61124,240,96,0,96,72,0,1,1,4294967295
tl_NightMCover,31704,248,0,0,64,64,0,1,1,4294967295
tl_NightMCover,31656,248,0,0,64,64,0,1,1,4294967295
tl_NightT,35528,600,0,0,149,180,0,1,1,4294967295
tl_NightB,1408,568,0,0,125,40,0,1,1,4294967295
tl_NightB,1224,556,0,0,125,40,0,1,1,4294967295
tl_NightB,1956,644,0,0,125,40,0,1,1,4294967295
tl_NightB,2452,724,0,0,125,40,0,1,1,4294967295
background332,64084,676,0,0,96,72,0,1,1,4294967295
background332,64476,676,96,0,96,72,0,1,1,4294967295
background332,64324,676,0,0,96,72,0,1,1,4294967295
tl_RailStands,24176,780,5,0,5,96,0,1,1,4294967295
tl_RailStands,24484,684,5,0,5,96,0,1,1,4294967295
tl_RailStands,12280,764,5,0,5,96,0,1,1,4294967295
tl_RailStands,10968,556,5,0,5,96,0,1,1,4294967295
tl_RailStands,10968,652,5,0,5,96,0,1,1,4294967295
tl_RailStands,10968,748,5,0,5,96,0,1,1,4294967295
tl_RailStands,10456,652,5,0,5,96,0,1,1,4294967295
tl_RailStands,10456,748,5,0,5,96,0,1,1,4294967295
tl_RailStands,4956,180,5,0,5,96,0,1,1,4294967295
tl_RailStands,5256,180,5,0,5,96,0,1,1,4294967295
tl_RailStands,5556,236,5,0,5,96,0,1,1,4294967295
tl_RailStands,5556,300,5,0,5,96,0,1,1,4294967295
tl_RailStands,5556,336,5,0,5,96,0,1,1,4294967295
tl_RailStands,6076,308,5,0,5,96,0,1,1,4294967295
tl_RailStands,6076,404,5,0,5,96,0,1,1,4294967295
tl_RailStands,6076,476,5,0,5,96,0,1,1,4294967295
tl_RailStands,11992,556,5,0,5,96,0,1,1,4294967295
tl_RailStands,11992,652,5,0,5,96,0,1,1,4294967295
tl_RailStands,11992,748,5,0,5,96,0,1,1,4294967295
tl_RailStands,45240,408,10,0,5,96,0,1,1,4294967295
tl_RailStands,45240,504,10,0,5,96,0,1,1,4294967295
tl_RailStands,45240,600,10,0,5,96,0,1,1,4294967295
tl_RailStands,45240,696,10,0,5,96,0,1,1,4294967295
tl_RailStands,45544,456,10,0,5,96,0,1,1,4294967295
tl_RailStands,45544,552,10,0,5,96,0,1,1,4294967295
tl_RailStands,45544,648,10,0,5,96,0,1,1,4294967295
tl_RailStands,45544,664,10,0,5,96,0,1,1,4294967295
tl_RailStands,51856,436,10,0,5,96,0,1,1,4294967295
tl_RailStands,51856,532,10,0,5,96,0,1,1,4294967295
tl_RailStands,51856,628,10,0,5,96,0,1,1,4294967295
tl_RailStands,51856,724,10,0,5,96,0,1,1,4294967295
tl_RailStands,51476,436,10,0,5,96,0,1,1,4294967295
tl_RailStands,51476,532,10,0,5,96,0,1,1,4294967295
tl_RailStands,51476,628,10,0,5,96,0,1,1,4294967295
tl_RailStands,51476,724,10,0,5,96,0,1,1,4294967295
tl_RailStands,50992,148,10,0,5,96,0,1,1,4294967295
tl_RailStands,50992,244,10,0,5,96,0,1,1,4294967295
tl_RailStands,50992,340,10,0,5,96,0,1,1,4294967295
tl_RailStands,50992,436,10,0,5,96,0,1,1,4294967295
tl_RailStands,50992,532,10,0,5,96,0,1,1,4294967295
tl_RailStands,50992,628,10,0,5,96,0,1,1,4294967295
tl_RailStands,50992,724,10,0,5,96,0,1,1,4294967295
tl_RailStands,50572,132,10,0,5,96,0,1,1,4294967295
tl_RailStands,50572,228,10,0,5,96,0,1,1,4294967295
tl_RailStands,50572,324,10,0,5,96,0,1,1,4294967295
tl_RailStands,50572,420,10,0,5,96,0,1,1,4294967295
tl_RailStands,50572,516,10,0,5,96,0,1,1,4294967295
tl_RailStands,50572,612,10,0,5,96,0,1,1,4294967295
tl_RailStands,50572,708,10,0,5,96,0,1,1,4294967295
tl_RailStands,57804,544,10,0,5,96,0,1,1,4294967295
tl_RailStands,57804,640,10,0,5,96,0,1,1,4294967295
tl_RailStands,57804,736,10,0,5,96,0,1,1,4294967295
tl_RailStands,58568,700,10,0,5,96,0,1,1,4294967295
tl_RailStands,58568,732,10,0,5,96,0,1,1,4294967295
tl_RailStands,58036,692,10,0,5,96,0,1,1,4294967295
tl_RailStands,58036,724,10,0,5,96,0,1,1,4294967295
tl_RailStands,58532,396,10,0,5,96,0,1,1,4294967295
tl_RailStands,58532,492,10,0,5,96,0,1,1,4294967295
tl_RailStands,58532,588,10,0,5,96,0,1,1,4294967295
tl_RailStands,58532,604,10,0,5,96,0,1,1,4294967295
tl_RailStands,57900,300,10,0,5,96,0,1,1,4294967295
tl_RailStands,57900,396,10,0,5,96,0,1,1,4294967295
tl_RailStands,57900,492,10,0,5,96,0,1,1,4294967295
tl_RailStands,57900,572,10,0,5,96,0,1,1,4294967295
tl_RailStands,57900,652,10,0,5,96,0,1,1,4294967295
tl_RailStands,57900,748,10,0,5,96,0,1,1,4294967295
tl_RailStands,58532,684,10,0,5,96,0,1,1,4294967295
tl_RailStands,58532,716,10,0,5,96,0,1,1,4294967295
tl_RailStands,58236,396,10,0,5,96,0,1,1,4294967295
tl_RailStands,58236,492,10,0,5,96,0,1,1,4294967295
tl_RailStands,58236,572,10,0,5,96,0,1,1,4294967295
tl_RailStands,58236,668,10,0,5,96,0,1,1,4294967295
tl_RailStands,58236,764,10,0,5,96,0,1,1,4294967295
