tl_HUBFlowers,392,572,0,0,24,24,0,1,1,4294967295
tl_HUBFlowers,124,572,72,0,24,24,0,1,1,4294967295
tl_HUBFlowers,232,572,24,0,24,24,0,1,1,4294967295
tl_HUBFlowers,556,568,72,0,24,24,0,1,1,4294967295
tl_NightT,100,416,0,0,149,180,0,1,1,4294967295
tl_NightT,836,416,0,0,149,180,0,1,1,4294967295
tl_NightT,1264,416,0,0,149,180,0,1,1,4294967295
tl_NightT,2024,488,0,0,149,180,0,1,1,4294967295
tl_NightT,2828,584,0,0,149,180,0,1,1,4294967295
tl_NightT,3364,584,0,0,149,180,0,1,1,4294967295
tl_NightT,3844,536,0,0,149,180,0,1,1,4294967295
tl_NightT,4044,536,0,0,149,180,0,1,1,4294967295
tl_NightT,6004,392,0,0,149,180,0,1,1,4294967295
tl_NightT,4976,52,0,0,149,180,0,1,1,4294967295
tl_NightT,5188,52,0,0,149,180,0,1,1,4294967295
tl_NightT,4672,352,0,0,149,180,0,1,1,4294967295
tl_NightT,5520,252,0,0,149,180,0,1,1,4294967295
tl_NightT,4280,272,0,0,149,180,0,1,1,4294967295
tl_NightT,6740,520,0,0,149,180,0,1,1,4294967295
tl_NightT,6440,392,0,0,149,180,0,1,1,4294967295
tl_NightT,8184,320,0,0,149,180,0,1,1,4294967295
tl_NightT,8432,196,0,0,149,180,0,1,1,4294967295
tl_NightM2,17192,84,0,0,256,256,0,1,1,4294967295
tl_NightM2,17448,116,0,0,256,256,0,1,1,4294967295
tl_NightM2,17704,100,0,0,256,256,0,1,1,4294967295
tl_NightM2,17960,164,0,0,256,256,0,1,1,4294967295
tl_NightM2,17960,420,0,0,256,256,0,1,1,4294967295
tl_NightM2,17960,676,0,0,256,256,0,1,1,4294967295
tl_NightM2,18032,652,0,0,256,256,0,1,1,4294967295
tl_NightMEd,17168,172,0,0,24,256,0,1,1,4294967295
tl_NightMEd,18288,564,24,0,24,256,0,1,1,4294967295
tl_NightB,-64,556,0,0,125,40,0,1,1,4294967295
tl_NightB,260,556,0,0,125,40,0,1,1,4294967295
tl_NightB,436,556,0,0,125,40,0,1,1,4294967295
tl_NightT,384,416,0,0,149,180,0,1,1,4294967295
tl_NightB,720,556,0,0,125,40,0,1,1,4294967295
tl_HUBFlowers,740,572,0,0,24,24,0,1,1,4294967295
tl_HUBFlowers,793,569,72,0,24,24,0,1,1,4294967295
tl_NightB,1580,556,0,0,125,40,0,1,1,4294967295
tl_NightB,980,556,0,0,125,40,0,1,1,4294967295
tl_NightB,1024,572,0,0,125,40,0,1,1,4294967295
tl_NightB,2236,676,0,0,125,40,0,1,1,4294967295
tl_NightB,2792,728,0,0,125,40,0,1,1,4294967295
tl_NightB,3708,716,0,0,125,40,0,1,1,4294967295
tl_NightB,3796,688,0,0,125,40,0,1,1,4294967295
tl_NightB,3968,676,0,0,125,40,0,1,1,4294967295
tl_NightB,3156,724,0,0,125,40,0,1,1,4294967295
tl_NightB,5108,192,0,0,125,40,0,1,1,4294967295
tl_NightB,7656,732,0,0,125,40,0,1,1,4294967295
tl_NightB,7924,732,0,0,125,40,0,1,1,4294967295
tl_NightB,7972,748,0,0,125,40,0,1,1,4294967295
tl_NightB,8116,732,0,0,125,40,0,1,1,4294967295
tl_NightB,6912,732,0,0,125,40,0,1,1,4294967295
tl_NightB,7336,732,0,0,125,40,0,1,1,4294967295
tl_NightB,8744,732,0,0,125,40,0,1,1,4294967295
tl_NightB,8676,748,0,0,125,40,0,1,1,4294967295
tl_NightB,9068,732,0,0,125,40,0,1,1,4294967295
tl_NightB,9608,732,0,0,125,40,0,1,1,4294967295
tl_NightB,10036,604,0,0,125,40,0,1,1,4294967295
tl_NightT,8816,592,0,0,149,180,0,1,1,4294967295
tl_NightT,9488,592,0,0,149,180,0,1,1,4294967295
tl_NightT,9188,592,0,0,149,180,0,1,1,4294967295
tl_NightT,7028,592,0,0,149,180,0,1,1,4294967295
tl_NightT,7792,592,0,0,149,180,0,1,1,4294967295
tl_NightB,6276,532,0,0,125,40,0,1,1,4294967295
tl_NightB,5620,392,0,0,125,40,0,1,1,4294967295
tl_NightB,5732,732,0,0,125,40,0,1,1,4294967295
tl_NightB,6656,660,0,0,125,40,0,1,1,4294967295
tl_NightM2,21496,556,0,0,256,256,0,1,1,4294967295
tl_NightM2,21576,556,0,0,256,256,0,1,1,4294967295
tl_NightMEd,21472,548,0,0,24,256,0,1,1,4294967295
tl_NightMEd,21832,548,24,0,24,256,0,1,1,4294967295
tl_NightM2,24864,676,0,0,256,256,0,1,1,4294967295
tl_NightM2,25120,676,0,0,256,256,0,1,1,4294967295
tl_NightM2,25376,644,0,0,256,256,0,1,1,4294967295
tl_NightM2,25600,516,0,0,256,256,0,1,1,4294967295
tl_NightM2,25600,372,0,0,256,256,0,1,1,4294967295
tl_NightM2,25640,556,0,0,256,256,0,1,1,4294967295
tl_NightM2,25648,372,0,0,256,256,0,1,1,4294967295
tl_NightMEd,24840,684,0,0,24,256,0,1,1,4294967295
tl_NightCastleW,40988,376,0,0,320,176,0,1,1,4294967295
tl_NightCastleW,41308,376,0,0,320,176,0,1,1,4294967295
tl_NightCastleW,40988,200,0,0,320,176,0,1,1,4294967295
tl_NightCastleW,41308,200,0,0,320,176,0,1,1,4294967295
tl_NightCastleW,41628,200,0,0,320,176,0,1,1,4294967295
tl_NightCastleW,41628,376,0,0,320,176,0,1,1,4294967295
tl_NightCastleW2,41948,200,0,0,32,176,0,1,1,4294967295
tl_NightCastleW2,41948,376,0,0,32,176,0,1,1,4294967295
tl_NightCastleW,45788,252,0,0,320,176,0,1,1,4294967295
tl_NightCastleW,45788,428,0,0,320,176,0,1,1,4294967295
tl_NightCastleW,46108,252,0,0,320,176,0,1,1,4294967295
tl_NightCastleW,46108,428,0,0,320,176,0,1,1,4294967295
tl_NightCastleW,46108,604,0,0,320,176,0,1,1,4294967295
tl_NightCastleW,46108,780,0,0,320,176,0,1,1,4294967295
tl_NightCastleW,46428,252,0,0,320,176,0,1,1,4294967295
tl_NightCastleW,46428,428,0,0,320,176,0,1,1,4294967295
tl_NightCastleW,46428,604,0,0,320,176,0,1,1,4294967295
tl_NightCastleW,46428,780,0,0,320,176,0,1,1,4294967295
tl_NightCastleFloor2,46172,496,0,0,32,192,0,1,1,4294967295
tl_NightCastleFloor2,46172,688,0,0,32,192,0,1,1,4294967295
tl_NightCastleFloor2,46232,512,0,0,32,192,0,1,1,4294967295
tl_NightCastleFloor2,46232,704,0,0,32,192,0,1,1,4294967295
tl_NightCastleFloor2,46296,532,0,0,32,192,0,1,1,4294967295
tl_NightCastleFloor2,46296,724,0,0,32,192,0,1,1,4294967295
tl_NightCastleFloor2,46352,552,0,0,32,192,0,1,1,4294967295
tl_NightCastleFloor2,46352,744,0,0,32,192,0,1,1,4294967295
tl_NightCastleFloor2,46412,572,0,0,32,192,0,1,1,4294967295
tl_NightCastleFloor2,46524,608,0,0,32,192,0,1,1,4294967295
tl_NightCastleFloor2,46468,592,0,0,32,192,0,1,1,4294967295
tl_NightCastleFloor2,46412,764,0,0,32,192,0,1,1,4294967295
tl_NightCastleFloor2,46468,784,0,0,32,192,0,1,1,4294967295
tl_NightCastleW2,46748,252,0,0,32,176,0,1,1,4294967295
tl_NightCastleW2,46748,428,0,0,32,176,0,1,1,4294967295
tl_NightT,12472,16,0,0,149,180,0,1,1,4294967295
tl_NightT,12776,148,0,0,149,180,0,1,1,4294967295
tl_NightT,12936,276,0,0,149,180,0,1,1,4294967295
tl_NightT,13144,400,0,0,149,180,0,1,1,4294967295
tl_NightT,13708,528,0,0,149,180,0,1,1,4294967295
tl_NightT,16964,88,0,0,149,180,0,1,1,4294967295
tl_NightT,18360,592,0,0,149,180,0,1,1,4294967295
tl_NightT,21180,592,0,0,149,180,0,1,1,4294967295
tl_NightT,20952,592,0,0,149,180,0,1,1,4294967295
tl_NightT,22032,592,0,0,149,180,0,1,1,4294967295
tl_NightT,22192,12,0,0,149,180,0,1,1,4294967295
tl_NightT,22680,140,0,0,149,180,0,1,1,4294967295
tl_NightT,22940,596,0,0,149,180,0,1,1,4294967295
tl_NightT,23128,592,0,0,149,180,0,1,1,4294967295
tl_NightT,24592,608,0,0,149,180,0,1,1,4294967295
tl_NightT,23528,140,0,0,149,180,0,1,1,4294967295
tl_NightT,23340,140,0,0,149,180,0,1,1,4294967295
tl_NightT,23836,268,0,0,149,180,0,1,1,4294967295
tl_NightT,24880,264,0,0,149,180,0,1,1,4294967295
tl_NightT,25392,200,0,0,149,180,0,1,1,4294967295
tl_NightT,25220,248,0,0,149,180,0,1,1,4294967295
tl_NightT,26076,168,0,0,149,180,0,1,1,4294967295
tl_NightT,26440,584,0,0,149,180,0,1,1,4294967295
tl_NightT,26708,584,0,0,149,180,0,1,1,4294967295
tl_NightT,26948,584,0,0,149,180,0,1,1,4294967295
tl_NightT,27456,496,0,0,149,180,0,1,1,4294967295
tl_NightT,28000,240,0,0,149,180,0,1,1,4294967295
tl_NightT,28352,368,0,0,149,180,0,1,1,4294967295
tl_NightT,28984,368,0,0,149,180,0,1,1,4294967295
tl_NightT,28784,368,0,0,149,180,0,1,1,4294967295
tl_NightT,30032,592,0,0,149,180,0,1,1,4294967295
tl_NightT,30260,592,0,0,149,180,0,1,1,4294967295
tl_NightT,30500,592,0,0,149,180,0,1,1,4294967295
tl_NightT,30972,592,0,0,149,180,0,1,1,4294967295
tl_NightT,31208,592,0,0,149,180,0,1,1,4294967295
tl_NightT,31524,-12,0,0,149,180,0,1,1,4294967295
tl_NightT,35780,600,0,0,149,180,0,1,1,4294967295
tl_NightT,36176,600,0,0,149,180,0,1,1,4294967295
tl_NightT,36872,600,0,0,149,180,0,1,1,4294967295
tl_NightT,37496,504,0,0,149,180,0,1,1,4294967295
tl_NightT,38216,408,0,0,149,180,0,1,1,4294967295
tl_NightT,38648,408,0,0,149,180,0,1,1,4294967295
tl_NightT,38912,408,0,0,149,180,0,1,1,4294967295
tl_NightT,39484,408,0,0,149,180,0,1,1,4294967295
tl_NightT,39668,408,0,0,149,180,0,1,1,4294967295
tl_NightT,39300,408,0,0,149,180,0,1,1,4294967295
tl_NightT,39108,408,0,0,149,180,0,1,1,4294967295
tl_NightT,38428,408,0,0,149,180,0,1,1,4294967295
tl_NightB,12584,164,0,0,125,40,0,1,1,4294967295
tl_NightB,13236,544,0,0,125,40,0,1,1,4294967295
tl_NightB,13612,668,0,0,125,40,0,1,1,4294967295
tl_NightB,14448,672,0,0,125,40,0,1,1,4294967295
tl_NightB,14180,668,0,0,125,40,0,1,1,4294967295
tl_NightB,14248,684,0,0,125,40,0,1,1,4294967295
tl_NightB,15140,668,0,0,125,40,0,1,1,4294967295
tl_NightB,14956,668,0,0,125,40,0,1,1,4294967295
tl_NightB,15580,668,0,0,125,40,0,1,1,4294967295
tl_NightB,15952,668,0,0,125,40,0,1,1,4294967295
tl_NightB,15872,684,0,0,125,40,0,1,1,4294967295
tl_NightB,16272,668,0,0,125,40,0,1,1,4294967295
tl_NightB,16516,668,0,0,125,40,0,1,1,4294967295
tl_NightB,16880,668,0,0,125,40,0,1,1,4294967295
tl_NightB,17116,228,0,0,125,40,0,1,1,4294967295
tl_NightB,17204,248,0,0,125,40,0,1,1,4294967295
tl_NightB,17388,228,0,0,125,40,0,1,1,4294967295
tl_NightB,17588,244,0,0,125,40,0,1,1,4294967295
tl_NightB,17824,232,0,0,125,40,0,1,1,4294967295
tl_NightB,17736,244,0,0,125,40,0,1,1,4294967295
tl_NightB,18152,732,0,0,125,40,0,1,1,4294967295
tl_NightB,18228,752,0,0,125,40,0,1,1,4294967295
tl_NightB,20252,732,0,0,125,40,0,1,1,4294967295
tl_NightB,20340,752,0,0,125,40,0,1,1,4294967295
tl_NightB,20588,732,0,0,125,40,0,1,1,4294967295
tl_NightB,20688,740,0,0,125,40,0,1,1,4294967295
tl_NightB,21156,740,0,0,125,40,0,1,1,4294967295
tl_NightB,21500,616,0,0,125,40,0,1,1,4294967295
tl_NightB,21652,620,0,0,125,40,0,1,1,4294967295
tl_NightB,21740,608,0,0,125,40,0,1,1,4294967295
tl_NightB,22204,672,0,0,125,40,0,1,1,4294967295
tl_NightB,22288,152,0,0,125,40,0,1,1,4294967295
tl_NightB,22376,168,0,0,125,40,0,1,1,4294967295
tl_NightB,22608,280,0,0,125,40,0,1,1,4294967295
tl_NightB,22812,288,0,0,125,40,0,1,1,4294967295
tl_NightB,23408,280,0,0,125,40,0,1,1,4294967295
tl_NightB,23464,300,0,0,125,40,0,1,1,4294967295
tl_NightB,23932,416,0,0,125,40,0,1,1,4294967295
tl_NightB,23308,732,0,0,125,40,0,1,1,4294967295
tl_NightB,23400,748,0,0,125,40,0,1,1,4294967295
tl_NightB,23588,732,0,0,125,40,0,1,1,4294967295
tl_NightB,23680,744,0,0,125,40,0,1,1,4294967295
tl_NightB,23904,732,0,0,125,40,0,1,1,4294967295
tl_NightB,23832,752,0,0,125,40,0,1,1,4294967295
tl_NightB,23056,736,0,0,125,40,0,1,1,4294967295
tl_NightB,22868,740,0,0,125,40,0,1,1,4294967295
tl_NightB,24776,756,0,0,125,40,0,1,1,4294967295
tl_NightB,24504,756,0,0,125,40,0,1,1,4294967295
tl_NightB,24980,404,0,0,125,40,0,1,1,4294967295
tl_NightB,25172,408,0,0,125,40,0,1,1,4294967295
tl_NightB,25976,308,0,0,125,40,0,1,1,4294967295
tl_NightB,26168,308,0,0,125,40,0,1,1,4294967295
tl_NightB,25000,716,0,0,125,40,0,1,1,4294967295
tl_NightB,25080,736,0,0,125,40,0,1,1,4294967295
tl_NightB,25276,716,0,0,125,40,0,1,1,4294967295
tl_NightB,25816,720,0,0,125,40,0,1,1,4294967295
tl_NightB,26580,724,0,0,125,40,0,1,1,4294967295
tl_NightB,26652,744,0,0,125,40,0,1,1,4294967295
tl_NightB,26892,724,0,0,125,40,0,1,1,4294967295
tl_NightB,27224,636,0,0,125,40,0,1,1,4294967295
tl_NightB,27376,636,0,0,125,40,0,1,1,4294967295
tl_NightB,27600,636,0,0,125,40,0,1,1,4294967295
tl_NightB,27552,652,0,0,125,40,0,1,1,4294967295
tl_NightB,27852,380,0,0,125,40,0,1,1,4294967295
tl_NightB,27940,396,0,0,125,40,0,1,1,4294967295
tl_NightB,28100,388,0,0,125,40,0,1,1,4294967295
tl_NightB,28244,508,0,0,125,40,0,1,1,4294967295
tl_NightB,29272,640,0,0,125,40,0,1,1,4294967295
tl_NightB,28916,508,0,0,125,40,0,1,1,4294967295
tl_NightB,29500,380,0,0,125,40,0,1,1,4294967295
tl_NightB,29604,392,0,0,125,40,0,1,1,4294967295
tl_NightB,29712,124,0,0,125,40,0,1,1,4294967295
tl_NightB,29964,732,0,0,125,40,0,1,1,4294967295
tl_NightB,30176,732,0,0,125,40,0,1,1,4294967295
tl_NightB,30468,732,0,0,125,40,0,1,1,4294967295
tl_NightB,30944,732,0,0,125,40,0,1,1,4294967295
tl_NightB,31108,736,0,0,125,40,0,1,1,4294967295
tl_NightB,31460,124,0,0,125,40,0,1,1,4294967295
tl_NightB,39572,548,0,0,125,40,0,1,1,4294967295
tl_NightB,39424,552,0,0,125,40,0,1,1,4294967295
tl_NightB,39380,564,0,0,125,40,0,1,1,4294967295
tl_NightB,39172,556,0,0,125,40,0,1,1,4294967295
tl_NightB,39008,548,0,0,125,40,0,1,1,4294967295
tl_NightB,38832,560,0,0,125,40,0,1,1,4294967295
tl_NightB,38600,548,0,0,125,40,0,1,1,4294967295
tl_NightB,38148,548,0,0,125,40,0,1,1,4294967295
tl_NightB,38064,564,0,0,125,40,0,1,1,4294967295
tl_NightB,37600,648,0,0,125,40,0,1,1,4294967295
tl_NightB,37012,740,0,0,125,40,0,1,1,4294967295
tl_NightB,36656,740,0,0,125,40,0,1,1,4294967295
tl_NightB,36588,752,0,0,125,40,0,1,1,4294967295
tl_NightB,35956,740,0,0,125,40,0,1,1,4294967295
tl_NightB,36128,752,0,0,125,40,0,1,1,4294967295
tl_NightB,35728,748,0,0,125,40,0,1,1,4294967295
tl_NightB,35456,744,0,0,125,40,0,1,1,4294967295
tl_NightB,34472,708,0,0,125,40,0,1,1,4294967295
tl_NightB,34156,708,0,0,125,40,0,1,1,4294967295
tl_NightB,32024,708,0,0,125,40,0,1,1,4294967295
tl_NightB,32264,708,0,0,125,40,0,1,1,4294967295
tl_NightB,32480,708,0,0,125,40,0,1,1,4294967295
tl_NightB,32552,724,0,0,125,40,0,1,1,4294967295
tl_NightB,32840,708,0,0,125,40,0,1,1,4294967295
tl_NightB,33084,712,0,0,125,40,0,1,1,4294967295
tl_NightB,33288,708,0,0,125,40,0,1,1,4294967295
tl_NightB,33384,724,0,0,125,40,0,1,1,4294967295
tl_NightB,33660,708,0,0,125,40,0,1,1,4294967295
tl_NightB,33936,708,0,0,125,40,0,1,1,4294967295
tl_NightB,34396,728,0,0,125,40,0,1,1,4294967295
tl_NightCastleW,49060,400,0,0,320,176,0,1,1,4294967295
tl_NightCastleW,49380,400,0,0,320,176,0,1,1,4294967295
tl_NightCastleW,49700,400,0,0,320,176,0,1,1,4294967295
tl_NightCastleW,50020,400,0,0,320,176,0,1,1,4294967295
tl_NightCastleW,49060,224,0,0,320,176,0,1,1,4294967295
tl_NightCastleW,49060,48,0,0,320,176,0,1,1,4294967295
tl_NightCastleW,49060,-100,0,0,320,176,0,1,1,4294967295
tl_NightCastleW,49376,-36,0,0,320,176,0,1,1,4294967295
tl_NightCastleW,49696,-4,0,0,320,176,0,1,1,4294967295
tl_NightCastleW,50016,-4,0,0,320,176,0,1,1,4294967295
tl_NightCastleW2,50336,-4,0,0,32,176,0,1,1,4294967295
tl_NightCastleW2,50340,400,0,0,32,176,0,1,1,4294967295
tl_NightCastleW,64220,572,0,0,320,176,0,1,1,4294967295
tl_NightCastleW,64220,396,0,0,320,176,0,1,1,4294967295
tl_NightCastleW,64220,220,0,0,320,176,0,1,1,4294967295
tl_NightCastleW,63900,572,0,0,320,176,0,1,1,4294967295
tl_NightCastleW,63900,396,0,0,320,176,0,1,1,4294967295
tl_NightCastleW,63900,220,0,0,320,176,0,1,1,4294967295
tl_NightCastleW,63580,572,0,0,320,176,0,1,1,4294967295
tl_NightCastleW,63580,396,0,0,320,176,0,1,1,4294967295
tl_NightCastleW,63580,220,0,0,320,176,0,1,1,4294967295
background354,53180,500,0,0,128,128,0,1,1,4294967295
background354,53308,500,0,0,128,128,0,1,1,4294967295
background354,53436,500,0,0,128,128,0,1,1,4294967295
background354,53564,500,0,0,128,128,0,1,1,4294967295
background354,53692,500,0,0,128,128,0,1,1,4294967295
background354,53820,500,0,0,128,128,0,1,1,4294967295
background354,53948,500,0,0,128,128,0,1,1,4294967295
background354,54076,500,0,0,128,128,0,1,1,4294967295
background354,54204,500,0,0,128,128,0,1,1,4294967295
background354,54332,500,0,0,128,128,0,1,1,4294967295
background354,63292,320,0,0,128,128,0,1,1,4294967295
background354,63292,448,0,0,128,128,0,1,1,4294967295
background354,63164,328,0,0,128,128,0,1,1,4294967295
background354,63164,456,0,0,128,128,0,1,1,4294967295
background354,63420,608,0,0,128,128,0,1,1,4294967295
background354,63292,608,0,0,128,128,0,1,1,4294967295
background354,63164,608,0,0,128,128,0,1,1,4294967295
background354,63164,736,0,0,128,128,0,1,1,4294967295
background354,63292,736,0,0,128,128,0,1,1,4294967295
background354,63420,736,0,0,128,128,0,1,1,4294967295
tl_NightCastleW,63580,44,0,0,320,176,0,1,1,4294967295
tl_NightCastleW,63900,44,0,0,320,176,0,1,1,4294967295
tl_NightCastleW,63580,-100,0,0,320,176,0,1,1,4294967295
tl_NightCastleW3,46788,0,0,0,192,160,0,1,1,4294967295
tl_NightCastleW3,46980,0,0,0,192,160,0,1,1,4294967295
tl_NightCastleW3,46788,64,0,0,192,160,0,1,1,4294967295
tl_NightCastleW3,46980,64,0,0,192,160,0,1,1,4294967295
tl_NightCastleW3,47140,0,0,0,192,160,0,1,1,4294967295
tl_NightB2,31688,724,0,0,64,24,0,1,1,4294967295
tl_NightB2,34984,256,0,0,64,24,0,1,1,4294967295
tl_NightB2,17964,748,0,0,64,24,0,1,1,4294967295
tl_RailStands,59080,260,10,0,5,96,0,1,1,4294967295
tl_RailStands,59080,356,10,0,5,96,0,1,1,4294967295
tl_RailStands,59080,452,10,0,5,96,0,1,1,4294967295
tl_RailStands,59080,548,10,0,5,96,0,1,1,4294967295
tl_RailStands,59080,644,10,0,5,96,0,1,1,4294967295
tl_RailStands,59080,660,10,0,5,96,0,1,1,4294967295
tl_RailStands,59584,372,10,0,5,96,0,1,1,4294967295
tl_RailStands,59584,468,10,0,5,96,0,1,1,4294967295
tl_RailStands,59584,564,10,0,5,96,0,1,1,4294967295
tl_RailStands,59584,660,10,0,5,96,0,1,1,4294967295
tl_RailStands,59584,692,10,0,5,96,0,1,1,4294967295
