objBGBEACH,28,4,00061C9C,0,1,1,4294967295,0,0
objWaterParallax,52,4,0012E6BB,0,1,1,4294967295,0,0
objSwirlPlatD,3364,964,0008571C,0,1,1,4294967295,0,0
objSwirlPlatD,3364,1084,003B04BA,0,1,1,4294967295,0,0
objSwirlPlatD,3364,1204,000C0765,0,1,1,4294967295,0,0
objSwirlPlatD,3364,1324,0033BEFA,0,1,1,4294967295,0,0
objSwirlPlatD,3364,1364,002CEB56,0,1,1,4294967295,0,0
object1349,2956,1364,002908A4,0,1,1,4294967295,0,0
object1349,3112,1324,000BA8D3,0,1,1,4294967295,0,0
object1349,3260,1280,0035AC3F,0,1,1,4294967295,0,0
object1333,2032,1672,0026F5EB,0,1,1,4294967295,0,0
object1333,2032,1608,00121537,0,1,1,4294967295,0,0
object1333,2032,1544,0021C08F,0,1,1,4294967295,0,0
object1333,2032,1480,000BAA0E,0,1,1,4294967295,0,0
object1333,2032,1416,00196BF8,0,1,1,4294967295,0,0
object1333,2032,1352,00064F25,0,1,1,4294967295,0,0
object1333,2032,1288,0038D00D,0,1,1,4294967295,0,0
object1333,2032,1224,003E7C04,0,1,1,4294967295,0,0
object1333,2032,1160,001D1C9D,0,1,1,4294967295,0,0
object1333,2032,1096,0020A1B0,0,1,1,4294967295,0,0
object1333,2212,1668,0023228D,0,1,1,4294967295,0,0
object1333,2212,1608,00183A6A,0,1,1,4294967295,0,0
object1333,2212,1544,00005C37,0,1,1,4294967295,0,0
object1333,2212,1480,0011FB7B,0,1,1,4294967295,0,0
object1333,2212,1416,00120D20,0,1,1,4294967295,0,0
object1333,2212,1352,0024C372,0,1,1,4294967295,0,0
object1333,2212,1288,001830AB,0,1,1,4294967295,0,0
object1333,2212,1224,003FDD16,0,1,1,4294967295,0,0
object1333,2212,1160,0023FA8D,0,1,1,4294967295,0,0
object1333,2212,1096,0022A5CF,0,1,1,4294967295,0,0
object1345,1986,1096,00003FD3,0,1,1,4294967295,0,0
object1345,1986,1224,00156E3A,0,1,1,4294967295,0,0
object1345,1986,1352,002EB8CF,0,1,1,4294967295,0,0
object1345,1986,1480,0011928B,0,1,1,4294967295,0,0
object1345,1986,1608,0019CEC1,0,1,1,4294967295,0,0
object1346,2392,1096,00313B16,0,1,1,4294967295,0,0
object1346,2392,1224,000C202C,0,1,1,4294967295,0,0
object1346,2392,1352,001DE15B,0,1,1,4294967295,0,0
object1346,2392,1480,002D0264,0,1,1,4294967295,0,0
object1346,2392,1608,00273300,0,1,1,4294967295,0,0
objPlayerPosition,408,1496,00184928,0,1,1,4294967295,0,0
object1331,1908,1728,00164D9F,0,1,1,4294967295,0,0
object1331,2088,1728,000F32C9,0,1,1,4294967295,0,0
object1331,2268,1728,00090BD2,0,1,1,4294967295,0,0
object1331,2448,1728,0019096B,0,1,1,4294967295,0,0
object1331,2628,1728,002F1E4A,0,1,1,4294967295,0,0
object1331,2808,1728,002116FD,0,1,1,4294967295,0,0
objDasherWall,2108,1352,0034E26E,0,1,1,4294967295,0,0
object1331,0,1512,00000085,0,1,1,4294967295,0,0
object1331,180,1512,00224F36,0,1,1,4294967295,0,0
object1331,360,1512,003F453E,0,1,1,4294967295,0,0
object1331,540,1512,00083250,0,1,1,4294967295,0,0
object1331,720,1512,001CE704,0,1,1,4294967295,0,0
object1331,900,1512,0006F466,0,1,1,4294967295,0,0
object1331,1080,1512,003EFD2F,0,1,1,4294967295,0,0
object1365,1260,1512,000B7C3E,0,1,1,4294967295,0,0
object1365,1332,1536,0016902D,0,1,1,4294967295,0,0
object1365,1404,1560,000FB3E7,0,1,1,4294967295,0,0
object1365,1476,1584,00344504,0,1,1,4294967295,0,0
object1365,1548,1608,00092FD6,0,1,1,4294967295,0,0
object1365,1620,1632,00156DE0,0,1,1,4294967295,0,0
object1365,1692,1656,00347899,0,1,1,4294967295,0,0
object1365,1764,1680,000FDB27,0,1,1,4294967295,0,0
object1365,1836,1704,0022BB8D,0,1,1,4294967295,0,0
objInvWall,-28,1352,001211AC,0,1,1,4294967295,0,0
objInvWall,-28,1388,001ABAB9,0,1,1,4294967295,0,0
objInvWall,-28,1224,0035CD2E,0,1,1,4294967295,0,0
objInvWall,-28,1100,00398F48,0,1,1,4294967295,0,0
objInvWall,-28,988,0011C760,0,1,1,4294967295,0,0
object1381,2988,1728,00205C7D,0,1,1,4294967295,0,0
object1383,2988,1796,00388C78,0,1,1,4294967295,0,0
object1383,2988,1924,0019C6F2,0,1,1,4294967295,0,0
object1383,2988,2052,0026FC7F,0,1,1,4294967295,0,0
object1383,2988,2180,00386845,0,1,1,4294967295,0,0
object1383,2988,2308,003C89C8,0,1,1,4294967295,0,0
object1341,2032,1064,00212FC3,0,1,1,4294967295,0,0
object1347,1984,1064,001C5893,0,1,1,4294967295,0,0
object1341,2212,1064,00209F52,0,1,1,4294967295,0,0
object1348,2392,1064,000DCEDA,0,1,1,4294967295,0,0
object1341,2300,1436,002B2F54,0,1,1,4294967295,0,0
object1341,2480,1436,0002E2AF,0,1,1,4294967295,0,0
object1341,2660,1436,0001CF99,0,1,1,4294967295,0,0
object1347,2232,1436,000B33B3,0,1,1,4294967295,0,0
object1385,2244,1468,00204EB5,0,1,1,4294967295,0,0
object1386,2300,1468,00288DEB,0,1,1,4294967295,0,0
object1386,2480,1468,001C69BC,0,1,1,4294967295,0,0
object1386,2660,1468,0011E951,0,1,1,4294967295,0,0
object1348,2840,1436,0012147D,0,1,1,4294967295,0,0
object1387,2840,1468,000DB723,0,1,1,4294967295,0,0
object1388,2848,1408,00351FA9,0,1,1,4294967295,0,0
object1382,3416,1728,002C8BE6,0,1,1,4294967295,0,0
objBridge24,3044,1728,001E6FE8,0,1,1,4294967295,0,0
object1331,3484,1728,0004AB68,0,1,1,4294967295,0,0
object1331,3664,1728,0005F5B7,0,1,1,4294967295,0,0
object1389,3844,1704,0011713C,0,1,1,4294967295,0,0
object1389,3916,1680,0025C15D,0,1,1,4294967295,0,0
object1331,3988,1680,002C4B81,0,1,1,4294967295,0,0
object1331,4168,1680,0006046B,0,1,1,4294967295,0,0
object1351,4204,1560,001222C0,0,1,1,4294967295,0,0
object1353,4204,1440,002F759F,0,1,1,4294967295,0,0
object1360,4060,1424,00107854,0,1,1,4294967295,0,0
object1352,4084,1440,00284541,0,1,1,4294967295,0,0
object1350,4084,1560,00274C54,0,1,1,4294967295,0,0
object1384,3416,1796,0026B5BC,0,1,1,4294967295,0,0
object1384,3416,1924,000880B6,0,1,1,4294967295,0,0
object1384,3416,2052,00084788,0,1,1,4294967295,0,0
object1384,3416,2180,001B7AFB,0,1,1,4294967295,0,0
object1384,3416,2308,002B8C8A,0,1,1,4294967295,0,0
object1331,4348,1680,0035F9A3,0,1,1,4294967295,0,0
object1381,4528,1680,0007414E,0,1,1,4294967295,0,0
object1383,4528,1748,0022E521,0,1,1,4294967295,0,0
object1383,4528,1876,0001DFED,0,1,1,4294967295,0,0
object1383,4528,2004,001E5301,0,1,1,4294967295,0,0
object1383,4528,2132,0028EDAF,0,1,1,4294967295,0,0
object1384,4460,1552,003D695D,0,1,1,4294967295,0,0
object1384,4460,1424,003C28FB,0,1,1,4294967295,0,0
object1382,4460,1356,00279744,0,1,1,4294967295,0,0
object1331,4528,1356,001703B2,0,1,1,4294967295,0,0
object1331,4708,1356,0013A68C,0,1,1,4294967295,0,0
object1331,4888,1356,000739BA,0,1,1,4294967295,0,0
objSpringHook,4452,1664,0009D5E8,0,1,1,4294967295,0,0
object1347,3468,1252,003E3727,0,1,1,4294967295,0,0
object1341,3536,1252,000F031A,0,1,1,4294967295,0,0
object1341,3716,1252,001B9046,0,1,1,4294967295,0,0
object1341,3896,1252,0022D549,0,1,1,4294967295,0,0
object1348,4076,1252,00034BCF,0,1,1,4294967295,0,0
object1385,3480,1284,0037C8B3,0,1,1,4294967295,0,0
object1386,3536,1284,00133917,0,1,1,4294967295,0,0
object1386,3716,1284,001CD8A0,0,1,1,4294967295,0,0
object1386,3896,1284,002B2774,0,1,1,4294967295,0,0
object1387,4076,1284,003C1B0B,0,1,1,4294967295,0,0
objMonitorRings,4112,1408,000A4A7B,0,1,1,4294967295,0,0
objMonitorRings,4152,1408,0035636E,0,1,1,4294967295,0,0
objLayerSwitch,4200,1440,000E65EC,0,1,1,4294967295,0,0
objLayerToLow,4064,1632,000E2746,0,1,1,4294967295,0,0
objLayerToLow,4064,1584,002DE18E,0,1,1,4294967295,0,0
objLayerToLow,4064,1540,00357A59,0,1,1,4294967295,0,0
objLayerToHigh,4340,1632,0017235F,0,1,1,4294967295,0,0
objLayerToHigh,4340,1584,00176C2B,0,1,1,4294967295,0,0
objLayerToHigh,4340,1536,0036D890,0,1,1,4294967295,0,0
object1381,5068,1356,0006C078,0,1,1,4294967295,0,0
object1383,5068,1424,00015C16,0,1,1,4294967295,0,0
object1383,5068,1552,000F0D25,0,1,1,4294967295,0,0
object1383,5068,1680,001CA96C,0,1,1,4294967295,0,0
object1383,5068,1808,001A7128,0,1,1,4294967295,0,0
object1383,5068,1936,003915FD,0,1,1,4294967295,0,0
object1383,5068,2064,00163E7D,0,1,1,4294967295,0,0
object1383,5068,2192,00195D16,0,1,1,4294967295,0,0
object1383,5068,2320,0027902C,0,1,1,4294967295,0,0
object1390,5124,1384,00327AE4,0,1,1,4294967295,0,0
object1390,5340,1384,00053CA9,0,1,1,4294967295,0,0
object1390,5556,1384,0029B7FE,0,1,1,4294967295,0,0
object1390,5772,1384,001B9D18,0,1,1,4294967295,0,0
object1390,6204,1384,00361CCC,0,1,1,4294967295,0,0
object1390,6420,1384,002B7197,0,1,1,4294967295,0,0
object1390,6636,1384,0005BCB5,0,1,1,4294967295,0,0
object1331,6368,2252,002151DA,0,1,1,4294967295,0,0
object1331,6548,2252,001D1FC2,0,1,1,4294967295,0,0
object1331,6728,2252,000DED1D,0,1,1,4294967295,0,0
object1331,6908,2252,001D207C,0,1,1,4294967295,0,0
object1331,7088,2252,0034F19D,0,1,1,4294967295,0,0
object1383,6312,2192,0015F848,0,1,1,4294967295,0,0
object1383,6312,2064,0008A548,0,1,1,4294967295,0,0
object1392,6312,2064,002EE451,0,1,1,4294967295,0,0
object1392,6492,2064,000E06FB,0,1,1,4294967295,0,0
object1392,6672,2064,0010F9E6,0,1,1,4294967295,0,0
object1392,6852,2064,003B4275,0,1,1,4294967295,0,0
object1392,7032,2064,002C4D11,0,1,1,4294967295,0,0
object1331,6312,1996,0036823E,0,1,1,4294967295,0,0
object1331,6492,1996,000A2C82,0,1,1,4294967295,0,0
object1331,6672,1996,000419F8,0,1,1,4294967295,0,0
object1331,6852,1996,001E911D,0,1,1,4294967295,0,0
object1331,7032,1996,0031A0CC,0,1,1,4294967295,0,0
object1383,6312,2320,00324D1A,0,1,1,4294967295,0,0
object1331,6132,1996,001AA59E,0,1,1,4294967295,0,0
object1331,5952,1996,001B6697,0,1,1,4294967295,0,0
object1331,5772,1996,0030DB67,0,1,1,4294967295,0,0
object1331,5592,1996,0008F069,0,1,1,4294967295,0,0
object1331,5412,1996,00207BDB,0,1,1,4294967295,0,0
object1392,6132,2064,002348C4,0,1,1,4294967295,0,0
object1392,5952,2064,0016E307,0,1,1,4294967295,0,0
object1392,5772,2064,000EDA4C,0,1,1,4294967295,0,0
object1392,5592,2064,00213AF4,0,1,1,4294967295,0,0
object1392,5412,2064,0014A4BD,0,1,1,4294967295,0,0
object1383,6312,2448,002488AB,0,1,1,4294967295,0,0
object1384,7060,1868,003D0A88,0,1,1,4294967295,0,0
object1384,7060,1740,0039F533,0,1,1,4294967295,0,0
object1384,7060,1612,002F7739,0,1,1,4294967295,0,0
object1384,7060,1484,003317F1,0,1,1,4294967295,0,0
object1384,7060,1228,0008D458,0,1,1,4294967295,0,0
object1384,7060,1104,003924CC,0,1,1,4294967295,0,0
object1384,7060,980,00322A3F,0,1,1,4294967295,0,0
objSwirlPlat,2424,956,00362EE1,0,1,1,4294967295,0,0
objSwirlPlat,2808,956,00081613,0,1,1,4294967295,0,0
objSwirlPlat,3364,1372,00172134,0,1,1,4294967295,0,0
objSpringDiagonalTL,3760,1496,002E2D3C,0,1,1,4294967295,0,0
object1390,5988,1384,0009DD4C,0,1,1,4294967295,0,0
object1390,6852,1384,0012D6A7,0,1,1,4294967295,0,0
object1390,6896,1380,0034E420,0,1,1,4294967295,0,0
object1384,7060,1356,003C1B6B,0,1,1,4294967295,0,0
objMonitorShield,7048,1368,0025D3A6,0,1,1,4294967295,0,0
object270,280,1320,001C3A91,0,1,1,4294967295,0,0
object270,564,1320,001EB6A4,0,1,1,4294967295,0,0
object1331,7268,2252,000B89B9,0,1,1,4294967295,0,0
object1365,7448,2252,00192909,0,1,1,4294967295,0,0
object1365,7520,2276,0001A054,0,1,1,4294967295,0,0
object1365,7592,2300,002699E1,0,1,1,4294967295,0,0
object1365,7664,2324,001B7E39,0,1,1,4294967295,0,0
object1365,7736,2348,000B8FD2,0,1,1,4294967295,0,0
object1365,7808,2372,0024EF93,0,1,1,4294967295,0,0
object1365,7880,2396,002F1D43,0,1,1,4294967295,0,0
object1365,7952,2420,0031A51A,0,1,1,4294967295,0,0
object1331,8024,2444,00051F2F,0,1,1,4294967295,0,0
object1331,8204,2444,00322D69,0,1,1,4294967295,0,0
object1331,8384,2444,001A9986,0,1,1,4294967295,0,0
object1331,7212,1996,0000C547,0,1,1,4294967295,0,0
object1331,7392,1996,001727A4,0,1,1,4294967295,0,0
object1331,7572,1996,0007C273,0,1,1,4294967295,0,0
object1392,7212,2064,001BD9AF,0,1,1,4294967295,0,0
object1392,7392,2064,00377956,0,1,1,4294967295,0,0
object1392,7572,2064,000B9024,0,1,1,4294967295,0,0
object1381,7751,1996,00016157,0,1,1,4294967295,0,0
object1387,7752,2064,00366BA2,0,1,1,4294967295,0,0
object1392,7808,2032,003E05BA,0,1,1,4294967295,0,0
object1392,7988,2032,00135FB4,0,1,1,4294967295,0,0
object1392,8168,2032,003813B4,0,1,1,4294967295,0,0
object1392,8348,2032,000ED9E1,0,1,1,4294967295,0,0
object1382,7060,912,00068972,0,1,1,4294967295,0,0
object1331,7128,912,0038F64C,0,1,1,4294967295,0,0
object1331,7308,912,001BFB1B,0,1,1,4294967295,0,0
object1331,7488,912,003B21BF,0,1,1,4294967295,0,0
objDisc,3612,1156,001400E0,0,1,1,4294967295,0,0
objDisc,3760,1188,002EBCDC,0,1,1,4294967295,0,0
objDisc,3916,1136,001CAD51,0,1,1,4294967295,0,0
objDisc,2848,1660,000CCB49,0,1,1,4294967295,0,0
objDisc,2884,1616,0033A47B,0,1,1,4294967295,0,0
objDisc,2956,1596,00220778,0,1,1,4294967295,0,0
objDisc,3048,1652,001D4DC9,0,1,1,4294967295,0,0
objDisc,3144,1560,002CF146,0,1,1,4294967295,0,0
objDisc,3188,1632,003753BE,0,1,1,4294967295,0,0
objDisc,3276,1592,000652C2,0,1,1,4294967295,0,0
objDisc,2720,1664,000D5B0C,0,1,1,4294967295,0,0
objDisc,2664,1624,001E2895,0,1,1,4294967295,0,0
objDisc,2784,1616,000915E3,0,1,1,4294967295,0,0
objDisc,3368,1652,0022F8F5,0,1,1,4294967295,0,0
objDasherLeft,3452,1716,000642BB,0,1,1,4294967295,0,0
objSpringHook,4020,1664,001DD7FF,0,1,1,4294967295,0,0
objDasherLeft,3696,1716,0003B7B9,0,1,1,4294967295,0,0
objRailLong,4392,1244,003763BF,0,1,1,4294967295,0,0
objRailLong,4536,1244,0020F537,0,1,1,4294967295,0,0
objRailLong,4676,1244,001BE06A,0,1,1,4294967295,0,0
objRailLong,4820,1244,0009D2D0,0,1,1,4294967295,0,0
objRailLong,4960,1244,001FFB37,0,1,1,4294967295,0,0
objRailLong,4832,1180,00067C69,0,1,1,4294967295,0,0
objRingD,4484,1124,001C68E4,0,1,1,4294967295,0,0
objRingD,4520,1120,00295EE7,0,1,1,4294967295,0,0
objRingD,4552,1120,0030D1F4,0,1,1,4294967295,0,0
objRingD,4584,1120,0010A0A4,0,1,1,4294967295,0,0
objRingD,4616,1120,0020B3D6,0,1,1,4294967295,0,0
objRingD,4648,1120,0023D740,0,1,1,4294967295,0,0
objRingD,4680,1124,000BAFCC,0,1,1,4294967295,0,0
objRingD,4712,1132,001947EE,0,1,1,4294967295,0,0
objRingD,4740,1140,00067993,0,1,1,4294967295,0,0
objRingD,4772,1140,0008618C,0,1,1,4294967295,0,0
objRingD,4804,1140,000D0FD8,0,1,1,4294967295,0,0
objRingD,4832,1140,003043BE,0,1,1,4294967295,0,0
objRingD,4860,1140,001D9E52,0,1,1,4294967295,0,0
objRingD,5028,1164,0018FAFC,0,1,1,4294967295,0,0
objRingD,5052,1160,00315C20,0,1,1,4294967295,0,0
objRingD,5080,1164,00373456,0,1,1,4294967295,0,0
objRingD,5104,1176,00008774,0,1,1,4294967295,0,0
objRingD,5120,1192,0005B7DA,0,1,1,4294967295,0,0
objRing,2022,1048,002D9011,0,1,1,4294967295,0,0
objRing,2080,1048,00388CD2,0,1,1,4294967295,0,0
objRing,2140,1048,0012F576,0,1,1,4294967295,0,0
objRing,2200,1048,001C00B6,0,1,1,4294967295,0,0
objRing,2260,1048,00017291,0,1,1,4294967295,0,0
objRing,2320,1048,001B30F2,0,1,1,4294967295,0,0
objSideSpring2,2256,1588,00102679,0,1,1,4294967295,0,0
objSideSpring2,2296,1588,000FF2F9,0,1,1,4294967295,0,0
objSideSpring2,2336,1588,001962B6,0,1,1,4294967295,0,0
objSideSpring2,2376,1588,00274C48,0,1,1,4294967295,0,0
objSideSpring2,2416,1588,002D6950,0,1,1,4294967295,0,0
objSpd5,4452,1664,00203159,0,1,1,4294967295,0,0
objRailBooster,4740,1248,0025C3FB,0,1,1,4294967295,0,0
objZipHolder,4092,1184,001CE0D7,0,1,1,4294967295,0,0
objZipHolder2,4492,1288,001ADFD6,0,1,1,4294967295,0,0
objSpeedRing,1780,1492,001A2616,0,1,1,4294967295,0,0
objSpeedRing,1688,1572,0022EBA2,0,1,1,4294967295,0,0
objGRingUp,4016,1504,0032C67D,0,1,1,4294967295,0,0
objGRingRight,4016,1372,00060E4F,0,1,1,4294967295,0,0
objGRingRight,5120,1232,001E089A,0,1,1,4294967295,0,0
objGRingRight,5220,1232,0014AB53,0,1,1,4294967295,0,0
objGRingRight,5332,1232,001CC73F,0,1,1,4294967295,0,0
objRainbowRingR,5444,1232,00093915,0,1,1,4294967295,0,0
object1378r,672,1440,000A32A8,0,1,1,4294967295,0,0
object1378r,744,1440,000E40FB,0,1,1,4294967295,0,0
object1378r,816,1440,001044F8,0,1,1,4294967295,0,0
object1378r,888,1440,0008CD05,0,1,1,4294967295,0,0
object1378r,960,1440,000B8C72,0,1,1,4294967295,0,0
object1378r,1032,1440,002D4827,0,1,1,4294967295,0,0
object1378r,1104,1440,00063874,0,1,1,4294967295,0,0
object1378r,1176,1440,000DE374,0,1,1,4294967295,0,0
object1378r,1248,1440,001B96A1,0,1,1,4294967295,0,0
object1378r,1464,904,003E5B1B,0,1,1,4294967295,0,0
object1378r,1536,904,0010B3CE,0,1,1,4294967295,0,0
object1378r,1608,904,003BE5A1,0,1,1,4294967295,0,0
object1378r,1680,904,0008DECD,0,1,1,4294967295,0,0
object1378r,1752,904,00138A43,0,1,1,4294967295,0,0
object1378r,1824,904,00251973,0,1,1,4294967295,0,0
object1378r,1896,904,000FF4E5,0,1,1,4294967295,0,0
object1378r,1968,904,00350E6B,0,1,1,4294967295,0,0
objTubeL,2040,904,00233459,0,1,1,4294967295,0,0
object1371d,640,1368,000ED04C,0,1,1,4294967295,0,0
object1371d,1320,1368,002CBA88,0,1,1,4294967295,0,0
object1371d,1320,1296,00003274,0,1,1,4294967295,0,0
object1371d,1320,1224,00139E13,0,1,1,4294967295,0,0
object1371d,1320,1152,000E07D1,0,1,1,4294967295,0,0
object1371d,1320,1080,003A680D,0,1,1,4294967295,0,0
objTubeD,640,1352,0033483B,0,1,1,4294967295,0,0
object1374,656,1456,002FD8FE,0,1,1,4294967295,0,0
object1374,1336,1456,003363C4,0,1,1,4294967295,0,0
objPoleHang,296,1352,0001E1FD,0,1,1,4294967295,0,0
object1371d,1320,1008,003AD13B,0,1,1,4294967295,0,0
object1371d,1320,936,0006909E,0,1,1,4294967295,0,0
object1371d,1320,864,001D64EC,0,1,1,4294967295,0,0
object1371d,1320,792,002E1687,0,1,1,4294967295,0,0
object1374,1336,776,002789EB,0,1,1,4294967295,0,0
object1376l,1248,760,00104851,0,1,1,4294967295,0,0
object1376l,1176,760,000B9F05,0,1,1,4294967295,0,0
object1374,1160,776,002FB1F3,0,1,1,4294967295,0,0
object1373u,1144,792,00281EF4,0,1,1,4294967295,0,0
object1373u,1144,832,003D3581,0,1,1,4294967295,0,0
object1378r,1392,904,00071B44,0,1,1,4294967295,0,0
object1378r,1320,904,0019D140,0,1,1,4294967295,0,0
object1378r,1248,904,0009BA0D,0,1,1,4294967295,0,0
object1378r,1176,904,0026FE20,0,1,1,4294967295,0,0
object1374,1160,920,0036590C,0,1,1,4294967295,0,0
objTubeD,6212,1352,000F8DD4,0,1,1,4294967295,0,0
object1371d,6212,1392,001BEB2D,0,1,1,4294967295,0,0
object1371d,6212,1464,002C8C2F,0,1,1,4294967295,0,0
object1371d,6212,1536,003D8EC2,0,1,1,4294967295,0,0
object1371d,6212,1608,0034AB5E,0,1,1,4294967295,0,0
object1374,6228,1768,001F328E,0,1,1,4294967295,0,0
object1371d,6212,1680,000B2478,0,1,1,4294967295,0,0
object1378r,6244,1752,0020E921,0,1,1,4294967295,0,0
object1378r,6316,1752,001F4829,0,1,1,4294967295,0,0
object1378r,6388,1752,003DA0F6,0,1,1,4294967295,0,0
object1374,6476,1768,002185EE,0,1,1,4294967295,0,0
object1371d,6460,1784,0028FF81,0,1,1,4294967295,0,0
object1371d,6460,1856,001C25BE,0,1,1,4294967295,0,0
object1371d,6460,1928,00141F8C,0,1,1,4294967295,0,0
object1371d,6460,2000,000E261E,0,1,1,4294967295,0,0
object1371d,6460,2072,001CDA0D,0,1,1,4294967295,0,0
objTubeU,6460,2144,001FE9F3,0,1,1,4294967295,0,0
objSwirlPlatH,3192,956,002C4038,0,1,1,4294967295,0,0
object1371d,6212,1368,0035BBC3,0,1,1,4294967295,0,0
objWoodBox,6204,1340,00373649,0,1,1,4294967295,0,0
objWoodBox,7024,1336,001878A4,0,1,1,4294967295,0,0
objController,8,4,000B0E25,0,1,1,4294967295,0,0
