objBGDEMO,16,0,001ABDF8,0,1,1,4294967295,0,0
objElev1,18096,244,00238447,0,1,1,4294967295,0,0
obj_Lvl0Hight02,6592,336,00184C33,0,1,1,4294967295,0,0
objButtonBox,624,374,00382711,0,1,1,4294967295,0,0
objScrew,18136,176,002DA9DC,0,1,1,4294967295,0,0
objScrew,18136,168,0021FA49,0,1,1,4294967295,0,0
objScrew,18136,160,000F259A,0,1,1,4294967295,0,0
objScrew,18136,152,001522F6,0,1,1,4294967295,0,0
objScrew,18136,208,000E5A48,0,1,1,4294967295,0,0
objScrew,18136,216,0012306E,0,1,1,4294967295,0,0
objScrew,18136,224,003FB5C3,0,1,1,4294967295,0,0
objScrew,18136,232,000C8B90,0,1,1,4294967295,0,0
objScrew,18136,240,0036E345,0,1,1,4294967295,0,0
objScrew,18136,688,000D09E7,0,1,1,4294967295,0,0
objScrew,18136,696,003298B5,0,1,1,4294967295,0,0
objScrew,18136,704,003E565B,0,1,1,4294967295,0,0
objScrew,18136,712,0030B5CF,0,1,1,4294967295,0,0
objScrew,18136,720,000A93D6,0,1,1,4294967295,0,0
objScrew,18136,728,000FE51F,0,1,1,4294967295,0,0
objScrew,18136,736,002EF775,0,1,1,4294967295,0,0
objScrew,18136,744,003826AF,0,1,1,4294967295,0,0
objScrew,18136,680,0016BF19,0,1,1,4294967295,0,0
objScrew,18136,672,00211AC4,0,1,1,4294967295,0,0
objScrew,18136,664,0001268D,0,1,1,4294967295,0,0
objScrew,18136,656,00314794,0,1,1,4294967295,0,0
objScrew,18136,648,002B44D2,0,1,1,4294967295,0,0
objScrew,18136,184,000E9481,0,1,1,4294967295,0,0
objScrew,18136,192,0018EE3C,0,1,1,4294967295,0,0
objScrew,18136,200,0035D857,0,1,1,4294967295,0,0
objWhoosh,9096,184,003E55BD,0,1,1,4294967295,0,0
objWaterHR,17568,144,00260F74,0,1,1,4294967295,0,0
objGoal,16016,108,00201A76,0,1,1,4294967295,0,0
objLauncher,5008,340,000C5144,0,1,1,4294967295,0,0
objRailEnd,4984,280,0024A7D3,0,1,1,4294967295,0,0
objRailMain,5032,280,00001372,0,1,1,4294967295,0,0
objRailMain,5080,280,00362278,0,1,1,4294967295,0,0
objRailMain,5128,280,002DFA5D,0,1,1,4294967295,0,0
objRailMain,5176,280,0036EDCE,0,1,1,4294967295,0,0
objRailMain,5224,280,0035961C,0,1,1,4294967295,0,0
objRailMain,5272,280,001DE54F,0,1,1,4294967295,0,0
objRailMain,5320,280,000A3E79,0,1,1,4294967295,0,0
objRailMain,5368,280,0036EAA4,0,1,1,4294967295,0,0
objRailMain,5416,280,0018FBB1,0,1,1,4294967295,0,0
objRailDown,5464,280,00145033,0,1,1,4294967295,0,0
objRailDown,5512,296,00118556,0,1,1,4294967295,0,0
objRailDown,5560,312,00071D5C,0,1,1,4294967295,0,0
objRailDown,5608,328,0007074F,0,1,1,4294967295,0,0
objRailDown,5656,344,000340CC,0,1,1,4294967295,0,0
objRailDown,5704,360,00124365,0,1,1,4294967295,0,0
objRailDown,5752,376,0011A2CE,0,1,1,4294967295,0,0
objRailDown,5800,392,00219B3B,0,1,1,4294967295,0,0
objRailMain,5848,408,001B0763,0,1,1,4294967295,0,0
objRailMain,5896,408,00121EF7,0,1,1,4294967295,0,0
objRailMain,5944,408,000BD3C5,0,1,1,4294967295,0,0
objRailMain,5992,408,002483B0,0,1,1,4294967295,0,0
objRailDown,7528,64,00268E3B,0,1,1,4294967295,0,0
objRailDowner,7576,80,00123098,0,1,1,4294967295,0,0
objRailDowner,7600,104,001A197E,0,1,1,4294967295,0,0
objRailDowner,7624,128,000EFEF1,0,1,1,4294967295,0,0
objRailDowner,7648,152,0003D6F2,0,1,1,4294967295,0,0
objRailDowner,7672,176,0002C86C,0,1,1,4294967295,0,0
objRailDowner,7696,200,001E467E,0,1,1,4294967295,0,0
objRailDowner,7720,224,002B60CD,0,1,1,4294967295,0,0
objRailDowner,7744,248,0036A511,0,1,1,4294967295,0,0
objRailDowner,7768,272,003A1583,0,1,1,4294967295,0,0
objRailDowner,7792,296,0012AB2E,0,1,1,4294967295,0,0
objRailDowner,7816,320,000F6078,0,1,1,4294967295,0,0
objRailDown,7840,344,001990C8,0,1,1,4294967295,0,0
objRailDown,7888,360,000E097A,0,1,1,4294967295,0,0
objRailDown,7936,376,001F6CA2,0,1,1,4294967295,0,0
objRailDown,7984,392,0003E4C9,0,1,1,4294967295,0,0
objDasherLeft,2920,728,000B9BC2,0,1,1,4294967295,0,0
objDasherLeft,8320,392,000A92F2,0,1,1,4294967295,0,0
objDasherLeft,9928,728,0028D4D2,0,1,1,4294967295,0,0
objRailMain,14968,104,0009F744,0,1,1,4294967295,0,0
objRailMain,15016,104,00390D29,0,1,1,4294967295,0,0
objRailDown,15136,552,003ECBA5,0,1,1,4294967295,0,0
objRailDown,15184,568,00271375,0,1,1,4294967295,0,0
objRailDown,15232,584,000BD5D1,0,1,1,4294967295,0,0
objRailDown,15280,600,003B4D68,0,1,1,4294967295,0,0
objRailDown,15328,616,003A5878,0,1,1,4294967295,0,0
objRailDown,15376,632,00252BD4,0,1,1,4294967295,0,0
objRailDown,15424,648,0013DAF5,0,1,1,4294967295,0,0
objRailDown,15472,664,001758F6,0,1,1,4294967295,0,0
objRailDown,15520,680,001D4BB4,0,1,1,4294967295,0,0
objRailDown,15568,696,00164427,0,1,1,4294967295,0,0
objRailDown,15616,712,0033DD60,0,1,1,4294967295,0,0
objRailDown,15664,728,002F16FA,0,1,1,4294967295,0,0
objRailMain,15712,744,002AADEC,0,1,1,4294967295,0,0
objRailMain,15760,744,0000E4D7,0,1,1,4294967295,0,0
objRailMain,15808,744,00180129,0,1,1,4294967295,0,0
objRailMain,15856,744,000C77D0,0,1,1,4294967295,0,0
objRailEnd2,15904,744,00221772,0,1,1,4294967295,0,0
objLauncher,16016,728,000EA8FA,0,1,1,4294967295,0,0
objSpike,14976,184,0011FCDB,0,1,1,4294967295,0,0
objSpike,15000,184,0001CC5D,0,1,1,4294967295,0,0
objSpike,15024,184,00356552,0,1,1,4294967295,0,0
objRailMain,15656,236,001EF370,0,1,1,4294967295,0,0
objRailMain,15656,344,003404FF,0,1,1,4294967295,0,0
objRailMain,16312,336,002034E0,0,1,1,4294967295,0,0
objRailMain,16312,236,0039C590,0,1,1,4294967295,0,0
objWaterFallR,15712,340,000CFC01,0,1,1,4294967295,0,0
objWaterFallR,15712,440,00295B1D,0,1,1,4294967295,0,0
objWaterFallR,15712,540,001F2CB1,0,1,1,4294967295,0,0
objWaterFallR,15712,644,000A6830,0,1,1,4294967295,0,0
objWaterFallR,15712,744,0027A406,0,1,1,4294967295,0,0
objRailMain,15664,344,0007C255,0,1,1,4294967295,0,0
objRailMain,15672,236,001C16DD,0,1,1,4294967295,0,0
objBC,14712,696,001EB9C5,0,1,1,4294967295,0,0
objCheckpointOpen,9016,24,00282D88,0,1,1,4294967295,0,0
objCheckpointOpen,14456,80,0022A85D,0,1,1,4294967295,0,0
objTripper,9456,728,00268417,0,1,1,4294967295,0,0
objSpikeDown,16000,544,0024B78D,0,1,1,4294967295,0,0
objRingD,16264,748,000A9B94,0,1,1,4294967295,0,0
objRingD,16296,748,003B68D5,0,1,1,4294967295,0,0
objRingD,16328,744,0021E7EF,0,1,1,4294967295,0,0
objRingD,16360,736,000746FF,0,1,1,4294967295,0,0
objRingD,16392,728,0033DBC9,0,1,1,4294967295,0,0
objRingD,16416,716,003C1895,0,1,1,4294967295,0,0
objRingD,16440,696,0013D715,0,1,1,4294967295,0,0
objRingD,16456,672,000FDE5E,0,1,1,4294967295,0,0
objRingD,16472,644,0023E0F5,0,1,1,4294967295,0,0
objRingD,16488,616,00354E37,0,1,1,4294967295,0,0
objRingD,16504,592,0004DB96,0,1,1,4294967295,0,0
objRingD,16528,572,0026818D,0,1,1,4294967295,0,0
objRingD,16552,560,0007824B,0,1,1,4294967295,0,0
objRingD,16576,548,002A8388,0,1,1,4294967295,0,0
objRingD,16600,540,002BAC0F,0,1,1,4294967295,0,0
objRingD,16624,536,00051E58,0,1,1,4294967295,0,0
objRingD,16648,532,00036062,0,1,1,4294967295,0,0
objRingD,16672,532,000875C8,0,1,1,4294967295,0,0
objRingD,16696,532,00286738,0,1,1,4294967295,0,0
objRingD,16720,532,0000E000,0,1,1,4294967295,0,0
objRingD,16744,532,002A194C,0,1,1,4294967295,0,0
objRingD,16768,532,0030FC9F,0,1,1,4294967295,0,0
objRingD,16792,532,002A0227,0,1,1,4294967295,0,0
objDasherLeft,16840,556,0019E63A,0,1,1,4294967295,0,0
objSpike,17320,540,001BABD8,0,1,1,4294967295,0,0
objSpike,17352,540,0014854B,0,1,1,4294967295,0,0
objSpike,17384,540,002099EA,0,1,1,4294967295,0,0
objSpike,17416,540,001777A6,0,1,1,4294967295,0,0
objSpike,17288,540,001F109B,0,1,1,4294967295,0,0
objSpike,17256,540,002A1FBE,0,1,1,4294967295,0,0
objSpike,17288,324,00374264,0,1,1,4294967295,0,0
objSpike,17256,324,0002EDE5,0,1,1,4294967295,0,0
objSpike,17224,324,0010F831,0,1,1,4294967295,0,0
objSpike,17192,324,00191D0D,0,1,1,4294967295,0,0
objSpike,17160,324,00198D53,0,1,1,4294967295,0,0
objSpikeDown,17288,432,002363C7,0,1,1,4294967295,0,0
objSpikeDown,17256,432,001B16AE,0,1,1,4294967295,0,0
objSpikeDown,17224,432,0006FED6,0,1,1,4294967295,0,0
objSpikeDown,17288,244,001F3F90,0,1,1,4294967295,0,0
objSpikeDown,17256,244,002CCF51,0,1,1,4294967295,0,0
objSpikeDown,17224,244,002F9ECB,0,1,1,4294967295,0,0
objSpikeDown,17192,244,003F6007,0,1,1,4294967295,0,0
objSpikeDown,17160,244,000055D2,0,1,1,4294967295,0,0
objSpikeDown,17320,244,002857DC,0,1,1,4294967295,0,0
objSpikeDown,17352,244,0019F38A,0,1,1,4294967295,0,0
objSpikeDown,17384,244,0001BA53,0,1,1,4294967295,0,0
objSpikeDown,17416,244,000DE8A1,0,1,1,4294967295,0,0
objSpikeLeft,17320,356,0025A14C,0,1,1,4294967295,0,0
objSpikeLeft,17320,388,00036B45,0,1,1,4294967295,0,0
objSpikeLeft,17320,400,0015310D,0,1,1,4294967295,0,0
objSpikeRight,17424,516,0031A53F,0,1,1,4294967295,0,0
objSpikeRight,17424,484,00199A0B,0,1,1,4294967295,0,0
objSpikeRight,17424,452,0019AAB0,0,1,1,4294967295,0,0
objSpikeRight,17424,420,00033505,0,1,1,4294967295,0,0
objSpikeRight,17424,388,000E9939,0,1,1,4294967295,0,0
objSpikeRight,17424,356,001E04E8,0,1,1,4294967295,0,0
objSpikeRight,17424,328,00166DCF,0,1,1,4294967295,0,0
objSpikeRight,17424,300,003F771E,0,1,1,4294967295,0,0
objSpikeRight,17424,272,002A34A9,0,1,1,4294967295,0,0
objWaterSpl,17587,277,0013A36E,0,1,1,4294967295,0,0
objSpringDiagonalRight,16576,748,00397DB4,0,1,1,4294967295,0,0
objSpringUp,17712,556,003E210F,0,1,1,4294967295,0,0
objBC,17840,560,000FFDFF,0,1,1,4294967295,0,0
objRingD,17200,520,003BC424,0,1,1,4294967295,0,0
objRingD,17232,520,000FC281,0,1,1,4294967295,0,0
objRingD,17264,520,001BD945,0,1,1,4294967295,0,0
objRingD,17296,520,003E8ED3,0,1,1,4294967295,0,0
objRingD,17328,512,0029475A,0,1,1,4294967295,0,0
objRingD,17352,500,003C4013,0,1,1,4294967295,0,0
objRingD,17376,480,003C513C,0,1,1,4294967295,0,0
objRingD,17384,448,002C451C,0,1,1,4294967295,0,0
objRingD,17384,412,000086EF,0,1,1,4294967295,0,0
objRingD,17384,380,003A24E9,0,1,1,4294967295,0,0
objRingD,17384,340,001BBF13,0,1,1,4294967295,0,0
objRingD,17360,316,00133B30,0,1,1,4294967295,0,0
objRingD,17336,308,0004A968,0,1,1,4294967295,0,0
objRingD,17304,304,002FF224,0,1,1,4294967295,0,0
objRingD,17264,304,0022821D,0,1,1,4294967295,0,0
objRingD,17232,304,00347C2E,0,1,1,4294967295,0,0
objRingD,17192,304,000723D0,0,1,1,4294967295,0,0
objRingD,17152,304,002B4FBD,0,1,1,4294967295,0,0
objRingD,17112,304,000EC8AD,0,1,1,4294967295,0,0
objSpikeDown,16488,36,001C49A9,0,1,1,4294967295,0,0
objSpikeDown,16520,36,001DF7F6,0,1,1,4294967295,0,0
objSpikeDown,16552,36,00386591,0,1,1,4294967295,0,0
objSpikeDown,16584,36,00261FDE,0,1,1,4294967295,0,0
objRingD,16552,96,0000C9BB,0,1,1,4294967295,0,0
objRingD,16576,96,0010D39C,0,1,1,4294967295,0,0
objRingD,16600,96,001251AE,0,1,1,4294967295,0,0
objRingD,16624,96,00244DF6,0,1,1,4294967295,0,0
objRingD,16648,96,001D8692,0,1,1,4294967295,0,0
objRingD,16672,96,0002E0DE,0,1,1,4294967295,0,0
objRingD,16696,100,003DC27A,0,1,1,4294967295,0,0
objRingD,16720,112,0037465F,0,1,1,4294967295,0,0
objRingD,16744,124,0004F2D8,0,1,1,4294967295,0,0
objDasherLeft,16736,152,0029D7D6,0,1,1,4294967295,0,0
objDisc,18056,284,0027CD1D,0,1,1,4294967295,0,0
objDisc,18880,668,001EDA7F,0,1,1,4294967295,0,0
objDisc,19000,576,00318001,0,1,1,4294967295,0,0
objDisc,19112,480,00360829,0,1,1,4294967295,0,0
objDisc,19232,380,003FC44C,0,1,1,4294967295,0,0
objDisc,19088,236,001F4337,0,1,1,4294967295,0,0
objDisc,18912,168,0026EF74,0,1,1,4294967295,0,0
objDisc,18768,76,002041A6,0,1,1,4294967295,0,0
objDisc,18600,44,0002186D,0,1,1,4294967295,0,0
objMonitorRings,6376,392,003D91C8,0,1,1,4294967295,0,0
objMonitorRings,6440,392,001299CB,0,1,1,4294967295,0,0
objMonitorRings,6504,392,001E1A32,0,1,1,4294967295,0,0
objDisc,15376,344,000C47D4,0,1,1,4294967295,0,0
objTrickJump,9392,712,001399AC,0,1,1,4294967295,0,0
obj_Lv0Block01,6864,304,001B3144,0,1,1,4294967295,0,0
obj_Lv0Block01,6864,272,000FEDF7,0,1,1,4294967295,0,0
obj_Lv0Block01,6864,240,000FC423,0,1,1,4294967295,0,0
obj_Lv0Block01,6584,272,001748A1,0,1,1,4294967295,0,0
obj_Lv0Block01,6584,304,002A1BD3,0,1,1,4294967295,0,0
obj_Lv0Block01,6584,240,000D6F25,0,1,1,4294967295,0,0
object67,6792,220,001B206B,0,1,1,4294967295,0,0
obj_Lv0Block01,6584,220,003BDA76,0,1,1,4294967295,0,0
obj_Lv0Block01,6864,220,000536D7,0,1,1,4294967295,0,0
object66,6616,220,0001793B,0,1,1,4294967295,0,0
objLayerToLow,6576,360,0032ED23,0,1,1,4294967295,0,0
objLayerToHigh,6888,360,002CA59B,0,1,1,4294967295,0,0
objLayerSwitch,6728,220,002077EB,0,1,1,4294967295,0,0
objBolt,18120,192,001A2100,0,1,1,4294967295,0,0
objBoltStopper,18120,752,000B4898,0,1,1,4294967295,0,0
objBoltStopper,18120,120,002B6E12,0,1,1,4294967295,0,0
objExtended,18480,40,001B0462,0,1,1,4294967295,0,0
objMonitorShield2,15496,248,001DD8F9,0,1,1,4294967295,0,0
objPlayerPosition,216,400,00026557,0,1,1,4294967295,0,0
objBoxSwitch,384,420,002A9022,0,1,1,4294967295,0,0
objSpringUp,648,408,0034A8C8,0,1,1,4294967295,0,0
objDiscForce,488,304,000B56B6,0,1,1,4294967295,0,0
objDiscForce,616,224,00074F87,0,1,1,4294967295,0,0
objDiscForce,800,172,00114775,0,1,1,4294967295,0,0
objDiscForce,968,92,000C595C,0,1,1,4294967295,0,0
objDiscForce,1152,172,003534AB,0,1,1,4294967295,0,0
objDiscForce,1376,72,00302370,0,1,1,4294967295,0,0
objDiscForce,1608,152,0023EE61,0,1,1,4294967295,0,0
object254,352,424,0014C88D,0,1,1,4294967295,0,0
object254,480,424,001B7CC6,0,1,1,4294967295,0,0
object254,608,424,000B69B6,0,1,1,4294967295,0,0
object254,224,424,00199379,0,1,1,4294967295,0,0
object254,96,424,002FE065,0,1,1,4294967295,0,0
object254,-32,424,001AAC1F,0,1,1,4294967295,0,0
object254,736,424,000F5FF6,0,1,1,4294967295,0,0
object254,864,424,003DA79A,0,1,1,4294967295,0,0
object254,992,424,003D78AF,0,1,1,4294967295,0,0
object254,1120,424,000C9E70,0,1,1,4294967295,0,0
objRing,3224,696,001080F6,0,1,1,4294967295,0,0
objRing,3288,696,0003A294,0,1,1,4294967295,0,0
objRing,3352,696,003196C5,0,1,1,4294967295,0,0
objRing,3416,696,00143431,0,1,1,4294967295,0,0
objRing,3480,696,00042CBB,0,1,1,4294967295,0,0
objRing,3224,664,000E5152,0,1,1,4294967295,0,0
objRing,3288,664,0019AA6A,0,1,1,4294967295,0,0
objRing,3352,664,0012CB1B,0,1,1,4294967295,0,0
objRing,3416,664,001B2514,0,1,1,4294967295,0,0
objRing,3480,664,002D7330,0,1,1,4294967295,0,0
objWaterBottom,14552,708,0007BD94,0,1,1,4294967295,0,0
objWaterBottom,15656,344,001D2386,0,1,1,4294967295,0,0
objWaterBottom,16008,344,0012B9A2,0,1,1,4294967295,0,0
objWaterBottom,17576,572,0034544D,0,1,1,4294967295,0,0
objWaterBottom,17928,572,002AE6AC,0,1,1,4294967295,0,0
objRailBooster,5240,280,00109C55,0,1,1,4294967295,0,0
obj_Lvl0Low01,6792,336,002E5D2A,0,1,1,4294967295,0,0
objGRingRight,4688,256,001061BF,0,1,1,4294967295,0,0
objGRingRight,5848,248,002AF855,0,1,1,4294967295,0,0
objGRingUp,6008,248,003DF46A,0,1,1,4294967295,0,0
objGRingUp,4768,184,00146FD9,0,1,1,4294967295,0,0
objGRingLeft,4768,112,001BD0B9,0,1,1,4294967295,0,0
objGRingDown,4688,112,00311F7F,0,1,1,4294967295,0,0
objGRingDown,4688,184,002938AA,0,1,1,4294967295,0,0
objGRingRight,9664,712,00225989,0,1,1,4294967295,0,0
objGRingUp,16016,496,0035B6F2,0,1,1,4294967295,0,0
objGRingUp,16016,436,00107A34,0,1,1,4294967295,0,0
objGRingUp,16248,192,00374606,0,1,1,4294967295,0,0
objGRingUp,15776,192,00113568,0,1,1,4294967295,0,0
objGRingUp,16592,684,003D7F4E,0,1,1,4294967295,0,0
objGRingUp,16648,684,00199A76,0,1,1,4294967295,0,0
objGRingUp,16704,684,00250670,0,1,1,4294967295,0,0
objGRingUp,16760,684,001FDD5F,0,1,1,4294967295,0,0
objGRingLeft,16408,588,001AAD8B,0,1,1,4294967295,0,0
objGRingLeft,16312,588,002C2365,0,1,1,4294967295,0,0
objGRingLeft,16200,588,0001CB0F,0,1,1,4294967295,0,0
objGRingLeft,16120,496,003C49AF,0,1,1,4294967295,0,0
objGRingUp,16120,592,000CC254,0,1,1,4294967295,0,0
objRainbowRingR,6008,104,00310892,0,1,1,4294967295,0,0
objRainbowRingR,6200,100,002BDB6C,0,1,1,4294967295,0,0
objRainbowRingR,6384,100,003EB1EA,0,1,1,4294967295,0,0
objElev3,18112,244,000CE5B3,0,1,1,4294967295,0,0
objElev3,18112,304,00326FA7,0,1,1,4294967295,0,0
objElev3,18112,368,00220725,0,1,1,4294967295,0,0
objElev3,18112,432,00142B77,0,1,1,4294967295,0,0
objElev3,18112,496,001E6BDA,0,1,1,4294967295,0,0
objElev3,18112,560,00183C25,0,1,1,4294967295,0,0
objElev4,18096,308,001194BC,0,1,1,4294967295,0,0
objElev4,18096,340,0007FA54,0,1,1,4294967295,0,0
objElev4,18096,372,0037B65A,0,1,1,4294967295,0,0
objElev4,18096,404,00217DD9,0,1,1,4294967295,0,0
objElev4,18096,436,000DE521,0,1,1,4294967295,0,0
objElev4,18096,468,0029743B,0,1,1,4294967295,0,0
objElev4,18096,500,003EFB8A,0,1,1,4294967295,0,0
objElev4,18096,532,003FB018,0,1,1,4294967295,0,0
objElev4,18096,564,0038734D,0,1,1,4294967295,0,0
objElev4,18096,596,001EED5A,0,1,1,4294967295,0,0
objElev4,18096,616,00260077,0,1,1,4294967295,0,0
objElev5,18192,244,000CB598,0,1,1,4294967295,0,0
objElev5,18192,276,002A4F67,0,1,1,4294967295,0,0
objElev5,18192,308,000560C1,0,1,1,4294967295,0,0
objElev5,18192,340,003FE38F,0,1,1,4294967295,0,0
objElev5,18192,372,00236FBA,0,1,1,4294967295,0,0
objElev5,18192,404,0004C1CF,0,1,1,4294967295,0,0
objElev5,18192,436,00093C4D,0,1,1,4294967295,0,0
objElev5,18192,468,003A3269,0,1,1,4294967295,0,0
objElev5,18192,500,002CB904,0,1,1,4294967295,0,0
objElev5,18192,532,0018AB4D,0,1,1,4294967295,0,0
objElev5,18192,564,0038FD05,0,1,1,4294967295,0,0
objElev5,18192,592,003830B6,0,1,1,4294967295,0,0
objElev5,18192,616,000EEEA7,0,1,1,4294967295,0,0
objWaterLine,14552,480,0028C46A,0,1,1,4294967295,0,0
objWaterLine,15656,156,00201D64,0,1,1,4294967295,0,0
objWaterLine,16008,156,0016E19B,0,1,1,4294967295,0,0
objWaterLine,17576,304,003283F7,0,1,1,4294967295,0,0
objWaterLine,17928,304,001BC72C,0,1,1,4294967295,0,0
objElev3,18112,584,000B6E14,0,1,1,4294967295,0,0
objController,0,0,00197F1E,0,1,1,4294967295,0,0
