objBGNEO,5,400,000D5323,0,1,1,4294967295,0,0
objWaterfallSm2,11076,496,002368BB,0,1,1,4294967295,0,0
objWaterfallSm2,11204,496,0029EE4B,0,1,1,4294967295,0,0
objWaterfallSm2,11204,368,002193E2,0,1,1,4294967295,0,0
objWaterfallSm2,11076,368,000A3D94,0,1,1,4294967295,0,0
objWaterfallSm2,11332,496,001932E7,0,1,1,4294967295,0,0
objWaterfallSm2,11332,368,000794A5,0,1,1,4294967295,0,0
objWaterfallSm2,11808,880,001B2047,0,1,1,4294967295,0,0
objWaterfallSm2,11552,496,00386882,0,1,1,4294967295,0,0
objWaterfallSm2,11552,368,00398799,0,1,1,4294967295,0,0
objWaterfallSm2,11808,752,00100A61,0,1,1,4294967295,0,0
objWaterfallSm2,11680,496,001D0D7A,0,1,1,4294967295,0,0
objWaterfallSm2,11680,368,00150C10,0,1,1,4294967295,0,0
objWaterfallSm2,11808,624,00366DC2,0,1,1,4294967295,0,0
objWaterfallSm2,11808,496,00221BFC,0,1,1,4294967295,0,0
objWaterfallSm2,11808,368,0021989D,0,1,1,4294967295,0,0
objWaterfallSm2,10660,880,0011B4AA,0,1,1,4294967295,0,0
objWaterfallSm2,10660,752,003A0554,0,1,1,4294967295,0,0
objWaterfallSm2,10660,624,00069CC1,0,1,1,4294967295,0,0
objWaterfallSm2,10660,496,001AD244,0,1,1,4294967295,0,0
objWaterfallSm2,10660,368,003101D8,0,1,1,4294967295,0,0
objElev1,19912,48,00292B12,0,1,1,4294967295,0,0
objElev2,20008,1116,001E7BEC,0,1,1,4294967295,0,0
objWaterfallSmB2,11076,624,002171AF,0,1,1,4294967295,0,0
objWaterfallSm2,11332,624,002BEACE,0,1,1,4294967295,0,0
objWaterfallSm2,11332,752,0009714A,0,1,1,4294967295,0,0
objWaterfallSm2,11332,880,00391BB9,0,1,1,4294967295,0,0
objWaterfallSmB2,11552,624,0036BE89,0,1,1,4294967295,0,0
objLightBox,58625,750,00398837,0,1,1,4294967295,0,0
objLightBox,58880,750,000FC72C,0,1,1,4294967295,0,0
objLightBox,59140,750,0039FD24,0,1,1,4294967295,0,0
objLightBox,72245,625,00090D8E,0,1,1,4294967295,0,0
objCircleSaw,17164,604,0021C696,0,1,1,4294967295,0,0
objCircleSaw,64500,311,002EA0D2,0,1,1,4294967295,0,0
objCircleSaw,64178,387,003E2CA5,0,1,1,4294967295,0,0
objCircleSaw,64665,506,003B7D07,0,1,1,4294967295,0,0
objCircleSaw,65071,612,0019E72A,0,1,1,4294967295,0,0
objLightBox,44785,605,000BA2C0,0,1,1,4294967295,0,0
objCSPlatR2,17156,580,00042B94,0,1,1,4294967295,0,0
objCSPlatR2,17156,556,003A683A,0,1,1,4294967295,0,0
objCSPlatR2,17156,616,003237CC,0,1,1,4294967295,0,0
object951,17156,540,00149DC3,0,1,1,4294967295,0,0
object956,17156,716,002C385A,0,1,1,4294967295,0,0
objCSPlatL,64340,312,0003D371,0,1,1,4294967295,0,0
objCSPlat,64355,312,003215CE,0,1,1,4294967295,0,0
objCSPlat,64450,312,0036F785,0,1,1,4294967295,0,0
objCSPlat,64550,312,002E3B33,0,1,1,4294967295,0,0
objCSPlatR,64650,312,000C4CB6,0,1,1,4294967295,0,0
objCSPlatR2,64170,280,000D6C01,0,1,1,4294967295,0,0
objCSPlatR2,64170,380,0014CCC8,0,1,1,4294967295,0,0
object951,64170,264,00002035,0,1,1,4294967295,0,0
object956,64170,480,00001746,0,1,1,4294967295,0,0
objCSPlatLE2,64472,506,002DCF40,0,1,1,4294967295,0,0
objCSPlatLE,64472,472,001E21FE,0,1,1,4294967295,0,0
objCSPlat,64490,472,0029C084,0,1,1,4294967295,0,0
objCSPlat,64590,472,0033E5C5,0,1,1,4294967295,0,0
objCSPlat,64690,472,001897AC,0,1,1,4294967295,0,0
objCSPlat,64760,472,00012C89,0,1,1,4294967295,0,0
objCSPlatB,64489,498,0019284D,0,1,1,4294967295,0,0
objCSPlatB,64589,498,001DD52C,0,1,1,4294967295,0,0
objCSPlatB,64687,498,00121F39,0,1,1,4294967295,0,0
objCSPlatB,64761,498,003F2D34,0,1,1,4294967295,0,0
objCSPlatRE,64867,472,0020422E,0,1,1,4294967295,0,0
objCSPlatRE2,64867,506,000C9589,0,1,1,4294967295,0,0
objCSPlatL2,65072,587,0022E4EE,0,1,1,4294967295,0,0
objCSPlatL2,65072,489,00356638,0,1,1,4294967295,0,0
objCSPlatL2,65072,612,0007023A,0,1,1,4294967295,0,0
object952,65072,470,00150706,0,1,1,4294967295,0,0
object954,65072,711,00097751,0,1,1,4294967295,0,0
objScrewLong,63675,212,003BCC6F,0,1,1,4294967295,0,0
objScrewLong,63675,428,00098F34,0,1,1,4294967295,0,0
objScrewLong,63675,556,0010926B,0,1,1,4294967295,0,0
objSpikeAn,16952,1148,002915B1,0,1,1,4294967295,0,0
objSpikeAn,16984,1148,002F02D6,0,1,1,4294967295,0,0
objSpikeAn,17016,1148,0019BA1A,0,1,1,4294967295,0,0
objSpikeAn,17048,1148,001C1351,0,1,1,4294967295,0,0
objSpikeAn,17080,1148,00261D68,0,1,1,4294967295,0,0
objSpikeAn,17112,1148,00039AEF,0,1,1,4294967295,0,0
objSpikeAn,17144,1148,0006D65C,0,1,1,4294967295,0,0
objSpikeAn,17208,1148,0039BCFF,0,1,1,4294967295,0,0
objSpikeAn,17176,1148,00097259,0,1,1,4294967295,0,0
object382,62032,960,000182C5,0,1,1,4294967295,0,0
object382,62032,1028,00302F5F,0,1,1,4294967295,0,0
object382,62032,832,000F8CAD,0,1,1,4294967295,0,0
object382,62032,704,003F6152,0,1,1,4294967295,0,0
object382,62032,576,000F5E32,0,1,1,4294967295,0,0
object382,62032,448,0000EBD2,0,1,1,4294967295,0,0
object382,62032,320,003B6DE5,0,1,1,4294967295,0,0
object382,62032,192,00147748,0,1,1,4294967295,0,0
object382,62032,64,000788AF,0,1,1,4294967295,0,0
object382,62032,-64,0025B381,0,1,1,4294967295,0,0
object381,62016,1156,000C9BBD,0,1,1,4294967295,0,0
objTargetBlocker,13535,497,000FB7F7,0,1,1,4294967295,0,0
objWhoosh,26690,760,000A641B,0,1,1,4294967295,0,0
objElevator,62041,983,002FCBBE,0,1,1,4294967295,0,0
objWaterHR,29052,-56,003F6846,0,1,1,4294967295,0,0
objGoal,78960,690,0038579C,0,1,1,4294967295,0,0
objRampJump,3630,1114,00000EE8,0,1,1,4294967295,0,0
objPlayerPosition,120,814,002E2E9B,0,1,1,4294967295,0,0
objSpringDiagonalLeft,7035,1090,002AA1AB,0,1,1,4294967295,0,0
objDasherLeft,5312,1130,00349467,0,1,1,4294967295,0,0
objLayerSwitch,8510,568,000E7AC9,0,1,1,4294967295,0,0
objLayerToLow,8360,760,0004AD9B,0,1,1,4294967295,0,0
objLayerToLow,8360,712,0035ABE4,0,1,1,4294967295,0,0
objLayerToLow,8360,682,003786A9,0,1,1,4294967295,0,0
objLayerToHigh,8660,760,0014BBBB,0,1,1,4294967295,0,0
objLayerToHigh,8660,712,00242E23,0,1,1,4294967295,0,0
objLayerToHigh,8660,688,0027C924,0,1,1,4294967295,0,0
objNegaBuzzer,8005,1030,0001DB2A,0,1,1,4294967295,0,0
objSpringHook2,7040,594,0010AC5C,0,1,1,4294967295,0,0
objSmRamp,9150,784,000F0119,0,1,1,4294967295,0,0
objSmRamp,10305,960,00030904,0,1,1,4294967295,0,0
objPoleTwirl,11175,944,00110C52,0,1,1,4294967295,0,0
objSpringHook,13136,1164,0020729E,0,1,1,4294967295,0,0
objLauncher,13130,792,002E7D95,0,1,1,4294967295,0,0
objPoleTwirl,11400,944,002234DC,0,1,1,4294967295,0,0
objPoleTwirl,11610,944,001EAC1A,0,1,1,4294967295,0,0
objPoleTwirl,11835,944,0022E82B,0,1,1,4294967295,0,0
objPoleGrab,12110,784,0001184E,0,1,1,4294967295,0,0
objLauncher,13530,792,00243653,0,1,1,4294967295,0,0
objDasherLeft,13505,1165,002C962E,0,1,1,4294967295,0,0
objNegaStandard,13870,616,000B1A87,0,1,1,4294967295,0,0
objNegaStandard,14090,616,00083954,0,1,1,4294967295,0,0
objSpringLeft,6010,584,0003BA33,0,1,1,4294967295,0,0
objSpringHook,6010,804,002096FB,0,1,1,4294967295,0,0
objZipLift,12960,480,0008EB5B,0,1,1,4294967295,0,0
objObjectStopper,12940,656,001C9E2E,0,1,1,4294967295,0,0
objHandleR,12960,492,00025428,0,1,1,4294967295,0,0
objTrickJump,14870,964,0008DF0C,0,1,1,4294967295,0,0
objCheckpointOpen,16715,965,00397AB4,0,1,1,4294967295,0,0
objCheckpointOpen,16715,1155,002EFFB0,0,1,1,4294967295,0,0
objNegaStandard,13860,1160,0022F4D6,0,1,1,4294967295,0,0
objNegaStandard,14175,1160,002F4F8C,0,1,1,4294967295,0,0
objNegaStandard,14445,1160,0022A641,0,1,1,4294967295,0,0
objNegaStandard,14790,1160,000020C4,0,1,1,4294967295,0,0
objNegaCopterC,17225,725,003FDD4F,0,1,1,4294967295,0,0
objSpikeDown,17155,495,0031BED8,0,1,1,4294967295,0,0
objSpikeDown,17185,495,000EF04C,0,1,1,4294967295,0,0
objSpikeDown,17215,495,0031EDFE,0,1,1,4294967295,0,0
objSpikeDown,17245,495,00165727,0,1,1,4294967295,0,0
objSpikeDown,17275,495,00299933,0,1,1,4294967295,0,0
objSpikeDown,17305,495,00283306,0,1,1,4294967295,0,0
objSpikeDown,17420,495,001B90A0,0,1,1,4294967295,0,0
objSpikeDown,17450,495,00343858,0,1,1,4294967295,0,0
objSpikeDown,17480,495,0035C407,0,1,1,4294967295,0,0
objSpikeDown,17510,495,00072613,0,1,1,4294967295,0,0
objSpikeDown,17540,495,0028223C,0,1,1,4294967295,0,0
objSpikeDown,17570,495,003E41B9,0,1,1,4294967295,0,0
objSpikeDown,17600,495,000F9D97,0,1,1,4294967295,0,0
objSpikeDown,17630,495,003C67DE,0,1,1,4294967295,0,0
objSpikeDown,17660,495,000544A3,0,1,1,4294967295,0,0
objSpecialRing,11505,523,00208D86,0,1,1,4294967295,0,0
objDoorSwitch,19369,345,0023BD13,0,1,1,4294967295,0,0
objDisc,18910,185,001FAF2C,0,1,1,4294967295,0,0
objDisc,19025,135,0008DFE4,0,1,1,4294967295,0,0
objDisc,19145,80,003FB124,0,1,1,4294967295,0,0
objSpringUp,19665,454,00310000,0,1,1,4294967295,0,0
objMonitorShield,19134,453,0011421F,0,1,1,4294967295,0,0
objSpringHook,18700,412,0036CA15,0,1,1,4294967295,0,0
objDisc,18800,240,0014EB58,0,1,1,4294967295,0,0
objSpringUp,19190,454,000A08FD,0,1,1,4294967295,0,0
objInvWall,-30,860,0017AE18,0,1,1,4294967295,0,0
objInvWall,-30,735,0028FBCB,0,1,1,4294967295,0,0
objInvWall,-30,610,0035F2F3,0,1,1,4294967295,0,0
objInvWall,-30,485,001D8EC8,0,1,1,4294967295,0,0
objInvWall,-30,360,0022A54C,0,1,1,4294967295,0,0
objRingD,19425,70,0029A9B7,0,1,1,4294967295,0,0
objRingD,19475,70,000AC419,0,1,1,4294967295,0,0
objRingD,19525,70,003AC34C,0,1,1,4294967295,0,0
objRingD,19575,70,0003D9CA,0,1,1,4294967295,0,0
objRingD,19625,70,001A7A7F,0,1,1,4294967295,0,0
objPushBlockReg,19254,58,00165753,0,1,1,4294967295,0,0
objSpringNonHome,18995,640,001CC61F,0,1,1,4294967295,0,0
objRailLong,22810,990,0001D43D,0,1,1,4294967295,0,0
objRailLong,22950,990,001C40CE,0,1,1,4294967295,0,0
objRailLong,23090,990,0033A5A3,0,1,1,4294967295,0,0
objRailLong,23230,990,00124679,0,1,1,4294967295,0,0
objSpring3Set,6212,1126,0035C20E,0,1,1,4294967295,0,0
objMonitorShieldLeaf,13535,495,003323E4,0,1,1,4294967295,0,0
objRailEnd,22807,990,0008F410,0,1,1,4294967295,0,0
objRailLong,23370,990,00268A73,0,1,1,4294967295,0,0
objRailLong,23650,990,0038EC52,0,1,1,4294967295,0,0
objRailLong,23510,990,0037ADEE,0,1,1,4294967295,0,0
objRailLong,23790,990,003AC4FE,0,1,1,4294967295,0,0
objRailLong,23830,915,000556B4,0,1,1,4294967295,0,0
objRailLong,23970,915,00360BA2,0,1,1,4294967295,0,0
objRailLong,24110,915,0033E2D7,0,1,1,4294967295,0,0
objRailLong,24250,915,0034CAC2,0,1,1,4294967295,0,0
objRailLong,24390,915,00214DBB,0,1,1,4294967295,0,0
objRailLong,24495,855,003DFC0C,0,1,1,4294967295,0,0
objRailLong,24635,855,001A2DC8,0,1,1,4294967295,0,0
objRailLong,24775,855,003C7255,0,1,1,4294967295,0,0
objRailLong,24915,855,002F6590,0,1,1,4294967295,0,0
objRailLong,25055,855,001547D6,0,1,1,4294967295,0,0
objRailLong,25195,855,00168AAD,0,1,1,4294967295,0,0
objSpringDiagonalLeft,25345,848,003F99DA,0,1,1,4294967295,0,0
objTripper,27195,1140,00243944,0,1,1,4294967295,0,0
objLayerSwitch,28245,515,003E635E,0,1,1,4294967295,0,0
objLayerToLow,28265,865,00074E6A,0,1,1,4294967295,0,0
objLayerToLow,28355,865,002FD160,0,1,1,4294967295,0,0
objLayerToLow,28340,865,00264096,0,1,1,4294967295,0,0
objLayerToLow,28310,865,000EECD3,0,1,1,4294967295,0,0
objLayerToLow,28325,865,003EEDF2,0,1,1,4294967295,0,0
objLayerToLow,28295,865,000306A8,0,1,1,4294967295,0,0
objLayerToLow,28280,865,003CCC94,0,1,1,4294967295,0,0
objLayerToHigh,28390,710,003B35D2,0,1,1,4294967295,0,0
objLayerToHigh,28390,665,003A0D57,0,1,1,4294967295,0,0
objLayerToHigh,28390,620,00055B65,0,1,1,4294967295,0,0
objDasherLeft,26400,500,00132AC2,0,1,1,4294967295,0,0
objDasherUp,28360,915,00001C8F,0,1,1,4294967295,0,0
objDasherLeft,27570,1140,000E27AA,0,1,1,4294967295,0,0
objButtonJump,30520,908,0035B9FB,0,1,1,4294967295,0,0
objWaterSpl,29072,76,003880CA,0,1,1,4294967295,0,0
objRingD,33812,888,003AD1DB,0,1,1,4294967295,0,0
objRingD,33884,888,001AD63A,0,1,1,4294967295,0,0
objRingD,33848,888,0039E331,0,1,1,4294967295,0,0
objRingD,33920,888,000E04AD,0,1,1,4294967295,0,0
objRingD,33956,888,0033E899,0,1,1,4294967295,0,0
objRingD,33992,888,001DF885,0,1,1,4294967295,0,0
objRingD,34028,888,00051304,0,1,1,4294967295,0,0
objNegaShark,34250,1100,00334787,0,1,1,4294967295,0,0
objNegaShark,35120,1095,000DFF28,0,1,1,4294967295,0,0
objNegaShark,36080,1100,001C76D3,0,1,1,4294967295,0,0
objEnemyBlock,34245,1145,001B066C,0,1,1,4294967295,0,0
objEnemyBlock,35115,1140,003D5042,0,1,1,4294967295,0,0
objEnemyBlock,36075,1140,00012722,0,1,1,4294967295,0,0
objSpringLeft,36954,327,001B4207,0,1,1,4294967295,0,0
objPendulum,37525,220,0028F5F0,0,1,1,4294967295,0,0
objCheckpointOpen,29000,90,0028EF97,0,1,1,4294967295,0,0
objRailLong,37945,300,002A421F,0,1,1,4294967295,0,0
objRailLong,38085,300,00394F97,0,1,1,4294967295,0,0
objRailLong,38225,300,00040C79,0,1,1,4294967295,0,0
objRailLong,38365,300,003961D9,0,1,1,4294967295,0,0
object586,38508,300,00004A04,0,1,1,4294967295,0,0
object586,38652,348,00084DF8,0,1,1,4294967295,0,0
objRailLong,38796,396,00251C3F,0,1,1,4294967295,0,0
objRailLong,38940,396,000B1D6E,0,1,1,4294967295,0,0
objRailLong,39084,396,001578E5,0,1,1,4294967295,0,0
objRailLong,39228,396,00165AB8,0,1,1,4294967295,0,0
objRailEnd2,39372,396,000ACC4C,0,1,1,4294967295,0,0
objSmRamp,39364,372,00358BA8,0,1,1,4294967295,0,0
objLayerToHigh,42115,535,00108989,0,1,1,4294967295,0,0
objLayerToHigh,42055,535,00218FF9,0,1,1,4294967295,0,0
objLayerToHigh,42070,535,00036207,0,1,1,4294967295,0,0
objLayerToHigh,42085,535,001B8FD6,0,1,1,4294967295,0,0
objLayerToHigh,42100,535,002932B3,0,1,1,4294967295,0,0
objLayerSwitch,42165,60,000B32A3,0,1,1,4294967295,0,0
objLayerToLow,42015,325,002232E9,0,1,1,4294967295,0,0
objLayerToLow,42015,235,002B1021,0,1,1,4294967295,0,0
objLayerToLow,42015,190,00343A21,0,1,1,4294967295,0,0
objLayerToLow,42015,280,0025B86C,0,1,1,4294967295,0,0
objLayerToLow,42015,370,00400FFB,0,1,1,4294967295,0,0
objLayerToHigh,42175,535,000902A7,0,1,1,4294967295,0,0
objLayerToHigh,42160,535,002679A8,0,1,1,4294967295,0,0
objLayerToHigh,42130,535,000BBB8E,0,1,1,4294967295,0,0
objLayerToHigh,42145,535,0030BC72,0,1,1,4294967295,0,0
objLayerToLowEGG,41945,370,00093798,0,1,1,4294967295,0,0
objLayerToLowEGG,41945,320,003FD218,0,1,1,4294967295,0,0
objLayerToLowEGG,41945,270,00035615,0,1,1,4294967295,0,0
objLayerToLowEGG,41945,220,002869DF,0,1,1,4294967295,0,0
objLayerToHighEGG,42055,620,00125374,0,1,1,4294967295,0,0
objLayerToHighEGG,42075,620,00203836,0,1,1,4294967295,0,0
objLayerToHighEGG,42095,620,0037A385,0,1,1,4294967295,0,0
objLayerToHighEGG,42115,620,001ADFCB,0,1,1,4294967295,0,0
objLayerToHighEGG,42155,620,0029B20C,0,1,1,4294967295,0,0
objLayerToHighEGG,42175,620,001D9506,0,1,1,4294967295,0,0
objLayerToHighEGG,42135,620,002A10B3,0,1,1,4294967295,0,0
objRampJump,46615,625,0031AA87,0,1,1,4294967295,0,0
object586,48128,560,002B6D3D,0,1,1,4294967295,0,0
object586,48272,608,00384E7C,0,1,1,4294967295,0,0
object586,48416,656,000C5CA8,0,1,1,4294967295,0,0
object586,48560,704,0001B472,0,1,1,4294967295,0,0
object586,48704,752,0007079A,0,1,1,4294967295,0,0
objNegaWheelRamp,46755,520,002555B7,0,1,1,4294967295,0,0
objDasherLeft,44060,690,003E1616,0,1,1,4294967295,0,0
objDasherLeft,45640,1000,003F776D,0,1,1,4294967295,0,0
objRailLong,48848,800,00275750,0,1,1,4294967295,0,0
objRailLong,48992,800,0030765F,0,1,1,4294967295,0,0
objRailLong,49136,800,003E0C97,0,1,1,4294967295,0,0
objRailLong,49280,800,00354343,0,1,1,4294967295,0,0
objRailLong,49424,800,003AB163,0,1,1,4294967295,0,0
objRailLong,47985,560,0006A047,0,1,1,4294967295,0,0
objRailEnd,47950,560,003234BF,0,1,1,4294967295,0,0
objNegaStandard,44375,996,0020CBFE,0,1,1,4294967295,0,0
objNegaStandard,44655,996,00269065,0,1,1,4294967295,0,0
objNegaStandard,44905,996,00105CC7,0,1,1,4294967295,0,0
objNegaStandard,45170,996,002F99D5,0,1,1,4294967295,0,0
objRingD,43775,815,0019AAFC,0,1,1,4294967295,0,0
objRingD,43850,770,003A7436,0,1,1,4294967295,0,0
objRingD,43875,755,00097FE9,0,1,1,4294967295,0,0
objRingD,43900,740,000470B0,0,1,1,4294967295,0,0
objRingD,44000,680,0000D77C,0,1,1,4294967295,0,0
objRingD,43950,710,00084F62,0,1,1,4294967295,0,0
objRingD,43975,695,001EFA30,0,1,1,4294967295,0,0
objRingD,43925,725,0013EBE0,0,1,1,4294967295,0,0
objRingD,43800,800,000393A0,0,1,1,4294967295,0,0
objRingD,43825,785,001E3AB8,0,1,1,4294967295,0,0
objRailEnd,37925,300,0020D5D2,0,1,1,4294967295,0,0
objMonitorShieldBounce,37159,1103,001F4FEE,0,1,1,4294967295,0,0
objRingD,37680,470,000AF659,0,1,1,4294967295,0,0
objRingD,37710,470,00212F1A,0,1,1,4294967295,0,0
objRingD,37740,470,002F2A9D,0,1,1,4294967295,0,0
objRingD,37770,470,002FF757,0,1,1,4294967295,0,0
objRingD,37800,470,0005381C,0,1,1,4294967295,0,0
objRingD,37830,470,00276ED3,0,1,1,4294967295,0,0
objRingD,37860,470,0011E559,0,1,1,4294967295,0,0
objRingD,37890,470,001D5985,0,1,1,4294967295,0,0
objRingD,37920,470,00029E29,0,1,1,4294967295,0,0
objRingD,37950,470,0033E8AF,0,1,1,4294967295,0,0
objBalloon,38775,755,00017AA1,0,1,1,4294967295,0,0
objHandleR,38145,920,0000AAC5,0,1,1,4294967295,0,0
objObjectStopper,38125,1115,0031109F,0,1,1,4294967295,0,0
objZipLift,38145,905,000C0FF9,0,1,1,4294967295,0,0
objDasherLeft,39135,915,003085D6,0,1,1,4294967295,0,0
objSpringLeft,39339,1112,003389C6,0,1,1,4294967295,0,0
objCheckpointOpen,39520,1105,0010A28E,0,1,1,4294967295,0,0
objSmRamp,38520,885,00300840,0,1,1,4294967295,0,0
objButtonJump,39635,1100,003A9A3E,0,1,1,4294967295,0,0
objDasherLeft,37930,520,0007D0A2,0,1,1,4294967295,0,0
objSpringDiagonalLeft,60205,785,000F9879,0,1,1,4294967295,0,0
objDasherLeft,61350,485,0007C3A7,0,1,1,4294967295,0,0
objElevatorStop,62040,20,002D2D6E,0,1,1,4294967295,0,0
objNegaBuzzer,37735,1025,003D21EE,0,1,1,4294967295,0,0
objGHole,37497,1171,0002BE8D,0,1,1,4294967295,0,0
objGHole2,37693,1171,0033CF02,0,1,1,4294967295,0,0
objSpikeBomb,51945,760,002A4236,0,1,1,4294967295,0,0
objSpikeBomb,51995,760,00392E02,0,1,1,4294967295,0,0
objDuckSign,51910,780,000B43F9,0,1,1,4294967295,0,0
objNegaStandard,53185,780,002EF498,0,1,1,4294967295,0,0
objNegaStandard,53430,780,0039976E,0,1,1,4294967295,0,0
objWarningSign,53145,780,002D0696,0,1,1,4294967295,0,0
objSpikeBomb,55190,775,0000BEA3,0,1,1,4294967295,0,0
objSpikeBomb,55240,775,00118A76,0,1,1,4294967295,0,0
objJumpSign,55150,780,002B3A1E,0,1,1,4294967295,0,0
objSpikeBomb,57500,760,000D77BB,0,1,1,4294967295,0,0
objSpikeBomb,57555,760,000D5459,0,1,1,4294967295,0,0
objDuckSign,57455,780,00063E2A,0,1,1,4294967295,0,0
objDisc,58650,780,003F4396,0,1,1,4294967295,0,0
objDisc,58905,780,0022B717,0,1,1,4294967295,0,0
objDisc,59165,780,00347E96,0,1,1,4294967295,0,0
objWarningSign,58590,780,001A568A,0,1,1,4294967295,0,0
objFan,62700,485,0012F9DF,0,1,1,4294967295,0,0
objFan,62800,485,003B1DFA,0,1,1,4294967295,0,0
objFan,62900,485,0010DBB3,0,1,1,4294967295,0,0
objFan,63000,485,002019AE,0,1,1,4294967295,0,0
objFan,63100,485,002B2A86,0,1,1,4294967295,0,0
objFan,63200,485,0022DDDD,0,1,1,4294967295,0,0
objFan,63300,485,00259230,0,1,1,4294967295,0,0
objFan,63400,485,002AEE5F,0,1,1,4294967295,0,0
objFan,63500,485,00382E7B,0,1,1,4294967295,0,0
objFanAir,62700,448,000E35D3,0,1,1,4294967295,0,0
objFanAir,62700,416,00292422,0,1,1,4294967295,0,0
objFanAir,62700,384,003AA4A1,0,1,1,4294967295,0,0
objFanAir,62700,352,000D40E2,0,1,1,4294967295,0,0
objFanAir,62700,320,003450C0,0,1,1,4294967295,0,0
objFanAir,62700,288,000B1E0A,0,1,1,4294967295,0,0
objFanAir,62700,256,003E2FB5,0,1,1,4294967295,0,0
objFanAir,62700,224,000A8859,0,1,1,4294967295,0,0
objFanAir,62700,192,002A6C85,0,1,1,4294967295,0,0
objFanAir,62700,160,003BC1C6,0,1,1,4294967295,0,0
objFanAir,62700,128,00247FED,0,1,1,4294967295,0,0
objFanAir,62700,96,000BC92B,0,1,1,4294967295,0,0
objFanAir,62800,448,0020AA4E,0,1,1,4294967295,0,0
objFanAir,62800,416,000F655E,0,1,1,4294967295,0,0
objFanAir,62800,384,00028406,0,1,1,4294967295,0,0
objFanAir,62800,352,000243E9,0,1,1,4294967295,0,0
objFanAir,62800,320,002B41B5,0,1,1,4294967295,0,0
objFanAir,62800,288,002F26B8,0,1,1,4294967295,0,0
objFanAir,62800,256,0025243E,0,1,1,4294967295,0,0
objFanAir,62800,224,002A7459,0,1,1,4294967295,0,0
objFanAir,62800,192,0019E278,0,1,1,4294967295,0,0
objFanAir,62900,448,0007D9CD,0,1,1,4294967295,0,0
objFanAir,62900,416,003543F5,0,1,1,4294967295,0,0
objFanAir,62900,384,001FDD0D,0,1,1,4294967295,0,0
objFanAir,62900,352,002C9D38,0,1,1,4294967295,0,0
objFanAir,62900,320,000D2987,0,1,1,4294967295,0,0
objFanAir,62900,288,0027D46C,0,1,1,4294967295,0,0
objFanAir,62900,256,002598CE,0,1,1,4294967295,0,0
objFanAir,62900,224,00026175,0,1,1,4294967295,0,0
objFanAir,62800,160,00223C76,0,1,1,4294967295,0,0
objFanAir,62900,192,003DEBE1,0,1,1,4294967295,0,0
objFanAir,62900,160,0001870B,0,1,1,4294967295,0,0
objFanAir,62800,128,00350811,0,1,1,4294967295,0,0
objFanAir,63000,448,00197E4F,0,1,1,4294967295,0,0
objFanAir,63000,416,002BFAC7,0,1,1,4294967295,0,0
objFanAir,63000,384,002256C8,0,1,1,4294967295,0,0
objFanAir,63000,352,001AA167,0,1,1,4294967295,0,0
objFanAir,63000,320,00040379,0,1,1,4294967295,0,0
objFanAir,63000,288,001217AE,0,1,1,4294967295,0,0
objFanAir,63000,256,000DD9A5,0,1,1,4294967295,0,0
objFanAir,63000,224,00045567,0,1,1,4294967295,0,0
objFanAir,63000,192,001B4B3F,0,1,1,4294967295,0,0
objFanAir,63000,160,0038FB86,0,1,1,4294967295,0,0
objFanAir,63000,128,00316CCD,0,1,1,4294967295,0,0
objFanAir,63000,96,0011027D,0,1,1,4294967295,0,0
objFanAir,63000,64,00203737,0,1,1,4294967295,0,0
objFanAir,63100,448,001B4578,0,1,1,4294967295,0,0
objFanAir,63100,416,002FC7B9,0,1,1,4294967295,0,0
objFanAir,63100,384,0007928E,0,1,1,4294967295,0,0
objFanAir,63100,352,001C5DDF,0,1,1,4294967295,0,0
objFanAir,63100,320,0015C3FB,0,1,1,4294967295,0,0
objFanAir,63100,288,00266A24,0,1,1,4294967295,0,0
objFanAir,63100,256,003804F1,0,1,1,4294967295,0,0
objFanAir,63100,224,003E2D98,0,1,1,4294967295,0,0
objFanAir,63100,192,001F7E13,0,1,1,4294967295,0,0
objFanAir,63100,160,00285A68,0,1,1,4294967295,0,0
objFanAir,63100,128,002E9A3E,0,1,1,4294967295,0,0
objFanAir,63100,96,001B3417,0,1,1,4294967295,0,0
objFanAir,63100,64,00057D03,0,1,1,4294967295,0,0
objFanAir,63200,448,00038720,0,1,1,4294967295,0,0
objFanAir,63200,416,001D96C4,0,1,1,4294967295,0,0
objFanAir,63200,384,0036BD05,0,1,1,4294967295,0,0
objFanAir,63200,352,00303F79,0,1,1,4294967295,0,0
objFanAir,63200,320,0034CA4E,0,1,1,4294967295,0,0
objFanAir,63200,288,0027367F,0,1,1,4294967295,0,0
objFanAir,63300,448,00318731,0,1,1,4294967295,0,0
objFanAir,63400,448,000693D5,0,1,1,4294967295,0,0
objFanAir,63500,448,00394C19,0,1,1,4294967295,0,0
objFanAir,63300,416,00099E5E,0,1,1,4294967295,0,0
objFanAir,63300,384,0024D29F,0,1,1,4294967295,0,0
objFanAir,63300,352,001BBD99,0,1,1,4294967295,0,0
objFanAir,63300,320,0006B95F,0,1,1,4294967295,0,0
objFanAir,63300,288,003CFA53,0,1,1,4294967295,0,0
objFanAir,63400,416,002E39FD,0,1,1,4294967295,0,0
objFanAir,63500,416,0016E609,0,1,1,4294967295,0,0
objFanAir,63500,384,00385901,0,1,1,4294967295,0,0
objFanAir,63400,384,001DE09F,0,1,1,4294967295,0,0
objFanAir,63400,352,00096B97,0,1,1,4294967295,0,0
objFanAir,63400,320,00238E0F,0,1,1,4294967295,0,0
objFanAir,63400,288,0013084C,0,1,1,4294967295,0,0
objFanAir,63500,352,001ABE79,0,1,1,4294967295,0,0
objFanAir,63500,320,00245853,0,1,1,4294967295,0,0
objFanAir,63500,288,003BAA66,0,1,1,4294967295,0,0
objFanAir,63200,256,001A9F9E,0,1,1,4294967295,0,0
objFanAir,63300,256,001A9EA9,0,1,1,4294967295,0,0
objFanAir,63400,256,00245831,0,1,1,4294967295,0,0
objFanAir,63200,224,0035AA39,0,1,1,4294967295,0,0
objFanAir,63300,224,0031ADC5,0,1,1,4294967295,0,0
objFanAir,63400,224,0033136D,0,1,1,4294967295,0,0
objFanAir,63500,256,002D3203,0,1,1,4294967295,0,0
objFanAir,63500,224,000CCED4,0,1,1,4294967295,0,0
objSpringDiagonalRight,63065,900,001E2F00,0,1,1,4294967295,0,0
objSpringHook2,62690,615,00083304,0,1,1,4294967295,0,0
objDasherLeft,62670,1045,003FD28C,0,1,1,4294967295,0,0
objRailEnd,23810,915,002A9483,0,1,1,4294967295,0,0
objRailEnd,24475,855,001399F7,0,1,1,4294967295,0,0
objRailEnd2,23930,990,000937C7,0,1,1,4294967295,0,0
objRailEnd2,24530,915,001E6866,0,1,1,4294967295,0,0
objJumpSign,23780,970,00065093,0,1,1,4294967295,0,0
objJumpSign,24460,895,00341553,0,1,1,4294967295,0,0
objBolt,63658,406,0003B85D,0,1,1,4294967295,0,0
objBoltStopper,63660,240,00316E71,0,1,1,4294967295,0,0
objObjectStopper,63224,720,00078236,0,1,1,4294967295,0,0
objDisc,63312,732,000CF817,0,1,1,4294967295,0,0
objDisc,63532,732,00222287,0,1,1,4294967295,0,0
objDisc,63420,732,00350D2F,0,1,1,4294967295,0,0
objBoltFlinger,63660,749,001A845B,0,1,1,4294967295,0,0
objMonitorGreenBoost,64334,1043,0023E783,0,1,1,4294967295,0,0
objTrickJump,65260,1030,002FD896,0,1,1,4294967295,0,0
objDasherLeft,64200,1045,000EB3FB,0,1,1,4294967295,0,0
objCheckpointOpen,62515,70,00044206,0,1,1,4294967295,0,0
objLayerSwitch,67655,340,0031908F,0,1,1,4294967295,0,0
objLayerToLow,68030,810,00153ABF,0,1,1,4294967295,0,0
objLayerToLow,68005,810,003305B3,0,1,1,4294967295,0,0
objLayerToLow,67980,810,000A58D0,0,1,1,4294967295,0,0
objLayerToLow,67955,810,0003A6F4,0,1,1,4294967295,0,0
objLayerToLow,67930,810,0008ED13,0,1,1,4294967295,0,0
objLayerToHigh,68080,645,00156521,0,1,1,4294967295,0,0
objLayerToHigh,68080,595,001497C5,0,1,1,4294967295,0,0
objLayerToHigh,68080,545,0005D0E5,0,1,1,4294967295,0,0
objDasherLeft,67290,1040,0004DB78,0,1,1,4294967295,0,0
objDasherRight2,67636,339,0032568E,0,1,1,4294967295,0,0
objDasherLeft,67645,680,0001E514,0,1,1,4294967295,0,0
objFlameTrap,69340,703,0002E68C,0,1,1,4294967295,0,0
objFlameTrap,69430,703,001FCC94,0,1,1,4294967295,0,0
objFlameTrap,69520,703,00072672,0,1,1,4294967295,0,0
objFlameTrap,69611,703,003673A0,0,1,1,4294967295,0,0
objFlameTrap,69705,703,0005DFE8,0,1,1,4294967295,0,0
objWarningSign,69092,588,0038C26B,0,1,1,4294967295,0,0
objJumpSign,22535,1000,002AFB68,0,1,1,4294967295,0,0
objJumpSign,27170,1140,0037DD21,0,1,1,4294967295,0,0
objDisc,72170,700,0009BE79,0,1,1,4294967295,0,0
objSpringHook2,73156,702,00348E0B,0,1,1,4294967295,0,0
objSpringHook,72269,638,003B1025,0,1,1,4294967295,0,0
objSpringPropel,72252,650,000356C0,0,1,1,4294967295,0,0
objSpringLeft,72270,242,003D6BF5,0,1,1,4294967295,0,0
objInvWall,79996,600,001BD002,0,1,1,4294967295,0,0
objInvWall,79996,475,002D8855,0,1,1,4294967295,0,0
objInvWall,79996,350,00107B37,0,1,1,4294967295,0,0
objInvWall,79996,225,002CAD6F,0,1,1,4294967295,0,0
objInvWall,79996,100,00388857,0,1,1,4294967295,0,0
objInvWall,79996,-25,002064E9,0,1,1,4294967295,0,0
objNegaFish,74624,830,0007B23D,0,1,1,4294967295,0,0
objNegaFish,74800,765,0034F622,0,1,1,4294967295,0,0
objDisc,74632,680,00210436,0,1,1,4294967295,0,0
objDisc,74940,680,00112E6B,0,1,1,4294967295,0,0
objGHole,74763,876,00078254,0,1,1,4294967295,0,0
objGHole2,75001,876,00337189,0,1,1,4294967295,0,0
objNegaGUN,74809,858,003313DF,0,1,1,4294967295,0,0
object512DoorClose,74568,752,003926D2,0,1,1,4294967295,0,0
objDasherUp,45895,590,001AEE4A,0,1,1,4294967295,0,0
objSpringUp,69870,690,00349A31,0,1,1,4294967295,0,0
objNegaFish,73835,1070,00087071,0,1,1,4294967295,0,0
objNegaFish,73285,1125,0016D1A1,0,1,1,4294967295,0,0
objNegaFish,72705,940,001A5989,0,1,1,4294967295,0,0
objNegaFish,72370,1070,00351652,0,1,1,4294967295,0,0
objNegaFish,72795,1130,000A2CD9,0,1,1,4294967295,0,0
objNegaFish,71920,945,000423E4,0,1,1,4294967295,0,0
objNegaFish,71635,1080,003E42BA,0,1,1,4294967295,0,0
objNegaFish,71435,855,00182016,0,1,1,4294967295,0,0
objNegaFish,71245,995,000B6658,0,1,1,4294967295,0,0
objNegaShark,71190,690,003EAACC,0,1,1,4294967295,0,0
objNegaShark,71530,690,0038694E,0,1,1,4294967295,0,0
objNegaShark,71880,685,0006B2C6,0,1,1,4294967295,0,0
objNegaShark,72575,690,003014EA,0,1,1,4294967295,0,0
objNegaShark,72895,695,001FB7D1,0,1,1,4294967295,0,0
objEnemyBlock,72570,805,003E2D94,0,1,1,4294967295,0,0
objEnemyBlock,72890,800,0039615C,0,1,1,4294967295,0,0
objEnemyBlock,71875,800,002A9163,0,1,1,4294967295,0,0
objEnemyBlock,71525,790,00126B96,0,1,1,4294967295,0,0
objEnemyBlock,71185,800,0036EDEA,0,1,1,4294967295,0,0
objShieldStopper,38270,625,003FEBDD,0,1,1,4294967295,0,0
objShieldStopper,40500,30,003297EC,0,1,1,4294967295,0,0
objExtended,75350,50,001BBDA0,0,1,1,4294967295,0,0
objSpringNonHome2,39455,529,0018C52E,0,1,1,4294967295,0,0
objSpringNonHome3,40610,765,002C3FC9,0,1,1,4294967295,0,0
objSpringNonHome4,45405,691,0020C828,0,1,1,4294967295,0,0
objFlameTrapTime,64292,546,00254AC3,0,1,1,4294967295,0,0
objBumper,64475,690,00091609,0,1,1,4294967295,0,0
objBumper,64595,755,000FE985,0,1,1,4294967295,0,0
objBumper,64700,685,00318D99,0,1,1,4294967295,0,0
objBumper,64830,755,0003A72D,0,1,1,4294967295,0,0
objBumper,64925,685,0027C715,0,1,1,4294967295,0,0
objBumper,65050,755,00117F3E,0,1,1,4294967295,0,0
objFlameTrapTime,12155,720,003ADD0B,0,1,1,4294967295,0,0
objNegaHeavy,37885,1140,00041775,0,1,1,4294967295,0,0
objNegaHeavy,12595,690,003C6D7E,0,1,1,4294967295,0,0
objExtended,45285,680,002BFBCC,0,1,1,4294967295,0,0
objMonitorInvincibility,44809,628,0036FE5C,0,1,1,4294967295,0,0
objBC,75150,870,001A9169,0,1,1,4294967295,0,0
objBC,73680,1170,000D44FF,0,1,1,4294967295,0,0
objBC,71465,1170,003BC039,0,1,1,4294967295,0,0
objButtonJump,70980,600,00111213,0,1,1,4294967295,0,0
objDiscForce,37550,955,001DB9F4,0,1,1,4294967295,0,0
objDiscForce,37465,1065,0036C751,0,1,1,4294967295,0,0
objDiscForce,38015,995,000BE598,0,1,1,4294967295,0,0
objDiscForce,37890,1075,0033FFC8,0,1,1,4294967295,0,0
objSpecialRing,19471,446,000ABBC8,0,1,1,4294967295,0,0
objSpikeBall,32640,1125,0027231B,0,1,1,4294967295,0,0
objSpikeBall,32580,1124,0027B9A9,0,1,1,4294967295,0,0
objSpikeBall,32580,1068,0027C99A,0,1,1,4294967295,0,0
objInvFloor,76588,-12,001BBB6A,0,1,1,4294967295,0,0
objInvFloor,76716,-12,003C5F92,0,1,1,4294967295,0,0
objInvFloor,76844,-12,003FD792,0,1,1,4294967295,0,0
objInvFloor,29036,-28,0021B974,0,1,1,4294967295,0,0
objInvFloor,29164,-28,000B2FC6,0,1,1,4294967295,0,0
objInvFloor,29292,-28,00033E96,0,1,1,4294967295,0,0
objInvFloor,29420,-28,000B5606,0,1,1,4294967295,0,0
objInvFloor,29548,-28,003073BB,0,1,1,4294967295,0,0
objInvFloor,29676,-28,00321C6D,0,1,1,4294967295,0,0
objInvFloor,29804,-28,00365DBF,0,1,1,4294967295,0,0
objSpecialRing,71120,1156,00152F57,0,1,1,4294967295,0,0
objSpecialRing,71080,1156,00064A6C,0,1,1,4294967295,0,0
objSpecialRing,71080,1124,0037651A,0,1,1,4294967295,0,0
objSpecialRing,71120,1124,001B3C93,0,1,1,4294967295,0,0
objSpikeBall,71100,1068,003661A7,0,1,1,4294967295,0,0
objSpikeBall,71180,1068,0031B89B,0,1,1,4294967295,0,0
objSpikeBall,71264,1068,002098EB,0,1,1,4294967295,0,0
objSpikeBall,71704,936,003F516F,0,1,1,4294967295,0,0
objSpikeBall,72100,1112,00149F33,0,1,1,4294967295,0,0
objSpikeBall,72436,916,001DD6F9,0,1,1,4294967295,0,0
objSpikeBall,73056,1056,001B203E,0,1,1,4294967295,0,0
objSpikeBall,74152,1052,001071F5,0,1,1,4294967295,0,0
objMonitorRings,64204,532,0006C019,0,1,1,4294967295,0,0
objMonitorShield,64676,24,0011D537,0,1,1,4294967295,0,0
objWarningSign,25310,835,002A1C1B,0,1,1,4294967295,0,0
objDasherLeft,85,970,003294BB,0,1,1,4294967295,0,0
objDasherLeft,575,970,000F61D6,0,1,1,4294967295,0,0
objDasherLeft,2760,1130,0026A002,0,1,1,4294967295,0,0
objDasherLeft,8080,794,003480F0,0,1,1,4294967295,0,0
objDasherLeft,9675,475,002F739D,0,1,1,4294967295,0,0
objPoleTwirlL,11175,480,00345BD0,0,1,1,4294967295,0,0
objPoleTwirlL,11175,640,0005F796,0,1,1,4294967295,0,0
objPoleTwirlL,11175,800,003E313D,0,1,1,4294967295,0,0
objPoleTwirlL,11400,480,00008A31,0,1,1,4294967295,0,0
objPoleTwirlL,11400,640,00039901,0,1,1,4294967295,0,0
objPoleTwirlL,11400,800,0012A924,0,1,1,4294967295,0,0
objPoleTwirlL,11610,480,00265F67,0,1,1,4294967295,0,0
objPoleTwirlL,11610,640,0034968C,0,1,1,4294967295,0,0
objPoleTwirlL,11610,800,002B927F,0,1,1,4294967295,0,0
objPoleTwirlL,11835,480,0024A48D,0,1,1,4294967295,0,0
objPoleTwirlL,11835,640,00178598,0,1,1,4294967295,0,0
objPoleTwirlL,11835,800,0006DF41,0,1,1,4294967295,0,0
objNegaIce,8340,1120,0013A3E2,0,1,1,4294967295,0,0
objNegaIce,37565,1150,001CB01C,0,1,1,4294967295,0,0
objWallJumpBlockR,75404,20,00223FF2,0,1,1,4294967295,0,0
objWallJumpBlockR,75404,68,0016B202,0,1,1,4294967295,0,0
objWallJumpBlockR,75404,116,0000C234,0,1,1,4294967295,0,0
objWallJumpBlockR,75404,164,001C45D6,0,1,1,4294967295,0,0
objWallJumpBlockR,75404,212,000F3424,0,1,1,4294967295,0,0
objWallJumpBlock,75280,20,002B6CBA,0,1,1,4294967295,0,0
objWallJumpBlock,75280,68,0010FC6F,0,1,1,4294967295,0,0
objWallJumpBlock,75280,116,00002DB4,0,1,1,4294967295,0,0
objPushJump,14920,1150,0003B408,0,1,1,4294967295,0,0
objDasherLeft,16570,975,00150F0B,0,1,1,4294967295,0,0
objRailLong,24130,1170,003567B1,0,1,1,4294967295,0,0
objRailLong,24270,1170,000EFF3D,0,1,1,4294967295,0,0
objRailLong,24410,1170,00220DEC,0,1,1,4294967295,0,0
objRailLong,24550,1170,003C8229,0,1,1,4294967295,0,0
objRailLong,24690,1170,001C49E9,0,1,1,4294967295,0,0
objRailLong,24830,1170,001774DF,0,1,1,4294967295,0,0
objRailLong,24970,1170,0021A3AD,0,1,1,4294967295,0,0
objRailLong,25110,1170,00088574,0,1,1,4294967295,0,0
objRailLong,25240,1170,000FA503,0,1,1,4294967295,0,0
objRailLong,25380,1170,0010FDFA,0,1,1,4294967295,0,0
objRailLong,25520,1170,002B3B71,0,1,1,4294967295,0,0
objRailLong,25650,1170,0014EE0B,0,1,1,4294967295,0,0
objRailLong,25790,1170,0018235D,0,1,1,4294967295,0,0
objRailLong,25930,1170,001B2D44,0,1,1,4294967295,0,0
objRailLong,26070,1170,00114BE9,0,1,1,4294967295,0,0
objRailLong,26140,1170,003A4B5B,0,1,1,4294967295,0,0
objRailEnd2,26280,1170,000A598C,0,1,1,4294967295,0,0
objSpringHigh,26310,1151,000B3814,0,1,1,4294967295,0,0
objRailEnd,24100,1170,0012D09E,0,1,1,4294967295,0,0
objTestDuck,74448,264,00045227,0,1,1,4294967295,0,0
objTestDuck,74576,264,00310741,0,1,1,4294967295,0,0
objDuckSign,74425,265,0008339D,0,1,1,4294967295,0,0
objGHole,8570,1140,0020445C,0,1,1,4294967295,0,0
objGHole2,9005,1140,003C8BBB,0,1,1,4294967295,0,0
objNegaIce,9260,1120,00148DB7,0,1,1,4294967295,0,0
objNegaStandard,8690,1125,00029BC1,0,1,1,4294967295,0,0
objSpringHook,32070,1135,00309AF7,0,1,1,4294967295,0,0
objDasherLeft,7060,1130,003A5DA4,0,1,1,4294967295,0,0
objDisc,6375,765,00380312,0,1,1,4294967295,0,0
objDisc,6585,765,002883A2,0,1,1,4294967295,0,0
objDisc,6785,765,003FAA85,0,1,1,4294967295,0,0
objSpike,39700,1175,000986A2,0,1,1,4294967295,0,0
objSpike,39735,1175,00277A4C,0,1,1,4294967295,0,0
objSpike,39770,1175,0002D7C2,0,1,1,4294967295,0,0
objSpike,39805,1175,00213439,0,1,1,4294967295,0,0
objSpike,39840,1175,00360B95,0,1,1,4294967295,0,0
objSpike,39875,1175,00129013,0,1,1,4294967295,0,0
objSpike,39910,1175,003F2B95,0,1,1,4294967295,0,0
objSpike,39945,1175,0024A603,0,1,1,4294967295,0,0
objSpike,39980,1175,00259724,0,1,1,4294967295,0,0
objSpike,40015,1175,002FCF1B,0,1,1,4294967295,0,0
objSpike,40050,1175,002D4C07,0,1,1,4294967295,0,0
objSpike,40085,1175,0011D46A,0,1,1,4294967295,0,0
objSpike,40120,1175,003B238A,0,1,1,4294967295,0,0
objSpike,40155,1175,003E8674,0,1,1,4294967295,0,0
objSpike,40190,1175,0019CE82,0,1,1,4294967295,0,0
objSpike,40225,1175,001DB67A,0,1,1,4294967295,0,0
objSpike,40260,1175,000347F7,0,1,1,4294967295,0,0
objSpike,40295,1175,000B1005,0,1,1,4294967295,0,0
objSpike,40330,1175,002B4B9F,0,1,1,4294967295,0,0
objSpike,40365,1175,003E20A6,0,1,1,4294967295,0,0
objSpike,40400,1175,0008AA02,0,1,1,4294967295,0,0
objSpike,40435,1175,0027A1B2,0,1,1,4294967295,0,0
objSpike,40470,1175,0006072E,0,1,1,4294967295,0,0
objSpike,40505,1175,0019FE32,0,1,1,4294967295,0,0
objSpike,40540,1175,002F9FD9,0,1,1,4294967295,0,0
objSpike,40575,1175,001997D8,0,1,1,4294967295,0,0
objSpike,40610,1175,0005ED63,0,1,1,4294967295,0,0
objSpikeBomb,57610,760,0021A4CF,0,1,1,4294967295,0,0
objSpringHook,19560,1165,0016223F,0,1,1,4294967295,0,0
objCheckpointOpen,36780,120,001506FF,0,1,1,4294967295,0,0
objSpecialRing,19665,1160,00298CE1,0,1,1,4294967295,0,0
objSpecialRing,19665,1125,00262D6A,0,1,1,4294967295,0,0
objSpikeGround,22571,1019,0022BBBA,0,1,1,4294967295,0,0
objSpikePole,11174,957,0020E63F,0,1,1,4294967295,0,0
objSpikePole,11174,922,00200CA3,0,1,1,4294967295,0,0
objSpikePole,11610,957,0011BFFF,0,1,1,4294967295,0,0
objSpikePole,11609,923,002785C9,0,1,1,4294967295,0,0
objWallJumpI,9410,760,003EC836,0,1,1,4294967295,0,0
objWallJumpI,9410,712,001C8925,0,1,1,4294967295,0,0
objWallJumpI,9410,664,003A1143,0,1,1,4294967295,0,0
objWallJumpI,9410,616,000EFACB,0,1,1,4294967295,0,0
objWallJumpI,9410,568,00182551,0,1,1,4294967295,0,0
objWallJumpI,9410,520,001DF32F,0,1,1,4294967295,0,0
objWallJumpI,9410,496,0025B245,0,1,1,4294967295,0,0
objWallJumpI,9192,580,002CC5C3,0,1,1,4294967295,0,0
objWallJumpI,9192,532,0036674F,0,1,1,4294967295,0,0
objWallJumpI,9192,484,0009BB9D,0,1,1,4294967295,0,0
objWallJumpI,9192,436,00202BA8,0,1,1,4294967295,0,0
objWallJumpI,9192,388,0035B4D6,0,1,1,4294967295,0,0
objSpd10,6010,584,00041D96,0,1,1,4294967295,0,0
objSpdS,7036,1092,000FE242,0,1,1,4294967295,0,0
objSpd5,17225,720,003F351D,0,1,1,4294967295,0,0
objSpd5,6010,805,00071AAC,0,1,1,4294967295,0,0
objRing,10710,535,003C434C,0,1,1,4294967295,0,0
objRing,10770,535,000507D9,0,1,1,4294967295,0,0
objRing,10830,535,001454F4,0,1,1,4294967295,0,0
objRing,10890,535,003D493E,0,1,1,4294967295,0,0
objRing,10950,535,00204213,0,1,1,4294967295,0,0
objRing,10650,535,003CFCC8,0,1,1,4294967295,0,0
objRing,10590,535,001A7EE4,0,1,1,4294967295,0,0
objWallJumpI,9192,340,00296E86,0,1,1,4294967295,0,0
objWallJumpI,9192,292,001F9700,0,1,1,4294967295,0,0
objRing,8568,776,003CB792,0,1,1,4294967295,0,0
objRing,8604,740,002167B7,0,1,1,4294967295,0,0
objRing,8620,688,001189D8,0,1,1,4294967295,0,0
objRing,8600,632,00151AF3,0,1,1,4294967295,0,0
objRing,8564,600,00343547,0,1,1,4294967295,0,0
objRing,8520,584,00138925,0,1,1,4294967295,0,0
objRing,8472,600,002504A8,0,1,1,4294967295,0,0
objRing,8436,636,0020C470,0,1,1,4294967295,0,0
objRing,8416,688,0035A488,0,1,1,4294967295,0,0
objRing,8436,740,003AA535,0,1,1,4294967295,0,0
objRing,8468,772,002D6D21,0,1,1,4294967295,0,0
objRing,8520,792,002878CA,0,1,1,4294967295,0,0
objRing,6090,585,003843BD,0,1,1,4294967295,0,0
objRing,6180,585,0038E81B,0,1,1,4294967295,0,0
objRing,6270,585,000E67D4,0,1,1,4294967295,0,0
objRing,6360,585,00214CD3,0,1,1,4294967295,0,0
objRing,6450,585,0000F1F0,0,1,1,4294967295,0,0
objRing,6540,585,00015441,0,1,1,4294967295,0,0
objRing,6630,585,0036E0FB,0,1,1,4294967295,0,0
objRing,6720,585,000F034A,0,1,1,4294967295,0,0
objRing,6810,585,001CC13E,0,1,1,4294967295,0,0
objRing,6900,585,00237DBE,0,1,1,4294967295,0,0
objRing,6990,585,003478D9,0,1,1,4294967295,0,0
objRing,5460,1125,0039574F,0,1,1,4294967295,0,0
objRing,5520,1125,002451FB,0,1,1,4294967295,0,0
objRing,5580,1125,001012C3,0,1,1,4294967295,0,0
objRing,5640,1125,003180C4,0,1,1,4294967295,0,0
objRing,5700,1125,00247578,0,1,1,4294967295,0,0
objRing,11220,510,00197396,0,1,1,4294967295,0,0
objRing,11130,585,001397BC,0,1,1,4294967295,0,0
objRing,11220,690,002ABC94,0,1,1,4294967295,0,0
objRing,11130,795,002FF9A4,0,1,1,4294967295,0,0
objRing,11220,885,0034D783,0,1,1,4294967295,0,0
objRing,11340,585,000687BF,0,1,1,4294967295,0,0
objRing,11460,690,00036BFA,0,1,1,4294967295,0,0
objRing,11340,795,0004EDA7,0,1,1,4294967295,0,0
objRing,11460,885,000FDD5B,0,1,1,4294967295,0,0
objRing,11550,690,000FD46F,0,1,1,4294967295,0,0
objRing,11670,525,002A4582,0,1,1,4294967295,0,0
objRing,11670,810,0018C7E0,0,1,1,4294967295,0,0
objRing,11790,705,0028CECE,0,1,1,4294967295,0,0
objRing,11880,840,001D057C,0,1,1,4294967295,0,0
objRing,11880,525,000F5202,0,1,1,4294967295,0,0
objRing,11790,930,000D7A58,0,1,1,4294967295,0,0
objRing,13200,795,00062703,0,1,1,4294967295,0,0
objRing,13260,795,00092B0B,0,1,1,4294967295,0,0
objRing,13320,795,0003E6E1,0,1,1,4294967295,0,0
objRing,13380,795,00146DA9,0,1,1,4294967295,0,0
objRing,13440,795,001BDAC6,0,1,1,4294967295,0,0
objRing,13500,795,00396348,0,1,1,4294967295,0,0
objSpdN5,18700,413,00209E91,0,1,1,4294967295,0,0
objSpdS,19618,70,003DBAD5,0,1,1,4294967295,0,0
objWallJumpI,28716,548,00156B26,0,1,1,4294967295,0,0
objWallJumpI,28716,500,0002F848,0,1,1,4294967295,0,0
objWallJumpI,28716,452,0028BBAA,0,1,1,4294967295,0,0
objWallJumpI,28716,404,00356FDE,0,1,1,4294967295,0,0
objWallJumpI,28716,356,000704BE,0,1,1,4294967295,0,0
objWallJumpI,28716,308,0008FA6C,0,1,1,4294967295,0,0
objWallJumpI,28716,260,002DB244,0,1,1,4294967295,0,0
objWallJumpI,28716,212,003EC6EC,0,1,1,4294967295,0,0
objWallJumpI,28716,164,000BAD9D,0,1,1,4294967295,0,0
objWallJumpI,28716,116,003F0F86,0,1,1,4294967295,0,0
objWallJumpI,28716,68,0003AF74,0,1,1,4294967295,0,0
objWallJumpI,28716,20,00088729,0,1,1,4294967295,0,0
objWallJumpI,28716,596,002D95D9,0,1,1,4294967295,0,0
objWallJumpI,28928,708,001FC66A,0,1,1,4294967295,0,0
objWallJumpI,28928,660,002D12E1,0,1,1,4294967295,0,0
objWallJumpI,28928,612,000ECE4F,0,1,1,4294967295,0,0
objWallJumpI,28928,564,0002E3F3,0,1,1,4294967295,0,0
objWallJumpI,28928,516,002C6A01,0,1,1,4294967295,0,0
objWallJumpI,28928,468,002B50FF,0,1,1,4294967295,0,0
objWallJumpI,28928,420,000318AC,0,1,1,4294967295,0,0
objWallJumpI,28928,372,003C7C8B,0,1,1,4294967295,0,0
objWallJumpI,28928,324,00182D6A,0,1,1,4294967295,0,0
objWallJumpI,28928,276,003EF9B1,0,1,1,4294967295,0,0
objWallJumpI,28928,228,0010093E,0,1,1,4294967295,0,0
objWallJumpI,28928,180,002B1954,0,1,1,4294967295,0,0
objWallJumpI,28928,132,001CEF08,0,1,1,4294967295,0,0
objWallJumpI,28928,116,0022B0CE,0,1,1,4294967295,0,0
objSpdS,34020,888,00127AD1,0,1,1,4294967295,0,0
objSpdS,43995,680,001F9A7C,0,1,1,4294967295,0,0
objLeafToken,62350,535,003AB8CB,0,1,1,4294967295,0,0
objSpd10,72270,242,002A212A,0,1,1,4294967295,0,0
objSpd5,72270,645,003AB2C9,0,1,1,4294967295,0,0
objWallJumpI,75856,1095,0007F5AE,0,1,1,4294967295,0,0
objWallJumpI,75856,1050,003C2C25,0,1,1,4294967295,0,0
objWallJumpI,75856,1005,0032D125,0,1,1,4294967295,0,0
objWallJumpI,75856,1140,0011582C,0,1,1,4294967295,0,0
objWallJumpI,75856,1185,000A2DE9,0,1,1,4294967295,0,0
objWallJumpI,75616,1155,002675E4,0,1,1,4294967295,0,0
objWallJumpI,75616,1110,002E0F7F,0,1,1,4294967295,0,0
objWallJumpI,75616,1065,00340268,0,1,1,4294967295,0,0
objWallJumpI,75616,1020,00250436,0,1,1,4294967295,0,0
objWallJumpI,75616,975,000AA120,0,1,1,4294967295,0,0
objWallJumpI,75616,930,0014887F,0,1,1,4294967295,0,0
objWallJumpI,75616,885,0020F30C,0,1,1,4294967295,0,0
objWallJumpI,75856,960,0032E5E8,0,1,1,4294967295,0,0
objWallJumpI,75856,915,0000282F,0,1,1,4294967295,0,0
objWallJumpI,75856,870,002781B4,0,1,1,4294967295,0,0
objWallJumpI,75856,825,0009DD53,0,1,1,4294967295,0,0
objWallJumpI,75856,780,003A00EE,0,1,1,4294967295,0,0
objWallJumpI,75856,735,001F95A6,0,1,1,4294967295,0,0
objWallJumpI,75856,690,0031474C,0,1,1,4294967295,0,0
objWallJumpI,75856,645,0025729B,0,1,1,4294967295,0,0
objWallJumpI,75856,600,000359D1,0,1,1,4294967295,0,0
objWallJumpI,75856,555,0023D1BF,0,1,1,4294967295,0,0
objWallJumpI,75856,510,000A5396,0,1,1,4294967295,0,0
objWallJumpI,75856,465,00119164,0,1,1,4294967295,0,0
objWallJumpI,75856,420,00062D38,0,1,1,4294967295,0,0
objWallJumpI,75856,375,002AC026,0,1,1,4294967295,0,0
objWallJumpI,75856,330,0034DF81,0,1,1,4294967295,0,0
objWallJumpI,75856,285,00272F61,0,1,1,4294967295,0,0
objWallJumpI,75856,240,003ECF85,0,1,1,4294967295,0,0
objWallJumpI,75856,210,0019692E,0,1,1,4294967295,0,0
objWallJumpI,75616,725,002F3667,0,1,1,4294967295,0,0
objWallJumpI,75616,680,0029E141,0,1,1,4294967295,0,0
objWallJumpI,75616,635,001F9706,0,1,1,4294967295,0,0
objWallJumpI,75616,590,003D950E,0,1,1,4294967295,0,0
objWallJumpI,75616,550,00362F77,0,1,1,4294967295,0,0
objWallJumpI,75616,505,00175106,0,1,1,4294967295,0,0
objWallJumpI,75616,460,00175A73,0,1,1,4294967295,0,0
objWallJumpI,75616,415,001060DF,0,1,1,4294967295,0,0
objWallJumpI,75616,370,0033CFD0,0,1,1,4294967295,0,0
objWallJumpI,75616,325,00225796,0,1,1,4294967295,0,0
objWallJumpI,75616,280,003385AE,0,1,1,4294967295,0,0
objWallJumpI,75616,235,00165D0E,0,1,1,4294967295,0,0
objWallJumpI,75616,190,0031ED5D,0,1,1,4294967295,0,0
objWallJumpI,75616,145,003923D1,0,1,1,4294967295,0,0
objWallJumpI,75616,100,003DA5BA,0,1,1,4294967295,0,0
objWallJumpI,75616,55,001CAD8A,0,1,1,4294967295,0,0
objSpdRamp,69124,590,00317468,0,1,1,4294967295,0,0
objLeafToken,73895,620,00067AF8,0,1,1,4294967295,0,0
objSpdN5,69870,690,003E3596,0,1,1,4294967295,0,0
objSpdS,40610,770,00314599,0,1,1,4294967295,0,0
objSpdS,39455,530,001A186B,0,1,1,4294967295,0,0
objRmpM,39685,1115,002DE84E,0,1,1,4294967295,0,0
objRmp3,71025,620,001E4004,0,1,1,4294967295,0,0
objRing,16760,972,0038A85A,0,1,1,4294967295,0,0
objRing,16820,972,0005BB27,0,1,1,4294967295,0,0
objRing,16880,972,000C9AAF,0,1,1,4294967295,0,0
objRing,16940,972,0034D849,0,1,1,4294967295,0,0
objRing,17000,972,001A615E,0,1,1,4294967295,0,0
objRing,17460,972,0039C83A,0,1,1,4294967295,0,0
objRing,17520,954,002708D3,0,1,1,4294967295,0,0
objRing,17560,918,001873AD,0,1,1,4294967295,0,0
objRing,17580,864,000AADCE,0,1,1,4294967295,0,0
objRing,17400,972,0030D55C,0,1,1,4294967295,0,0
objRing,17380,450,00283480,0,1,1,4294967295,0,0
objRing,17380,396,0024167C,0,1,1,4294967295,0,0
objRing,17380,342,00075124,0,1,1,4294967295,0,0
objRing,17380,288,002B6452,0,1,1,4294967295,0,0
objRing,17380,234,003A39CB,0,1,1,4294967295,0,0
objRing,17380,504,002525E2,0,1,1,4294967295,0,0
objRing,17380,180,0004E87C,0,1,1,4294967295,0,0
objRing,18580,169,0000CA72,0,1,1,4294967295,0,0
objRing,18640,182,00023CF7,0,1,1,4294967295,0,0
objRing,18680,221,00326BF4,0,1,1,4294967295,0,0
objRing,18700,286,00257761,0,1,1,4294967295,0,0
objRing,17900,169,001A0A11,0,1,1,4294967295,0,0
objRing,17940,169,00339E14,0,1,1,4294967295,0,0
objRing,17900,143,000A5D2D,0,1,1,4294967295,0,0
objRing,17940,143,002E4106,0,1,1,4294967295,0,0
objRing,18100,169,000DFFAA,0,1,1,4294967295,0,0
objRing,18140,169,00363314,0,1,1,4294967295,0,0
objRing,18180,169,0039EBBA,0,1,1,4294967295,0,0
objRing,18220,169,00191397,0,1,1,4294967295,0,0
objRing,22150,1000,00340204,0,1,1,4294967295,0,0
objRing,22200,1000,0039F854,0,1,1,4294967295,0,0
objRing,22250,1000,00102087,0,1,1,4294967295,0,0
objRing,22300,1000,0009BA61,0,1,1,4294967295,0,0
objRing,21250,1160,0014C907,0,1,1,4294967295,0,0
objRing,21300,1160,00102656,0,1,1,4294967295,0,0
objRing,21350,1160,0004CC8A,0,1,1,4294967295,0,0
objRing,21400,1160,0025B3E8,0,1,1,4294967295,0,0
objRing,21450,1160,002FD665,0,1,1,4294967295,0,0
objRing,23050,970,00398A37,0,1,1,4294967295,0,0
objRing,23100,970,00249D4D,0,1,1,4294967295,0,0
objRing,23150,970,0014D6DD,0,1,1,4294967295,0,0
objRing,23200,970,000B4B43,0,1,1,4294967295,0,0
objRing,23300,970,003AA389,0,1,1,4294967295,0,0
objRing,23350,970,002B20F3,0,1,1,4294967295,0,0
objRing,23400,970,002014ED,0,1,1,4294967295,0,0
objRing,23250,970,00159061,0,1,1,4294967295,0,0
objRing,23950,895,00373A4C,0,1,1,4294967295,0,0
objRing,24000,895,00307EF2,0,1,1,4294967295,0,0
objRing,24050,895,002D2B71,0,1,1,4294967295,0,0
objRing,24100,895,001FC2A6,0,1,1,4294967295,0,0
objRing,24300,895,001A08B4,0,1,1,4294967295,0,0
objRing,24350,895,001FE5AA,0,1,1,4294967295,0,0
objRing,24300,860,002E42ED,0,1,1,4294967295,0,0
objRing,24350,860,00162FD7,0,1,1,4294967295,0,0
objRing,25300,835,0027CA21,0,1,1,4294967295,0,0
objRing,25250,835,004039D3,0,1,1,4294967295,0,0
objRing,25150,835,00266708,0,1,1,4294967295,0,0
objRing,25200,835,0022BBFD,0,1,1,4294967295,0,0
objRing,25100,835,00258358,0,1,1,4294967295,0,0
objRing,26550,495,00230CF9,0,1,1,4294967295,0,0
objRing,26500,495,003657DD,0,1,1,4294967295,0,0
objRing,26600,495,00382E37,0,1,1,4294967295,0,0
objRing,26650,515,00105A86,0,1,1,4294967295,0,0
objRing,26700,595,002581C4,0,1,1,4294967295,0,0
objRing,26700,650,0034288C,0,1,1,4294967295,0,0
objRing,26685,549,001694A4,0,1,1,4294967295,0,0
objRing,26700,705,002F8640,0,1,1,4294967295,0,0
objRing,28356,728,00343267,0,1,1,4294967295,0,0
objRing,28356,668,002226DA,0,1,1,4294967295,0,0
objRing,28348,608,002829BA,0,1,1,4294967295,0,0
objRing,28316,564,001AE25F,0,1,1,4294967295,0,0
objRing,28260,540,001DE3E3,0,1,1,4294967295,0,0
objRing,28196,560,002684E3,0,1,1,4294967295,0,0
objRing,28164,600,00224BCF,0,1,1,4294967295,0,0
objRing,28160,668,0024FEC0,0,1,1,4294967295,0,0
objRing,28204,720,000A71A2,0,1,1,4294967295,0,0
objRing,28264,736,0036FE07,0,1,1,4294967295,0,0
objRing,30620,868,002ED7B0,0,1,1,4294967295,0,0
objRing,30656,836,001E08A8,0,1,1,4294967295,0,0
objRing,30692,804,003BFE6C,0,1,1,4294967295,0,0
objRing,38432,892,003C5179,0,1,1,4294967295,0,0
objRing,38384,892,0027ECCF,0,1,1,4294967295,0,0
objRing,38336,892,003FED1D,0,1,1,4294967295,0,0
objRing,38288,892,0011609D,0,1,1,4294967295,0,0
objRing,39312,376,00401862,0,1,1,4294967295,0,0
objRing,39260,376,000899E7,0,1,1,4294967295,0,0
objRing,39208,376,001A0FC3,0,1,1,4294967295,0,0
objRing,39156,376,001504BB,0,1,1,4294967295,0,0
objRing,42076,172,000747AB,0,1,1,4294967295,0,0
objRing,42092,128,003FF8AF,0,1,1,4294967295,0,0
objRing,42128,96,002CD0D1,0,1,1,4294967295,0,0
objRing,42172,80,002788FE,0,1,1,4294967295,0,0
objRing,42220,96,000E8C72,0,1,1,4294967295,0,0
objRing,42256,128,0023C19F,0,1,1,4294967295,0,0
objRing,42272,172,002923F9,0,1,1,4294967295,0,0
objRing,48376,624,00343D9B,0,1,1,4294967295,0,0
objRing,48320,604,00275328,0,1,1,4294967295,0,0
objRing,48264,584,001791BE,0,1,1,4294967295,0,0
objRing,48432,644,002644CF,0,1,1,4294967295,0,0
objRing,48492,664,0022DBD7,0,1,1,4294967295,0,0
objRing,48552,684,000D5159,0,1,1,4294967295,0,0
objRing,48612,704,003FE63C,0,1,1,4294967295,0,0
objRing,37332,628,002354D6,0,1,1,4294967295,0,0
objRing,37372,628,000E9A71,0,1,1,4294967295,0,0
objRing,37332,600,00157BC5,0,1,1,4294967295,0,0
objRing,37372,600,0034C533,0,1,1,4294967295,0,0
objRing,37260,628,000250E1,0,1,1,4294967295,0,0
objRing,37220,628,0018E223,0,1,1,4294967295,0,0
objRing,37180,628,00276481,0,1,1,4294967295,0,0
objRing,37008,328,0033A1C9,0,1,1,4294967295,0,0
objRing,37060,328,00379FDB,0,1,1,4294967295,0,0
objRing,37112,328,003F1589,0,1,1,4294967295,0,0
objRing,37164,328,000760A5,0,1,1,4294967295,0,0
objRing,37216,328,001B593B,0,1,1,4294967295,0,0
objRing,36428,724,0035EB0F,0,1,1,4294967295,0,0
objRing,36376,724,002A6268,0,1,1,4294967295,0,0
objRing,36324,724,00036C1D,0,1,1,4294967295,0,0
objRing,36480,724,00159EC7,0,1,1,4294967295,0,0
objRing,61540,480,00378746,0,1,1,4294967295,0,0
objRing,61596,492,0001C2DD,0,1,1,4294967295,0,0
objRing,61640,528,0023B54B,0,1,1,4294967295,0,0
objRing,61660,584,0019AEF7,0,1,1,4294967295,0,0
objRing,61656,924,00095709,0,1,1,4294967295,0,0
objRing,61668,976,0012C31C,0,1,1,4294967295,0,0
objRing,61704,1020,00144720,0,1,1,4294967295,0,0
objRing,61756,1036,00093EE2,0,1,1,4294967295,0,0
objRing,63692,376,001801E0,0,1,1,4294967295,0,0
objRing,63692,460,00390E67,0,1,1,4294967295,0,0
objRing,63692,512,000B1CB3,0,1,1,4294967295,0,0
objRing,63692,564,00367090,0,1,1,4294967295,0,0
objRing,63692,620,00053ACB,0,1,1,4294967295,0,0
objRing,63692,672,003D1FAB,0,1,1,4294967295,0,0
objRing,64420,1040,003AE6BE,0,1,1,4294967295,0,0
objRing,64468,1040,002F6A06,0,1,1,4294967295,0,0
objRing,64516,1040,002615A8,0,1,1,4294967295,0,0
objRing,64564,1040,002FFECC,0,1,1,4294967295,0,0
objRing,64804,1040,003710AF,0,1,1,4294967295,0,0
objRing,64828,1020,00033EA4,0,1,1,4294967295,0,0
objRing,64852,1040,000EE328,0,1,1,4294967295,0,0
objRing,64876,1020,001A4D62,0,1,1,4294967295,0,0
objRing,64900,1040,003E3426,0,1,1,4294967295,0,0
objRing,70884,612,003AF65C,0,1,1,4294967295,0,0
objRing,70924,612,002E464A,0,1,1,4294967295,0,0
objRing,70964,612,0026ED47,0,1,1,4294967295,0,0
objRing,74428,860,00293BB2,0,1,1,4294967295,0,0
objRing,74380,860,00153437,0,1,1,4294967295,0,0
objRing,74332,860,003B8F69,0,1,1,4294967295,0,0
objRing,74284,860,003F182C,0,1,1,4294967295,0,0
objRing,73704,916,0016C4EA,0,1,1,4294967295,0,0
objRing,73668,888,002A5762,0,1,1,4294967295,0,0
objRing,73672,836,0019A44B,0,1,1,4294967295,0,0
objRing,73716,836,00200EC6,0,1,1,4294967295,0,0
objRing,74160,1160,0032D4A8,0,1,1,4294967295,0,0
objRing,74212,1136,001DA744,0,1,1,4294967295,0,0
objRing,74248,1092,00160165,0,1,1,4294967295,0,0
objRing,74248,1020,00017961,0,1,1,4294967295,0,0
objRing,74212,980,000E5E27,0,1,1,4294967295,0,0
objRing,74156,960,00245691,0,1,1,4294967295,0,0
objRing,72360,240,003E870C,0,1,1,4294967295,0,0
objRing,72400,240,0031AFA0,0,1,1,4294967295,0,0
objRing,72440,240,000C6D3F,0,1,1,4294967295,0,0
objRing,72720,240,002A6DF3,0,1,1,4294967295,0,0
objRing,72760,240,001A8553,0,1,1,4294967295,0,0
objRing,73120,240,001F6CD9,0,1,1,4294967295,0,0
objRing,73040,240,0032B701,0,1,1,4294967295,0,0
objRing,73080,240,0038ACAB,0,1,1,4294967295,0,0
objRing,72680,240,00238B46,0,1,1,4294967295,0,0
objRing,71400,712,001B9CB3,0,1,1,4294967295,0,0
objRing,71360,712,0004A37C,0,1,1,4294967295,0,0
objRing,71440,712,00080E93,0,1,1,4294967295,0,0
objRing,71320,712,00238FED,0,1,1,4294967295,0,0
objRing,71680,712,0023E908,0,1,1,4294967295,0,0
objRing,71720,712,001C9934,0,1,1,4294967295,0,0
objRing,71680,684,00047BA4,0,1,1,4294967295,0,0
objRing,71720,684,0039E04B,0,1,1,4294967295,0,0
objRing,71760,712,0021F772,0,1,1,4294967295,0,0
objRing,71760,684,00006485,0,1,1,4294967295,0,0
objRing,67932,1036,00097E62,0,1,1,4294967295,0,0
objRing,67988,1016,000CD44E,0,1,1,4294967295,0,0
objRing,68020,980,00149E3C,0,1,1,4294967295,0,0
objRing,68036,916,000C7E82,0,1,1,4294967295,0,0
objRing,68020,412,003CE6B7,0,1,1,4294967295,0,0
objRing,67984,372,00079C3C,0,1,1,4294967295,0,0
objRing,68032,460,002A189C,0,1,1,4294967295,0,0
objRing,67932,356,0010F3F4,0,1,1,4294967295,0,0
objRing,67404,356,003212CD,0,1,1,4294967295,0,0
objRing,67348,372,000A04B7,0,1,1,4294967295,0,0
objRing,67312,404,00217CE5,0,1,1,4294967295,0,0
objRing,67292,452,001906FC,0,1,1,4294967295,0,0
objRing,67292,564,0019101A,0,1,1,4294967295,0,0
objRing,67304,620,000A361E,0,1,1,4294967295,0,0
objRing,67336,656,001CDDDD,0,1,1,4294967295,0,0
objRing,67396,676,001CEACC,0,1,1,4294967295,0,0
objRing,68588,676,00042A73,0,1,1,4294967295,0,0
objRing,68636,676,0030AEC7,0,1,1,4294967295,0,0
objRing,68684,676,0017F89B,0,1,1,4294967295,0,0
objRing,68732,676,00325CD3,0,1,1,4294967295,0,0
objRing,16765,1160,00262070,0,1,1,4294967295,0,0
objRing,16810,1160,000906DB,0,1,1,4294967295,0,0
objRing,16855,1160,000CB438,0,1,1,4294967295,0,0
objRing,17310,1160,001DDC3A,0,1,1,4294967295,0,0
objRing,17350,1160,0035F438,0,1,1,4294967295,0,0
objRing,17390,1160,00365202,0,1,1,4294967295,0,0
objRing,41320,325,001BB616,0,1,1,4294967295,0,0
objRing,41375,345,0039AE80,0,1,1,4294967295,0,0
objRing,41430,365,0039DCD9,0,1,1,4294967295,0,0
objRing,41490,385,001ED162,0,1,1,4294967295,0,0
objRing,62565,80,001F5F44,0,1,1,4294967295,0,0
objRing,62625,80,0031C90D,0,1,1,4294967295,0,0
objRing,62465,80,0005545B,0,1,1,4294967295,0,0
objRing,62365,80,00238796,0,1,1,4294967295,0,0
objRing,62260,80,0021D72F,0,1,1,4294967295,0,0
objRing,62150,80,002CBF5B,0,1,1,4294967295,0,0
objRing,13045,1160,000C322D,0,1,1,4294967295,0,0
objRing,12975,1160,00358F3C,0,1,1,4294967295,0,0
objRing,12910,1160,003B7D2A,0,1,1,4294967295,0,0
objRing,12845,1160,00401A31,0,1,1,4294967295,0,0
objRing,12780,1160,00361AF4,0,1,1,4294967295,0,0
objRing,12255,1130,003A45AB,0,1,1,4294967295,0,0
objRing,12310,1130,0031226D,0,1,1,4294967295,0,0
objRing,12365,1130,002546EC,0,1,1,4294967295,0,0
objSpd8,19560,1165,00353037,0,1,1,4294967295,0,0
objRing,17655,640,003706B8,0,1,1,4294967295,0,0
objRing,17695,640,003A9E84,0,1,1,4294967295,0,0
objRing,17740,640,003340F2,0,1,1,4294967295,0,0
objRing,39370,1115,002DAA4B,0,1,1,4294967295,0,0
objRing,39420,1115,000F3E2D,0,1,1,4294967295,0,0
objRing,39470,1115,00259FAA,0,1,1,4294967295,0,0
objRailBooster,49020,805,002C1EE9,0,1,1,4294967295,0,0
objEnemyC1,74525,620,000B8961,0,1,1,4294967295,0,0
objEnemyC2,75070,620,003153A8,0,1,1,4294967295,0,0
objEnemyC3,74525,880,001F62B8,0,1,1,4294967295,0,0
objEnemyC4,75070,880,000625FA,0,1,1,4294967295,0,0
objZipHolder,6970,748,00385F44,0,1,1,4294967295,0,0
objZipHolder2,7450,1073,0019FD08,0,1,1,4294967295,0,0
objGRingRight,27325,1085,00391048,0,1,1,4294967295,0,0
objGRingRight,73185,240,002087A3,0,1,1,4294967295,0,0
objGRingRight,73625,835,002C4502,0,1,1,4294967295,0,0
objGRingRight,70770,595,002F1B05,0,1,1,4294967295,0,0
objGRingLeft,11290,588,000F5117,0,1,1,4294967295,0,0
objGRingLeft,11290,792,0025F665,0,1,1,4294967295,0,0
objGRingLeft,11725,816,002EEEC3,0,1,1,4294967295,0,0
objGRingLeft,11715,532,00359CAC,0,1,1,4294967295,0,0
objGRingUp,17550,780,000DBDBC,0,1,1,4294967295,0,0
objGRingUp,17550,720,0034123C,0,1,1,4294967295,0,0
objGRingUp,37065,1044,0021004B,0,1,1,4294967295,0,0
objGRingUp,37135,1044,0003B115,0,1,1,4294967295,0,0
objGRingUp,37135,948,00106ED1,0,1,1,4294967295,0,0
objGRingUp,37135,860,00261164,0,1,1,4294967295,0,0
objGRingUp,37135,780,0001E140,0,1,1,4294967295,0,0
objGRingUp,37065,780,0017AAAB,0,1,1,4294967295,0,0
objGRingUp,37065,948,00401976,0,1,1,4294967295,0,0
objGRingUp,37065,860,00393AC7,0,1,1,4294967295,0,0
objGRingUp,26325,595,002ED281,0,1,1,4294967295,0,0
objGRingUp,75685,1160,000C50E8,0,1,1,4294967295,0,0
objGRingDown,11505,604,000B210B,0,1,1,4294967295,0,0
objGRingDown,11510,748,000AD933,0,1,1,4294967295,0,0
objGRingDown,11510,884,0028EEF9,0,1,1,4294967295,0,0
objGRingDown,64215,905,003B8E3E,0,1,1,4294967295,0,0
objGRingDown,61380,435,00382DF5,0,1,1,4294967295,0,0
objRainbowRingR,61000,435,000737A0,0,1,1,4294967295,0,0
objRainbowRT,34088,876,0005B59E,0,1,1,4294967295,0,0
objRingDashRD,38950,705,00235097,0,1,1,4294967295,0,0
objRingDashRD,71975,290,00105B23,0,1,1,4294967295,0,0
objRingDashRU,72105,430,0026EC4D,0,1,1,4294967295,0,0
objRingDashLU,73735,955,003446F0,0,1,1,4294967295,0,0
objGRingUp,70770,670,003F1477,0,1,1,4294967295,0,0
objGRingDown,16595,715,00038F57,0,1,1,4294967295,0,0
objGRingDown,16595,775,003226CF,0,1,1,4294967295,0,0
objGRingDown,16595,835,0016E420,0,1,1,4294967295,0,0
objGRingUp,27295,1170,0008F627,0,1,1,4294967295,0,0
objGRingUp,75815,1160,00234214,0,1,1,4294967295,0,0
objGRingUp,75750,1160,000B564E,0,1,1,4294967295,0,0
objWS1,29052,92,0004CB2A,0,1,1,4294967295,0,0
objWS2,29148,92,00364B4E,0,1,1,4294967295,0,0
objWS3,29275,144,003112DF,0,1,1,4294967295,0,0
objWS3,29339,208,00143D45,0,1,1,4294967295,0,0
objWS3,29403,272,000C02F1,0,1,1,4294967295,0,0
objWS3,29467,336,000086B6,0,1,1,4294967295,0,0
objWS3,29531,400,0006D44C,0,1,1,4294967295,0,0
objWS3,29595,464,000EA413,0,1,1,4294967295,0,0
objWS3,29659,528,00275676,0,1,1,4294967295,0,0
objWS3,29723,592,0031595C,0,1,1,4294967295,0,0
objWS3,29787,656,002EDCD9,0,1,1,4294967295,0,0
objWS3,29851,720,002FCF34,0,1,1,4294967295,0,0
objWS3,29915,784,0025882D,0,1,1,4294967295,0,0
objWS4,29979,848,001FE1C1,0,1,1,4294967295,0,0
objWS1,30104,924,0010B4C4,0,1,1,4294967295,0,0
objWS1,30200,924,0024F9BB,0,1,1,4294967295,0,0
objWS1,30296,924,0011A558,0,1,1,4294967295,0,0
objWS1,30392,924,0036D795,0,1,1,4294967295,0,0
objWS1,30488,924,00305E9D,0,1,1,4294967295,0,0
objWS1,32104,864,00206467,0,1,1,4294967295,0,0
objWS1,32200,864,003A7D5C,0,1,1,4294967295,0,0
objWS1,32296,864,00139E5A,0,1,1,4294967295,0,0
objWS2,32392,864,003E04C2,0,1,1,4294967295,0,0
objWS3,32519,916,000DA577,0,1,1,4294967295,0,0
objWS3,32583,980,000752EF,0,1,1,4294967295,0,0
objWS4,32647,1044,00321D88,0,1,1,4294967295,0,0
objWS1,32772,1120,0014FCC5,0,1,1,4294967295,0,0
objWS1,32864,1120,0023CEA8,0,1,1,4294967295,0,0
objWS1,32960,1120,001DD073,0,1,1,4294967295,0,0
objWS1,33056,1120,0018815E,0,1,1,4294967295,0,0
objWS1,32800,896,000D1920,0,1,1,4294967295,0,0
objWS1,32896,896,00155826,0,1,1,4294967295,0,0
objWS1,32992,896,001FA1E3,0,1,1,4294967295,0,0
objWS1,33152,1120,0015C7DE,0,1,1,4294967295,0,0
objWS1,33248,1120,0014AFB6,0,1,1,4294967295,0,0
objWS1,33088,896,003489A8,0,1,1,4294967295,0,0
objWS1,33184,896,0027CD22,0,1,1,4294967295,0,0
objWS1,33280,896,0026F06B,0,1,1,4294967295,0,0
objWS1,33376,896,001D29E8,0,1,1,4294967295,0,0
objWS1,33344,1120,002A7E87,0,1,1,4294967295,0,0
objWS1,33440,1120,003044BF,0,1,1,4294967295,0,0
objWS1,33536,1120,0032791D,0,1,1,4294967295,0,0
objWS1,33472,896,002F422A,0,1,1,4294967295,0,0
objWS1,33568,896,0039500F,0,1,1,4294967295,0,0
objWS1,33664,896,0021C8AA,0,1,1,4294967295,0,0
objWS1,33632,1120,00137622,0,1,1,4294967295,0,0
objWS1,33728,1120,000DD312,0,1,1,4294967295,0,0
objWS1,33824,1120,0006CF90,0,1,1,4294967295,0,0
objWS1,33920,1120,001C9648,0,1,1,4294967295,0,0
objWS1,34016,1120,00402684,0,1,1,4294967295,0,0
objWS1,34112,1120,002023A5,0,1,1,4294967295,0,0
objWS1,34304,1120,00087F48,0,1,1,4294967295,0,0
objWS1,34400,1120,0017EBD3,0,1,1,4294967295,0,0
objWS1,34496,1120,0023C858,0,1,1,4294967295,0,0
objWS1,34592,1120,0026CD13,0,1,1,4294967295,0,0
objWS1,34688,1120,002DC83B,0,1,1,4294967295,0,0
objWS1,34784,1120,0008B27C,0,1,1,4294967295,0,0
objWS1,34880,1120,001D4D4C,0,1,1,4294967295,0,0
objWS1,34976,1120,0017165F,0,1,1,4294967295,0,0
objWS1,35168,1120,0000210A,0,1,1,4294967295,0,0
objWS1,35264,1120,000DBEC5,0,1,1,4294967295,0,0
objWS1,35360,1120,001612BC,0,1,1,4294967295,0,0
objWS1,35456,1120,00004DA2,0,1,1,4294967295,0,0
objWS1,35552,1120,003C2933,0,1,1,4294967295,0,0
objWS1,35648,1120,0030287F,0,1,1,4294967295,0,0
objWS1,35744,1120,00018B13,0,1,1,4294967295,0,0
objWS1,35840,1120,00337B51,0,1,1,4294967295,0,0
objWS1,35936,1120,00305D31,0,1,1,4294967295,0,0
objWS1,36128,1120,001724E5,0,1,1,4294967295,0,0
objWS1,36224,1120,001E7183,0,1,1,4294967295,0,0
objWS1,36320,1120,0032C93D,0,1,1,4294967295,0,0
objWS1,36416,1120,000E9F6A,0,1,1,4294967295,0,0
objWS1,36512,1120,001FFDCF,0,1,1,4294967295,0,0
objWS1,36608,1120,0023997A,0,1,1,4294967295,0,0
objWS1,36704,1120,0003A2A8,0,1,1,4294967295,0,0
objWS1,36800,1120,001A915C,0,1,1,4294967295,0,0
objWS1,34208,1120,0014F1A8,0,1,1,4294967295,0,0
objWS1,35072,1120,001668DA,0,1,1,4294967295,0,0
objWS1,36032,1120,00063E27,0,1,1,4294967295,0,0
objWSTunnel,32856,1096,003BAC10,0,1,1,4294967295,0,0
objWSTunnel,33024,1096,00171747,0,1,1,4294967295,0,0
objWSTunnel,33192,1096,0012F49E,0,1,1,4294967295,0,0
objWSTunnel,33364,1096,000A5E42,0,1,1,4294967295,0,0
objWoodBox,5985,772,00062D0D,0,1,1,4294967295,0,0
objWoodBox,19640,420,00163513,0,1,1,4294967295,0,0
objWoodBox,19165,420,0021FD03,0,1,1,4294967295,0,0
objWoodBox,19110,420,002B1D9D,0,1,1,4294967295,0,0
objWoodBox,58880,700,001ED612,0,1,1,4294967295,0,0
objWoodBox,58880,650,0007FD9C,0,1,1,4294967295,0,0
objWoodBox,58625,700,0007B1A1,0,1,1,4294967295,0,0
objWoodBox,58625,650,0004F4AD,0,1,1,4294967295,0,0
objWoodBox,59140,700,00271F07,0,1,1,4294967295,0,0
objWoodBox,59140,650,001CD97F,0,1,1,4294967295,0,0
objWoodBox,72145,675,00075696,0,1,1,4294967295,0,0
objWoodBox,72245,675,0031581E,0,1,1,4294967295,0,0
objWaterLine,10360,1000,003CB4A5,0,1,1,4294967295,0,0
objWaterLine,10712,1000,00003093,0,1,1,4294967295,0,0
objWaterLine,11064,1000,00240A47,0,1,1,4294967295,0,0
objWaterLine,11416,1000,003874E5,0,1,1,4294967295,0,0
objWaterLine,11768,1000,0018A0BE,0,1,1,4294967295,0,0
objWaterLine,12120,1000,000669B7,0,1,1,4294967295,0,0
objWaterLine,12472,1000,003C4F17,0,1,1,4294967295,0,0
objWaterLine,12824,1000,0007E928,0,1,1,4294967295,0,0
objElev3,19928,48,003605E6,0,1,1,4294967295,0,0
objElev3,19928,112,00331333,0,1,1,4294967295,0,0
objElev3,19928,176,002A6A7D,0,1,1,4294967295,0,0
objElev3,19928,240,004041AC,0,1,1,4294967295,0,0
objElev3,19928,304,002E0E02,0,1,1,4294967295,0,0
objElev3,19928,368,00198EC1,0,1,1,4294967295,0,0
objElev3,19928,432,0024DB99,0,1,1,4294967295,0,0
objElev3,19928,496,003F0101,0,1,1,4294967295,0,0
objElev3,19928,560,00127FC6,0,1,1,4294967295,0,0
objElev3,19928,624,0027E185,0,1,1,4294967295,0,0
objElev3,19928,688,00288F2B,0,1,1,4294967295,0,0
objElev3,19928,752,0023268F,0,1,1,4294967295,0,0
objElev3,19928,816,0014BE7B,0,1,1,4294967295,0,0
objElev3,19928,880,003607DD,0,1,1,4294967295,0,0
objElev3,19928,944,00099D34,0,1,1,4294967295,0,0
objElev3,19928,1008,000BADCC,0,1,1,4294967295,0,0
objElev3,19928,1072,001E0943,0,1,1,4294967295,0,0
objElev3,19928,1116,000E0C2A,0,1,1,4294967295,0,0
objElev4,19912,112,001578E1,0,1,1,4294967295,0,0
objElev4,19912,144,002B0AF1,0,1,1,4294967295,0,0
objElev4,19912,176,000CC275,0,1,1,4294967295,0,0
objElev4,19912,208,0029E996,0,1,1,4294967295,0,0
objElev4,19912,240,003F4F7E,0,1,1,4294967295,0,0
objElev4,19912,272,0014DB28,0,1,1,4294967295,0,0
objElev4,19912,304,001932F7,0,1,1,4294967295,0,0
objElev4,19912,336,00337EC1,0,1,1,4294967295,0,0
objElev4,19912,368,00242818,0,1,1,4294967295,0,0
objElev4,19912,400,00401A37,0,1,1,4294967295,0,0
objElev4,19912,432,00337887,0,1,1,4294967295,0,0
objElev4,19912,1084,002B0529,0,1,1,4294967295,0,0
objElev4,19912,1052,0001E1E8,0,1,1,4294967295,0,0
objElev4,19912,1020,003EBC8D,0,1,1,4294967295,0,0
objElev4,19912,988,003FBBDB,0,1,1,4294967295,0,0
objElev4,19912,956,001E7F3F,0,1,1,4294967295,0,0
objElev4,19912,924,00092D47,0,1,1,4294967295,0,0
objElev4,19912,892,0008C77A,0,1,1,4294967295,0,0
objElev4,19912,860,0022815F,0,1,1,4294967295,0,0
objElev4,19912,828,003311CD,0,1,1,4294967295,0,0
objElev4,19912,796,0007B6F0,0,1,1,4294967295,0,0
objElev4,19912,764,003D50B0,0,1,1,4294967295,0,0
objElev4,19912,732,0020A744,0,1,1,4294967295,0,0
objElev4,19912,700,000E3AD2,0,1,1,4294967295,0,0
objElev4,19912,668,00366906,0,1,1,4294967295,0,0
objElev4,19912,636,000EF477,0,1,1,4294967295,0,0
objElev4,19912,604,00247808,0,1,1,4294967295,0,0
objElev4,19912,572,00008DAA,0,1,1,4294967295,0,0
objElev4,19912,540,00033C2A,0,1,1,4294967295,0,0
objElev4,19912,508,002AE963,0,1,1,4294967295,0,0
objElev4,19912,476,000D362A,0,1,1,4294967295,0,0
objElev4,19912,456,001CAE2D,0,1,1,4294967295,0,0
objElev5,20008,1084,00076281,0,1,1,4294967295,0,0
objElev5,20008,1052,0026086A,0,1,1,4294967295,0,0
objElev5,20008,1020,003B3B71,0,1,1,4294967295,0,0
objElev5,20008,988,003CE5EC,0,1,1,4294967295,0,0
objElev5,20008,956,001CEFD9,0,1,1,4294967295,0,0
objElev5,20008,924,00219931,0,1,1,4294967295,0,0
objElev5,20008,892,001929EC,0,1,1,4294967295,0,0
objElev5,20008,860,0005458E,0,1,1,4294967295,0,0
objElev5,20008,828,00265326,0,1,1,4294967295,0,0
objElev5,20008,796,00179091,0,1,1,4294967295,0,0
objElev5,20008,764,003B6D14,0,1,1,4294967295,0,0
objElev5,20008,732,000293D1,0,1,1,4294967295,0,0
objElev5,20008,704,001ED3DD,0,1,1,4294967295,0,0
objElev5,20008,48,0018ED26,0,1,1,4294967295,0,0
objElev5,20008,80,00303C46,0,1,1,4294967295,0,0
objElev5,20008,112,0010C3D1,0,1,1,4294967295,0,0
objElev5,20008,144,001FD2D9,0,1,1,4294967295,0,0
objElev5,20008,176,00139D80,0,1,1,4294967295,0,0
objElev5,20008,208,003C4DB7,0,1,1,4294967295,0,0
objElev5,20008,240,000D8B2F,0,1,1,4294967295,0,0
objElev5,20008,272,0015815B,0,1,1,4294967295,0,0
objElev5,20008,304,0007F2C1,0,1,1,4294967295,0,0
objElev5,20008,336,003FADA7,0,1,1,4294967295,0,0
objElev5,20008,368,0023145F,0,1,1,4294967295,0,0
objElev5,20008,400,002F3960,0,1,1,4294967295,0,0
objElev5,20008,432,00240628,0,1,1,4294967295,0,0
objElev5,20008,464,001A91D5,0,1,1,4294967295,0,0
objElev5,20008,496,000918C6,0,1,1,4294967295,0,0
objElev5,20008,672,002457DE,0,1,1,4294967295,0,0
objElev5,20008,640,000B425C,0,1,1,4294967295,0,0
objElev5,20008,612,0033A241,0,1,1,4294967295,0,0
objElev5,20008,580,002EABD3,0,1,1,4294967295,0,0
objElev5,20008,528,003BDDD2,0,1,1,4294967295,0,0
objElev5,20008,560,00243EBE,0,1,1,4294967295,0,0
objElev5,20008,16,00106B2E,0,1,1,4294967295,0,0
objElev4,19912,16,000663F0,0,1,1,4294967295,0,0
objElev3,19928,16,000D5759,0,1,1,4294967295,0,0
objElev4,19912,30,000E7EBA,0,1,1,4294967295,0,0
objElev4,19912,1096,00089581,0,1,1,4294967295,0,0
objElev5,20008,1097,000B39F0,0,1,1,4294967295,0,0
objWaterLine,29152,1148,000BAF07,0,1,1,4294967295,0,0
objWaterLine,29504,1148,003DC37F,0,1,1,4294967295,0,0
objWaterLine,29856,1148,00204249,0,1,1,4294967295,0,0
objWaterLine,30208,1148,0014DB1B,0,1,1,4294967295,0,0
objWaterLine,30560,1148,002E9AD7,0,1,1,4294967295,0,0
objWaterLine,30912,1148,003AB015,0,1,1,4294967295,0,0
objWaterLine,31264,1148,00312B98,0,1,1,4294967295,0,0
objWaterLine,31616,1148,00315AF1,0,1,1,4294967295,0,0
objWaterLine,31968,1148,002A959D,0,1,1,4294967295,0,0
objWaterLine,32320,1148,00272178,0,1,1,4294967295,0,0
objWaterLine,32672,1148,001415C2,0,1,1,4294967295,0,0
objWaterLine,33024,1148,003F1048,0,1,1,4294967295,0,0
objWaterLine,33376,1148,0031408C,0,1,1,4294967295,0,0
objWaterLine,33728,1148,00273D3F,0,1,1,4294967295,0,0
objWaterLine,34080,1148,000DDBF4,0,1,1,4294967295,0,0
objWaterLine,34432,1148,0017A44D,0,1,1,4294967295,0,0
objWaterLine,34784,1148,0002B40A,0,1,1,4294967295,0,0
objWaterLine,35136,1148,0028F9A3,0,1,1,4294967295,0,0
objWaterLine,35488,1148,00117F62,0,1,1,4294967295,0,0
objWaterLine,35840,1148,002B2E82,0,1,1,4294967295,0,0
objWaterLine,36192,1148,002F1150,0,1,1,4294967295,0,0
objWaterLine,36544,1148,001126B8,0,1,1,4294967295,0,0
objWaterLine,71060,730,003CE568,0,1,1,4294967295,0,0
objWaterLine,71412,730,0037C572,0,1,1,4294967295,0,0
objWaterLine,71764,730,002D5BE3,0,1,1,4294967295,0,0
objWaterLine,72116,730,0024CAF1,0,1,1,4294967295,0,0
objWaterLine,72468,730,00006924,0,1,1,4294967295,0,0
objWaterLine,72820,730,0020FE0C,0,1,1,4294967295,0,0
objWaterLine,73172,730,000A24E1,0,1,1,4294967295,0,0
objWaterLine,73524,730,001408C2,0,1,1,4294967295,0,0
objWaterLine,73876,730,003906AE,0,1,1,4294967295,0,0
objWaterLine,74228,730,003355CD,0,1,1,4294967295,0,0
objWaterLine,74580,730,0032EB54,0,1,1,4294967295,0,0
objWaterLine,74932,730,00216EFE,0,1,1,4294967295,0,0
objWaterLine,75284,730,0006F769,0,1,1,4294967295,0,0
objWaterLine,75636,730,0031D374,0,1,1,4294967295,0,0
objWaterLine,75988,730,003A26CE,0,1,1,4294967295,0,0
objWaterLine,76340,730,0027F902,0,1,1,4294967295,0,0
objWaterLine,76692,730,0010C856,0,1,1,4294967295,0,0
objWaterLine,77044,730,0020276D,0,1,1,4294967295,0,0
objWaterLine,77396,730,0002D07B,0,1,1,4294967295,0,0
objWaterLine,77748,730,001AC427,0,1,1,4294967295,0,0
objElev4,19912,1128,00186AD2,0,1,1,4294967295,0,0
objElev4,19912,1148,00053647,0,1,1,4294967295,0,0
objController,25,400,000AC10F,0,1,1,4294967295,0,0
