sunobjL,1312,663,0004A994,0,1,1,4294967295,0,0
objGoal,2032,624,002C9EA6,0,1,1,4294967295,0,0
obj_Lv0Block01,96,120,0003DD32,0,1,1,4294967295,0,0
obj_Lv0Block01,64,120,003CE4B6,0,1,1,4294967295,0,0
obj_Lv0Block01,32,120,001721B8,0,1,1,4294967295,0,0
obj_Lv0Block01,0,120,00003D8C,0,1,1,4294967295,0,0
obj_Lv0Block01,128,120,0038034E,0,1,1,4294967295,0,0
obj_Lv0Block01,160,120,000CC41F,0,1,1,4294967295,0,0
obj_Lv0Block01,192,120,000A1835,0,1,1,4294967295,0,0
obj_Lv0Block01,864,552,00340566,0,1,1,4294967295,0,0
obj_Lv0Block01,896,552,00232FE0,0,1,1,4294967295,0,0
obj_Lv0Block01,832,552,002C8D97,0,1,1,4294967295,0,0
obj_Lv0Block01,832,584,002F67BA,0,1,1,4294967295,0,0
obj_Lv0Block01,864,584,001BD18D,0,1,1,4294967295,0,0
obj_Lv0Block01,832,616,0039FDC4,0,1,1,4294967295,0,0
obj_Lv0Block01,864,616,00338353,0,1,1,4294967295,0,0
obj_Lv0Block01,896,584,00061C68,0,1,1,4294967295,0,0
obj_Lv0Block01,896,616,003F3595,0,1,1,4294967295,0,0
obj_Lvl0Block02,928,552,003C001D,0,1,1,4294967295,0,0
obj_Lvl0Block02,1024,600,0021B680,0,1,1,4294967295,0,0
obj_Lvl0Block02,1120,648,001AE726,0,1,1,4294967295,0,0
obj_Lv0Block01,992,600,0020D797,0,1,1,4294967295,0,0
obj_Lv0Block01,960,600,003E90E7,0,1,1,4294967295,0,0
obj_Lv0Block01,1088,648,003F7207,0,1,1,4294967295,0,0
obj_Lv0Block01,1056,648,00233E13,0,1,1,4294967295,0,0
obj_Lv0Block01,1024,648,00207C9A,0,1,1,4294967295,0,0
obj_Lv0Block01,992,632,003B0252,0,1,1,4294967295,0,0
obj_Lv0Block01,960,632,000280BA,0,1,1,4294967295,0,0
obj_Lv0Block01,1088,680,0013FAF2,0,1,1,4294967295,0,0
obj_Lv0Block01,1120,696,000C70CA,0,1,1,4294967295,0,0
obj_Lv0Block01,1152,696,0006F26E,0,1,1,4294967295,0,0
obj_Lv0Block01,1184,696,00168120,0,1,1,4294967295,0,0
obj_Lv0Block01,928,600,003EE581,0,1,1,4294967295,0,0
obj_Lv0Block01,928,632,003355EB,0,1,1,4294967295,0,0
obj_Lv0Block01,1480,528,002D4E8E,0,1,1,4294967295,0,0
obj_Lv0Block01,1336,520,00306730,0,1,1,4294967295,0,0
obj_Lv0Block01,1368,520,000771BE,0,1,1,4294967295,0,0
obj_Lv0Block01,1400,520,001080BE,0,1,1,4294967295,0,0
obj_Lv0Block01,1448,520,001BB46F,0,1,1,4294967295,0,0
obj_Lv0Block01,1432,520,0004EC77,0,1,1,4294967295,0,0
obj_Lv0Block01,1480,520,0023BD4E,0,1,1,4294967295,0,0
obj_Lv0Block01,1304,520,00173019,0,1,1,4294967295,0,0
objLayerSwitch,1400,584,003EF684,0,1,1,4294967295,0,0
objLayerToLow,1296,696,001F21E3,0,1,1,4294967295,0,0
objLayerToHigh,1504,696,000E05FF,0,1,1,4294967295,0,0
object69,1600,680,003B9DBC,0,1,1,4294967295,0,0
obj_Lv0Block01,1672,664,002A8A31,0,1,1,4294967295,0,0
obj_Lv0Block01,1672,696,0011BC40,0,1,1,4294967295,0,0
obj_Lv0Block01,1672,632,002DA27D,0,1,1,4294967295,0,0
obj_Lv0Block01,1672,600,001560A3,0,1,1,4294967295,0,0
obj_Lv0Block01,1672,568,0002BB3F,0,1,1,4294967295,0,0
obj_Lv0Block01,1672,536,0004F5BA,0,1,1,4294967295,0,0
obj_Lv0Block01,1672,504,001BC1FB,0,1,1,4294967295,0,0
obj_Lv0Block01,1672,472,000925B1,0,1,1,4294967295,0,0
obj_Lv0Block01,1672,440,0032558C,0,1,1,4294967295,0,0
object67,1600,440,003D0876,0,1,1,4294967295,0,0
obj_Lv0Block01,1672,408,002C727F,0,1,1,4294967295,0,0
obj_Lv0Block01,1640,408,0026C096,0,1,1,4294967295,0,0
obj_Lv0Block01,1608,408,00134765,0,1,1,4294967295,0,0
obj_Lv0Block01,1576,408,0037487B,0,1,1,4294967295,0,0
obj_Lv0Block01,1544,408,003A2FE1,0,1,1,4294967295,0,0
obj_Lv0Block01,1512,408,003D71D3,0,1,1,4294967295,0,0
obj_Lv0Block01,1480,408,002612EF,0,1,1,4294967295,0,0
obj_Lv0Block01,1448,408,000F1727,0,1,1,4294967295,0,0
obj_Lv0Block01,1416,408,002E9172,0,1,1,4294967295,0,0
obj_Lv0Block01,1384,408,002C5095,0,1,1,4294967295,0,0
obj_Lv0Block01,1272,408,003FC712,0,1,1,4294967295,0,0
obj_Lv0Block01,1480,488,0014AF1D,0,1,1,4294967295,0,0
obj_Lv0Block01,1272,520,003F8238,0,1,1,4294967295,0,0
obj_Lv0Block01,1240,520,0020C371,0,1,1,4294967295,0,0
obj_Lvl0Block02,1144,472,001A3F91,0,1,1,4294967295,0,0
obj_Lv0Block01,1208,520,00128523,0,1,1,4294967295,0,0
obj_Lv0Block01,1176,520,002344F4,0,1,1,4294967295,0,0
obj_Lv0Block01,1144,520,00038634,0,1,1,4294967295,0,0
obj_Lv0Block01,1112,488,0014F3AF,0,1,1,4294967295,0,0
obj_Lv0Block01,1112,520,0010429A,0,1,1,4294967295,0,0
obj_Lvl0Block03,1080,408,0015FB5F,0,1,1,4294967295,0,0
obj_Lvl0Block04,1048,344,0012BBD6,0,1,1,4294967295,0,0
obj_Lv0Block01,1016,312,003F3EA0,0,1,1,4294967295,0,0
obj_Lv0Block01,1016,280,002287F8,0,1,1,4294967295,0,0
obj_Lvl0Block13,1048,216,00282F5B,0,1,1,4294967295,0,0
obj_Lvl0Block12,1080,152,0011F0EA,0,1,1,4294967295,0,0
obj_Lvl0Block11,1144,104,002DDAC1,0,1,1,4294967295,0,0
obj_Lv0Block01,1240,72,00237B39,0,1,1,4294967295,0,0
obj_Lv0Block01,1272,72,0023CC1B,0,1,1,4294967295,0,0
obj_Lv0Block01,1304,72,001103A4,0,1,1,4294967295,0,0
obj_Lv0Block01,1336,72,0025FE86,0,1,1,4294967295,0,0
obj_Lv0Block01,1368,72,0011261F,0,1,1,4294967295,0,0
obj_Lv0Block01,1400,72,0029A2B2,0,1,1,4294967295,0,0
obj_Lv0Block01,1432,72,002F064B,0,1,1,4294967295,0,0
obj_Lv0Block01,1432,104,00088792,0,1,1,4294967295,0,0
obj_Lv0Block01,1432,136,002EDCB4,0,1,1,4294967295,0,0
obj_Lv0Block01,1432,168,001479EF,0,1,1,4294967295,0,0
obj_Lv0Block01,1432,200,00353970,0,1,1,4294967295,0,0
obj_Lv0Block01,1432,232,000318E4,0,1,1,4294967295,0,0
obj_Lv0Block01,1432,264,00053654,0,1,1,4294967295,0,0
obj_Lv0Block01,1432,296,003FE294,0,1,1,4294967295,0,0
obj_Lv0Block01,1352,408,003F9D7B,0,1,1,4294967295,0,0
obj_Lv0Block01,1320,408,003577D7,0,1,1,4294967295,0,0
obj_Lv0Block01,1288,408,000809C6,0,1,1,4294967295,0,0
obj_Lv0Block01,1272,376,0005AB3B,0,1,1,4294967295,0,0
obj_Lv0Block01,1272,344,0003D33C,0,1,1,4294967295,0,0
obj_Lv0Block01,1272,312,0013469B,0,1,1,4294967295,0,0
obj_Lv0Block01,1272,280,002CF118,0,1,1,4294967295,0,0
obj_Lv0Block01,1272,224,0014EF70,0,1,1,4294967295,0,0
obj_Lv0Block01,1272,248,0004B1EC,0,1,1,4294967295,0,0
obj_Lv0Block01,1112,472,0035C24E,0,1,1,4294967295,0,0
obj_Lv0Block01,1080,472,00289E72,0,1,1,4294967295,0,0
obj_Lv0Block01,1048,408,0022FDCC,0,1,1,4294967295,0,0
obj_Lv0Block01,1016,344,000D13CC,0,1,1,4294967295,0,0
obj_Lv0Block01,1080,504,0016B63D,0,1,1,4294967295,0,0
obj_Lv0Block01,1048,440,001EA71B,0,1,1,4294967295,0,0
obj_Lv0Block01,1016,376,002E8C7B,0,1,1,4294967295,0,0
obj_Lv0Block01,1016,248,001D2B35,0,1,1,4294967295,0,0
obj_Lv0Block01,1016,216,002BB87C,0,1,1,4294967295,0,0
obj_Lv0Block01,1048,184,000C2E0A,0,1,1,4294967295,0,0
obj_Lv0Block01,1048,152,002C8737,0,1,1,4294967295,0,0
obj_Lv0Block01,1112,120,0025EC8F,0,1,1,4294967295,0,0
obj_Lv0Block01,1080,120,000E35B0,0,1,1,4294967295,0,0
obj_Lv0Block01,1112,88,00233729,0,1,1,4294967295,0,0
obj_Lv0Block01,1208,72,0021D4BF,0,1,1,4294967295,0,0
obj_Lv0Block01,1176,72,00354A7A,0,1,1,4294967295,0,0
obj_Lv0Block01,1144,72,00055F26,0,1,1,4294967295,0,0
obj_Lv0Block01,1016,408,0009E3D4,0,1,1,4294967295,0,0
obj_Lv0Block01,1048,472,002FD944,0,1,1,4294967295,0,0
obj_Lv0Block01,1016,440,00227790,0,1,1,4294967295,0,0
obj_Lv0Block01,1048,504,00059A01,0,1,1,4294967295,0,0
obj_Lv0Block01,1656,376,003077A4,0,1,1,4294967295,0,0
obj_Lv0Block01,1656,344,0034475C,0,1,1,4294967295,0,0
obj_Lv0Block01,1656,312,001F33CB,0,1,1,4294967295,0,0
obj_Lv0Block01,1656,280,000B3A1A,0,1,1,4294967295,0,0
objSpringUp,1640,392,00314402,0,1,1,4294967295,0,0
objDasherLeft,872,536,0004E5BA,0,1,1,4294967295,0,0
objDasherLeft,1560,728,000C7855,0,1,1,4294967295,0,0
objDasherRight,1240,504,000DC095,0,1,1,4294967295,0,0
obj_Lv0Block01,1688,280,000D7D65,0,1,1,4294967295,0,0
obj_Lv0Block01,1720,280,00340785,0,1,1,4294967295,0,0
obj_Lv0Block01,1464,192,003D1002,0,1,1,4294967295,0,0
obj_Lv0Block01,1496,192,0029906E,0,1,1,4294967295,0,0
obj_Lv0Block01,1528,192,00058F59,0,1,1,4294967295,0,0
obj_Lv0Block01,1560,192,002C0AD0,0,1,1,4294967295,0,0
obj_Lv0Block01,1592,192,000072E4,0,1,1,4294967295,0,0
obj_Lv0Block01,1624,192,000AEBD9,0,1,1,4294967295,0,0
obj_Lvl0Block02,1752,280,0015CE9F,0,1,1,4294967295,0,0
obj_Lvl0Block03,1848,328,00106A0D,0,1,1,4294967295,0,0
obj_Lvl0Block03,1912,392,001D2E91,0,1,1,4294967295,0,0
obj_Lv0Block01,1944,456,000D2B56,0,1,1,4294967295,0,0
obj_Lv0Block01,2072,504,00157E05,0,1,1,4294967295,0,0
obj_Lv0Block01,2040,504,00026D1E,0,1,1,4294967295,0,0
obj_Lv0Block01,2008,504,003F95DD,0,1,1,4294967295,0,0
obj_Lv0Block01,1976,504,003C86D9,0,1,1,4294967295,0,0
obj_Lv0Block01,1944,488,0002C4DD,0,1,1,4294967295,0,0
obj_Lv0Block01,1912,456,00143EC8,0,1,1,4294967295,0,0
obj_Lv0Block01,1880,392,000579E2,0,1,1,4294967295,0,0
obj_Lv0Block01,1848,392,000BA7C5,0,1,1,4294967295,0,0
obj_Lv0Block01,1880,424,0005C9D9,0,1,1,4294967295,0,0
obj_Lv0Block01,1880,456,0002A1A7,0,1,1,4294967295,0,0
obj_Lv0Block01,1912,488,001ABA41,0,1,1,4294967295,0,0
obj_Lv0Block01,1944,520,00243710,0,1,1,4294967295,0,0
obj_Lv0Block01,1976,536,0031B916,0,1,1,4294967295,0,0
obj_Lv0Block01,2008,536,003DF0AE,0,1,1,4294967295,0,0
obj_Lv0Block01,2040,536,00306F3E,0,1,1,4294967295,0,0
obj_Lv0Block01,2072,536,00379A5F,0,1,1,4294967295,0,0
obj_Lv0Block01,1912,520,001380CC,0,1,1,4294967295,0,0
obj_Lv0Block01,1880,488,00204792,0,1,1,4294967295,0,0
obj_Lv0Block01,1848,424,00330697,0,1,1,4294967295,0,0
obj_Lv0Block01,1816,328,0013F7F8,0,1,1,4294967295,0,0
obj_Lv0Block01,1816,360,0012657E,0,1,1,4294967295,0,0
obj_Lv0Block01,1816,392,0037470D,0,1,1,4294967295,0,0
obj_Lv0Block01,1816,424,000A0EEE,0,1,1,4294967295,0,0
obj_Lv0Block01,1784,328,003132FF,0,1,1,4294967295,0,0
obj_Lv0Block01,1784,360,00286FB2,0,1,1,4294967295,0,0
obj_Lv0Block01,1784,392,000EE58E,0,1,1,4294967295,0,0
obj_Lv0Block01,1752,328,00374C2C,0,1,1,4294967295,0,0
obj_Lv0Block01,1752,360,00130CE2,0,1,1,4294967295,0,0
obj_Lv0Block01,1752,392,00124C4D,0,1,1,4294967295,0,0
obj_Lv0Block01,1720,312,000DD987,0,1,1,4294967295,0,0
obj_Lv0Block01,1688,312,0034983B,0,1,1,4294967295,0,0
obj_Lv0Block01,1720,344,0035C9C8,0,1,1,4294967295,0,0
obj_Lv0Block01,1688,344,0020B11C,0,1,1,4294967295,0,0
obj_Lv0Block01,1720,376,00329838,0,1,1,4294967295,0,0
obj_Lv0Block01,1688,376,0009AA88,0,1,1,4294967295,0,0
obj_Lv0Block01,1720,408,003C37DF,0,1,1,4294967295,0,0
obj_Lv0Block01,1688,408,00237304,0,1,1,4294967295,0,0
obj_Lv0Block01,1720,440,001CD745,0,1,1,4294967295,0,0
obj_Lv0Block01,1688,440,00173006,0,1,1,4294967295,0,0
obj_Lv0Block01,1752,440,0035B9FF,0,1,1,4294967295,0,0
obj_Lv0Block01,1784,440,003D8D71,0,1,1,4294967295,0,0
obj_Lv0Block01,1752,424,001A3F61,0,1,1,4294967295,0,0
obj_Lv0Block01,1784,424,002B67AC,0,1,1,4294967295,0,0
obj_Lv0Block01,1816,440,0015DE87,0,1,1,4294967295,0,0
obj_Lv0Block01,1848,440,00394DBC,0,1,1,4294967295,0,0
obj_Lv0Block01,1944,536,0039FB9C,0,1,1,4294967295,0,0
obj_Lv0Block01,1912,536,0005A821,0,1,1,4294967295,0,0
obj_Lv0Block01,1880,536,000F8401,0,1,1,4294967295,0,0
obj_Lv0Block01,1880,520,000A9F78,0,1,1,4294967295,0,0
obj_Lv0Block01,1848,472,00010C01,0,1,1,4294967295,0,0
obj_Lv0Block01,1848,504,003AA148,0,1,1,4294967295,0,0
obj_Lv0Block01,1816,472,001094A0,0,1,1,4294967295,0,0
obj_Lv0Block01,1848,536,00390DA9,0,1,1,4294967295,0,0
obj_Lv0Block01,1816,504,0027ED98,0,1,1,4294967295,0,0
obj_Lv0Block01,1784,472,0038B925,0,1,1,4294967295,0,0
obj_Lv0Block01,2136,504,00240725,0,1,1,4294967295,0,0
obj_Lv0Block01,2168,504,002B90AD,0,1,1,4294967295,0,0
obj_Lv0Block01,2200,504,002F5F35,0,1,1,4294967295,0,0
obj_Lv0Block01,2232,504,003A47BA,0,1,1,4294967295,0,0
obj_Lv0Block01,2264,504,00118D89,0,1,1,4294967295,0,0
obj_Lv0Block01,2264,472,0006E128,0,1,1,4294967295,0,0
obj_Lv0Block01,2264,440,002672CD,0,1,1,4294967295,0,0
obj_Lv0Block01,2264,408,001E29D4,0,1,1,4294967295,0,0
obj_Lv0Block01,2264,376,000CA408,0,1,1,4294967295,0,0
obj_Lv0Block01,2264,344,001A9A60,0,1,1,4294967295,0,0
obj_Lv0Block01,2264,312,00106F28,0,1,1,4294967295,0,0
obj_Lv0Block01,2264,280,00314FB3,0,1,1,4294967295,0,0
obj_Lv0Block01,2264,248,002D52FE,0,1,1,4294967295,0,0
obj_Lv0Block01,2264,216,003938B1,0,1,1,4294967295,0,0
obj_Lv0Block01,2232,216,002043B3,0,1,1,4294967295,0,0
obj_Lv0Block01,2200,216,0012DA6A,0,1,1,4294967295,0,0
obj_Lv0Block01,2168,216,0030B731,0,1,1,4294967295,0,0
obj_Lv0Block01,2136,216,000F5188,0,1,1,4294967295,0,0
obj_Lv0Block01,2104,216,00160589,0,1,1,4294967295,0,0
obj_Lv0Block01,2072,216,00391FF7,0,1,1,4294967295,0,0
obj_Lv0Block01,2040,216,000D1682,0,1,1,4294967295,0,0
obj_Lv0Block01,2008,216,003F2125,0,1,1,4294967295,0,0
obj_Lv0Block01,1976,216,003C3EEA,0,1,1,4294967295,0,0
obj_Lv0Block01,1976,184,001FA619,0,1,1,4294967295,0,0
obj_Lv0Block01,1976,152,002FEA6D,0,1,1,4294967295,0,0
obj_Lv0Block01,1976,120,00235556,0,1,1,4294967295,0,0
obj_Lv0Block01,1976,88,00119847,0,1,1,4294967295,0,0
obj_Lv0Block01,1976,-8,002CDE69,0,1,1,4294967295,0,0
obj_Lv0Block01,2136,536,0008F2A9,0,1,1,4294967295,0,0
obj_Lv0Block01,2072,568,0022CC3F,0,1,1,4294967295,0,0
obj_Lv0Block01,2136,568,0007FC1E,0,1,1,4294967295,0,0
obj_Lv0Block01,2264,184,003A2F2F,0,1,1,4294967295,0,0
obj_Lv0Block01,2264,152,0024A197,0,1,1,4294967295,0,0
obj_Lv0Block01,2264,120,000505BD,0,1,1,4294967295,0,0
obj_Lv0Block01,2264,88,002E2C83,0,1,1,4294967295,0,0
obj_Lv0Block01,2264,56,0022A371,0,1,1,4294967295,0,0
obj_Lv0Block01,2264,24,002794E4,0,1,1,4294967295,0,0
obj_Lv0Block01,2264,-8,0020494D,0,1,1,4294967295,0,0
objSpecialRing,2024,200,0024D19D,0,1,1,4294967295,0,0
objSpecialRing,2048,200,002792B3,0,1,1,4294967295,0,0
objSpecialRing,2072,200,00246283,0,1,1,4294967295,0,0
objSpecialRing,2096,200,0003A557,0,1,1,4294967295,0,0
objSpecialRing,2024,176,002FBFC1,0,1,1,4294967295,0,0
objSpecialRing,2048,176,0012378F,0,1,1,4294967295,0,0
objSpecialRing,2072,176,00215D20,0,1,1,4294967295,0,0
objSpecialRing,2096,176,0021B5D6,0,1,1,4294967295,0,0
objBumper,2232,144,003078A1,0,1,1,4294967295,0,0
objBumper,2176,144,00201183,0,1,1,4294967295,0,0
objBumper,2120,144,0017F205,0,1,1,4294967295,0,0
obj_Lv0Block01,1656,200,00249C58,0,1,1,4294967295,0,0
obj_Lv0Block01,1688,208,0016DBEA,0,1,1,4294967295,0,0
objSpringDiagonalRight,2248,488,0034E56B,0,1,1,4294967295,0,0
obj_Lvl0Block02,1976,456,0036A94F,0,1,1,4294967295,0,0
obj_Lv0Block01,2072,600,001CAD2B,0,1,1,4294967295,0,0
obj_Lv0Block01,2136,600,0015D1A2,0,1,1,4294967295,0,0
obj_Lv0Block01,2072,664,00349C17,0,1,1,4294967295,0,0
obj_Lv0Block01,2136,632,002E8BAA,0,1,1,4294967295,0,0
obj_Lv0Block01,2040,664,00132592,0,1,1,4294967295,0,0
obj_Lv0Block01,2008,664,0006D1F8,0,1,1,4294967295,0,0
obj_Lv0Block01,1976,664,002A1F4E,0,1,1,4294967295,0,0
obj_Lv0Block01,1976,768,000FC3F3,0,1,1,4294967295,0,0
obj_Lv0Block01,2008,768,000BE2C1,0,1,1,4294967295,0,0
obj_Lv0Block01,2040,768,003BD8B3,0,1,1,4294967295,0,0
obj_Lv0Block01,2072,768,00297E72,0,1,1,4294967295,0,0
obj_Lv0Block01,2104,768,000706B2,0,1,1,4294967295,0,0
obj_Lv0Block01,2136,768,003FEDC1,0,1,1,4294967295,0,0
obj_Lv0Block01,2168,768,00033AC8,0,1,1,4294967295,0,0
obj_Lv0Block01,2200,768,002E17CA,0,1,1,4294967295,0,0
obj_Lv0Block01,2232,768,001C9A63,0,1,1,4294967295,0,0
obj_Lv0Block01,2264,768,002459DE,0,1,1,4294967295,0,0
obj_Lv0Block01,2264,736,00189CA0,0,1,1,4294967295,0,0
obj_Lv0Block01,2264,704,00362520,0,1,1,4294967295,0,0
obj_Lv0Block01,2264,672,003011A9,0,1,1,4294967295,0,0
obj_Lv0Block01,2264,640,0012D929,0,1,1,4294967295,0,0
obj_Lv0Block01,2264,608,000FB7B3,0,1,1,4294967295,0,0
obj_Lv0Block01,2264,576,0002B756,0,1,1,4294967295,0,0
obj_Lv0Block01,2264,544,0005A93E,0,1,1,4294967295,0,0
obj_Lv0Block01,2264,536,0006DF6C,0,1,1,4294967295,0,0
objCheckpointOpen,1312,496,002C7E17,0,1,1,4294967295,0,0
objCheckpointOpen,2152,480,00353160,0,1,1,4294967295,0,0
objDisc,2120,744,0030A00C,0,1,1,4294967295,0,0
objDisc,2216,744,000E3F7B,0,1,1,4294967295,0,0
objDasherUp,1656,560,003FB1E2,0,1,1,4294967295,0,0
objRingD,1776,88,003DC42F,0,1,1,4294967295,0,0
objRingD,1752,96,001B667E,0,1,1,4294967295,0,0
objRingD,1800,72,00152A84,0,1,1,4294967295,0,0
objRingD,1824,64,001E4EB0,0,1,1,4294967295,0,0
objRingD,1848,56,001347AF,0,1,1,4294967295,0,0
objRingD,1872,48,000C0F28,0,1,1,4294967295,0,0
objRingD,1896,48,001968E9,0,1,1,4294967295,0,0
objRingD,1920,56,002FAE5A,0,1,1,4294967295,0,0
objRingD,1952,56,0024A468,0,1,1,4294967295,0,0
objRingD,1976,48,000E2BEB,0,1,1,4294967295,0,0
objRingD,2024,64,001AB874,0,1,1,4294967295,0,0
objRingD,2000,56,00163A9B,0,1,1,4294967295,0,0
objRingD,2040,80,000D70E5,0,1,1,4294967295,0,0
objRingD,2056,88,00035784,0,1,1,4294967295,0,0
objRingD,1728,104,001DD9A1,0,1,1,4294967295,0,0
objRingD,1704,120,00363903,0,1,1,4294967295,0,0
objRingD,1680,144,000E91EE,0,1,1,4294967295,0,0
objSpecialRing,976,296,002F09E8,0,1,1,4294967295,0,0
sunobjT,1312,552,0023F6A3,0,1,1,4294967295,0,0
obj_Lv0Block01,1280,744,000EEFDF,0,1,1,4294967295,0,0
obj_Lv0Block01,1248,744,0028F4A6,0,1,1,4294967295,0,0
obj_Lv0Block01,1216,744,003D5BF4,0,1,1,4294967295,0,0
obj_Lv0Block01,1504,744,002E428B,0,1,1,4294967295,0,0
obj_Lv0Block01,1536,744,000F307E,0,1,1,4294967295,0,0
obj_Lv0Block01,1568,744,002215D9,0,1,1,4294967295,0,0
obj_Lv0Block01,1600,744,00051D62,0,1,1,4294967295,0,0
obj_Lv0Block01,1632,744,00068A55,0,1,1,4294967295,0,0
obj_Lv0Block01,1648,744,000EE515,0,1,1,4294967295,0,0
obj_Lv0Block01,1672,720,001BB9C5,0,1,1,4294967295,0,0
obj_Lv0Block01,1672,744,002CFD0B,0,1,1,4294967295,0,0
obj_Lv0Block01,1184,744,001051BD,0,1,1,4294967295,0,0
obj_Lv0Block01,1184,720,00280E5F,0,1,1,4294967295,0,0
obj_Lvl0Block03,1216,696,001BC5A6,0,1,1,4294967295,0,0
sunobjF,1312,744,0017C0D9,0,1,1,4294967295,0,0
sunobjF,1408,744,000B2732,0,1,1,4294967295,0,0
obj_Lvl0Block11,1368,424,0012472B,0,1,1,4294967295,0,0
obj_Lv0Block01,2072,632,00055F04,0,1,1,4294967295,0,0
obj_Lv0Block01,2136,664,002086FC,0,1,1,4294967295,0,0
obj_Lvl0Block02,1208,704,00007C1C,0,1,1,4294967295,0,0
objRingD,1960,592,00400D84,0,1,1,4294967295,0,0
objRingD,1928,600,0011A95F,0,1,1,4294967295,0,0
objRingD,1904,616,000E1E90,0,1,1,4294967295,0,0
objRingD,1880,640,0018D419,0,1,1,4294967295,0,0
objRingD,1864,672,00038BB6,0,1,1,4294967295,0,0
objRingD,1872,704,003D69F5,0,1,1,4294967295,0,0
objRingD,1896,728,00178D25,0,1,1,4294967295,0,0
objRingD,1928,744,00384505,0,1,1,4294967295,0,0
objRingD,1960,752,001E1E60,0,1,1,4294967295,0,0
objRingD,1992,752,0034479A,0,1,1,4294967295,0,0
objRingD,1992,592,0017DE07,0,1,1,4294967295,0,0
objPlayerPosition,84,104,00120BD5,0,1,1,4294967295,0,0
objRing,1144,456,0039C2EB,0,1,1,4294967295,0,0
objRing,1120,432,001F15E5,0,1,1,4294967295,0,0
objRing,1096,408,00194412,0,1,1,4294967295,0,0
objRing,1060,336,0025F2A2,0,1,1,4294967295,0,0
objRing,1060,288,002DFF2F,0,1,1,4294967295,0,0
objRing,1060,312,002EED8D,0,1,1,4294967295,0,0
objRing,1092,216,001E0A92,0,1,1,4294967295,0,0
objRing,1112,196,001606EC,0,1,1,4294967295,0,0
objRing,1132,176,000F2BE3,0,1,1,4294967295,0,0
objRing,1068,360,0019A585,0,1,1,4294967295,0,0
objRing,1080,384,0020A173,0,1,1,4294967295,0,0
objRing,1068,260,00359981,0,1,1,4294967295,0,0
objRing,1080,236,000CBF28,0,1,1,4294967295,0,0
objRing,2080,480,001651F7,0,1,1,4294967295,0,0
objRing,2048,472,000B708C,0,1,1,4294967295,0,0
objRing,2016,456,002728D3,0,1,1,4294967295,0,0
objRing,1480,264,001ADBED,0,1,1,4294967295,0,0
objRing,1504,264,00110823,0,1,1,4294967295,0,0
objRing,1528,264,0027D0A1,0,1,1,4294967295,0,0
objRing,1528,240,0032C477,0,1,1,4294967295,0,0
objRing,1504,240,003A039D,0,1,1,4294967295,0,0
objRing,1480,240,0017B97A,0,1,1,4294967295,0,0
objRing,1176,472,003E8BF8,0,1,1,4294967295,0,0
objRing,1208,488,003041CA,0,1,1,4294967295,0,0
objRing,1240,504,00245F0C,0,1,1,4294967295,0,0
objWallJumpI,1284,360,001D9C7F,0,1,1,4294967295,0,0
objWallJumpI,1284,312,000BDA98,0,1,1,4294967295,0,0
objWallJumpI,1284,264,002FB239,0,1,1,4294967295,0,0
objWallJumpI,1428,280,00219377,0,1,1,4294967295,0,0
objWallJumpI,1428,232,00081DA5,0,1,1,4294967295,0,0
objWallJumpI,1428,184,00272D39,0,1,1,4294967295,0,0
objWaterBottom,1304,408,0016DC0B,0,1,1,4294967295,0,0
sunobjR,1407,663,000300A6,0,1,1,4294967295,0,0
objGRingRight,272,72,00069AB8,0,1,1,4294967295,0,0
objGRingRight,376,72,00289463,0,1,1,4294967295,0,0
objGRingRight,496,72,003FD0B0,0,1,1,4294967295,0,0
objGRingRight,600,72,0001C910,0,1,1,4294967295,0,0
objGRingRight,704,72,0030ED64,0,1,1,4294967295,0,0
objGRingRight,808,72,0024AE72,0,1,1,4294967295,0,0
objGRingDown,928,72,00158AD2,0,1,1,4294967295,0,0
objGRingLeft,928,208,0000DC94,0,1,1,4294967295,0,0
objGRingLeft,808,208,00128109,0,1,1,4294967295,0,0
objGRingLeft,704,208,00162462,0,1,1,4294967295,0,0
objGRingLeft,608,208,00295321,0,1,1,4294967295,0,0
objGRingLeft,504,208,001BC73F,0,1,1,4294967295,0,0
objGRingLeft,384,208,000DC21C,0,1,1,4294967295,0,0
objGRingDown,280,216,001354A4,0,1,1,4294967295,0,0
objGRingRight,280,328,0037B5DE,0,1,1,4294967295,0,0
objGRingRight,384,328,00360AB3,0,1,1,4294967295,0,0
objGRingRight,504,328,0005D372,0,1,1,4294967295,0,0
objGRingRight,608,328,003232C2,0,1,1,4294967295,0,0
objGRingRight,704,328,00198AAB,0,1,1,4294967295,0,0
objGRingRight,808,328,00172462,0,1,1,4294967295,0,0
objGRingRight,864,144,0006CCD8,0,1,1,4294967295,0,0
objGRingUp,880,320,00195AA9,0,1,1,4294967295,0,0
objGRingDown,976,136,00181D5F,0,1,1,4294967295,0,0
objGRingLeft,976,448,003A6C5F,0,1,1,4294967295,0,0
objGRingDown,880,448,002C71E9,0,1,1,4294967295,0,0
objGRingDown,1392,128,000F5E3E,0,1,1,4294967295,0,0
objWaterLine,1304,304,002EF4E9,0,1,1,4294967295,0,0
objController,0,0,00197F1E,0,1,1,4294967295,0,0
