objBGSUN,5,2065,002FE5E7,0,1,1,4294967295,0,0
objWaterfallSmB,2392,2272,0014B74A,0,1,1,4294967295,0,0
objWaterfallSmB2,2392,2400,0036C0DB,0,1,1,4294967295,0,0
objWaterfallSmB2,10348,1656,0039332F,0,1,1,4294967295,0,0
objWaterfallSmB2,10604,1656,0008E324,0,1,1,4294967295,0,0
objWaterfallSmB2,9496,1656,001CE1C7,0,1,1,4294967295,0,0
objWaterfallSmB2,9928,1656,001FAA62,0,1,1,4294967295,0,0
objButtonBox,9985,2270,000749B5,0,1,1,4294967295,0,0
objCircleSaw,9684,1944,0013DB48,0,1,1,4294967295,0,0
objButtonBox,19105,2173,00165EFD,0,1,1,4294967295,0,0
objSpikeLifter,11336,1872,00076243,0,1,1,4294967295,0,0
objSpikeLifter,11664,1872,00181A4C,0,1,1,4294967295,0,0
objCSPlat,9604,1944,003A0648,0,1,1,4294967295,0,0
objCSPlat,9504,1944,001ACE44,0,1,1,4294967295,0,0
objCSPlat,9404,1944,00143D20,0,1,1,4294967295,0,0
objCSPlat,9656,1944,001B28A2,0,1,1,4294967295,0,0
objCSPlatL,9388,1944,000F7AF5,0,1,1,4294967295,0,0
objCSPlatR,9752,1944,003B3A76,0,1,1,4294967295,0,0
objSpikeAn,8572,2413,001DC108,0,1,1,4294967295,0,0
objSpikeAn,8604,2413,00053429,0,1,1,4294967295,0,0
objSpikeAn,8716,2413,00042E26,0,1,1,4294967295,0,0
objSpikeAn,8748,2413,0019FF0B,0,1,1,4294967295,0,0
object381,12300,2056,000CC3A7,0,1,1,4294967295,0,0
object382,12316,1928,003AE6B3,0,1,1,4294967295,0,0
object382,12316,1816,003319BC,0,1,1,4294967295,0,0
object382,12316,1688,002A93BF,0,1,1,4294967295,0,0
object382,12316,1560,002FCB65,0,1,1,4294967295,0,0
object382,12316,1432,003F6B28,0,1,1,4294967295,0,0
object382,12316,1304,000E29DF,0,1,1,4294967295,0,0
object382,12316,1176,00396010,0,1,1,4294967295,0,0
object382,12316,1048,0005089F,0,1,1,4294967295,0,0
object382,12316,920,003ABFD1,0,1,1,4294967295,0,0
object382,12316,792,00336333,0,1,1,4294967295,0,0
object382,12316,664,00382631,0,1,1,4294967295,0,0
object382,12316,536,001206B7,0,1,1,4294967295,0,0
object382,12316,408,00310587,0,1,1,4294967295,0,0
object382,12316,284,003F601A,0,1,1,4294967295,0,0
object382,12316,160,00126972,0,1,1,4294967295,0,0
object382,12316,32,0024AC90,0,1,1,4294967295,0,0
object382,12316,-88,001D5CAA,0,1,1,4294967295,0,0
objTargetBlocker,16105,2141,00107411,0,1,1,4294967295,0,0
objElevator,12324,1960,002297E3,0,1,1,4294967295,0,0
objGoal,35815,830,00377E21,0,1,1,4294967295,0,0
objPlayerPosition,92,2328,002E77AD,0,1,1,4294967295,0,0
objInvWall,-28,2222,0030ACEA,0,1,1,4294967295,0,0
objInvWall,-28,2094,002C9DCA,0,1,1,4294967295,0,0
objInvWall,-28,1966,0037EF1C,0,1,1,4294967295,0,0
objBridge16,2392,2256,0032D549,0,1,1,4294967295,0,0
objFan,1540,1701,003057BC,0,1,1,4294967295,0,0
objFanAir,1540,1664,00187CBD,0,1,1,4294967295,0,0
objFanAir,1540,1632,00034277,0,1,1,4294967295,0,0
objFanAir,1540,1600,0015BAE0,0,1,1,4294967295,0,0
objFanAir,1540,1568,0011C196,0,1,1,4294967295,0,0
objFanAir,1540,1536,00316902,0,1,1,4294967295,0,0
objFanAir,1540,1504,003DAD56,0,1,1,4294967295,0,0
objFanAir,1540,1472,001A758E,0,1,1,4294967295,0,0
objFanAir,1540,1440,002C11F3,0,1,1,4294967295,0,0
objFanAir,1540,1408,003FAFF1,0,1,1,4294967295,0,0
objFanAir,1540,1376,00327B85,0,1,1,4294967295,0,0
objFanAir,1540,1344,001409C9,0,1,1,4294967295,0,0
objFanAir,1540,1312,0000C8DB,0,1,1,4294967295,0,0
objFanAir,1540,1280,00275FE8,0,1,1,4294967295,0,0
objLayerSwitch,4140,2070,000857C7,0,1,1,4294967295,0,0
objLayerToLow,3990,2260,002B2F27,0,1,1,4294967295,0,0
objLayerToLow,3990,2215,001367E3,0,1,1,4294967295,0,0
objLayerToLow,3990,2180,00006A31,0,1,1,4294967295,0,0
objLayerToHigh,4290,2260,0014AE52,0,1,1,4294967295,0,0
objLayerToHigh,4290,2215,000E172D,0,1,1,4294967295,0,0
objLayerToHigh,4290,2170,0016D4C8,0,1,1,4294967295,0,0
objRailLong,3525,1140,002FD61F,0,1,1,4294967295,0,0
objRailLong,3665,1140,00346544,0,1,1,4294967295,0,0
objRailLong,3808,1140,003D1F51,0,1,1,4294967295,0,0
objRailLong,3952,1140,0022EDB4,0,1,1,4294967295,0,0
object656,4093,1140,001770FB,0,1,1,4294967295,0,0
object644,4132,1180,001DFB38,0,1,1,4294967295,0,0
object644,4132,1228,002D8BBA,0,1,1,4294967295,0,0
object644,4132,1276,0027F776,0,1,1,4294967295,0,0
object644,4132,1324,000830D8,0,1,1,4294967295,0,0
object657,4132,1371,002F7FF5,0,1,1,4294967295,0,0
objRailLong,4176,1404,0018EB07,0,1,1,4294967295,0,0
objRailLong,4320,1404,002DBEEC,0,1,1,4294967295,0,0
objRailLong,4464,1404,00273FFD,0,1,1,4294967295,0,0
objRailLong,4608,1404,00086804,0,1,1,4294967295,0,0
objRailEnd2,4752,1404,0010FE04,0,1,1,4294967295,0,0
objRailEnd,3484,1140,00382566,0,1,1,4294967295,0,0
objSpike,2560,1615,0010EC24,0,1,1,4294967295,0,0
objNegaBuzzer,2920,1436,0017FC02,0,1,1,4294967295,0,0
objNegaBuzzer,2664,1488,000B4389,0,1,1,4294967295,0,0
objDiscForce,2276,1584,003C8FDA,0,1,1,4294967295,0,0
objDiscForce,2008,1532,00116A41,0,1,1,4294967295,0,0
objSpringNonHome2,2415,1329,000C9CBD,0,1,1,4294967295,0,0
objSpringUp,5644,1472,0022505A,0,1,1,4294967295,0,0
objRailLong,5160,1040,0023335A,0,1,1,4294967295,0,0
objRailLong,5304,1040,00161F99,0,1,1,4294967295,0,0
objRailLong,5448,1040,002D97DC,0,1,1,4294967295,0,0
objRailLong,5592,1040,001AE513,0,1,1,4294967295,0,0
objRailLong,5736,1040,001F92C4,0,1,1,4294967295,0,0
objRailLong,5880,1040,00129964,0,1,1,4294967295,0,0
objRailLong,5696,1228,002C7954,0,1,1,4294967295,0,0
objRailLong,5840,1228,000DDAA8,0,1,1,4294967295,0,0
objRailLong,5984,1228,0039E57D,0,1,1,4294967295,0,0
objRailLong,6072,1228,001E44E7,0,1,1,4294967295,0,0
object586,6216,1228,00160B2B,0,1,1,4294967295,0,0
object586,6360,1276,002394F4,0,1,1,4294967295,0,0
objRailEnd,5124,1040,0035B622,0,1,1,4294967295,0,0
objRailEnd,5672,1228,0021BA40,0,1,1,4294967295,0,0
objSpike,5696,1456,00125114,0,1,1,4294967295,0,0
objSpike,5728,1456,0020D13F,0,1,1,4294967295,0,0
objSpike,5760,1456,0010FB4A,0,1,1,4294967295,0,0
objSpike,5792,1456,003BE431,0,1,1,4294967295,0,0
objSpike,5824,1456,0037E9AC,0,1,1,4294967295,0,0
objSpike,5856,1456,00154801,0,1,1,4294967295,0,0
objSpike,5888,1456,002597DE,0,1,1,4294967295,0,0
objSpike,5920,1456,00140519,0,1,1,4294967295,0,0
objSpike,5952,1456,00055B40,0,1,1,4294967295,0,0
objSpike,5984,1456,0008BF63,0,1,1,4294967295,0,0
objSpike,6016,1456,00074294,0,1,1,4294967295,0,0
objSpike,6048,1456,0022FD2C,0,1,1,4294967295,0,0
objSpike,6080,1456,00264035,0,1,1,4294967295,0,0
objLauncher,5805,2235,001729A0,0,1,1,4294967295,0,0
objPushBlockReg,2750,1592,000D3803,0,1,1,4294967295,0,0
objWallJumpBlock,6228,2116,000551F2,0,1,1,4294967295,0,0
objWallJumpBlock,6228,2068,00304449,0,1,1,4294967295,0,0
objWallJumpBlock,6228,2020,0039F704,0,1,1,4294967295,0,0
objWallJumpBlock,6228,1972,003CD03B,0,1,1,4294967295,0,0
objWallJumpBlock,6228,1924,0003DB2D,0,1,1,4294967295,0,0
objWallJumpBlock,6228,1876,0023A462,0,1,1,4294967295,0,0
objWallJumpBlock,6228,1828,000DF41E,0,1,1,4294967295,0,0
objWallJumpBlock,6228,1780,0023EFE5,0,1,1,4294967295,0,0
objWallJumpBlock,6228,1732,00039A5A,0,1,1,4294967295,0,0
objWallJumpBlockR,6462,2208,003C1D13,0,1,1,4294967295,0,0
objWallJumpBlockR,6462,2160,003684E5,0,1,1,4294967295,0,0
objWallJumpBlockR,6462,2112,003F027E,0,1,1,4294967295,0,0
objWallJumpBlockR,6462,2064,0028873C,0,1,1,4294967295,0,0
objWallJumpBlockR,6462,2016,00368DC0,0,1,1,4294967295,0,0
objWallJumpBlockR,6462,1968,00074868,0,1,1,4294967295,0,0
objWallJumpBlockR,6462,1920,0010141A,0,1,1,4294967295,0,0
objWallJumpBlockR,6462,1872,003F0F07,0,1,1,4294967295,0,0
objFlameTrap,6040,2307,00007F67,0,1,1,4294967295,0,0
objFlameSwitch2,5800,1997,003CF0F8,0,1,1,4294967295,0,0
objDoorSwitch,7108,2441,002A2404,0,1,1,4294967295,0,0
objDasherLeft,6492,1855,0015AF4A,0,1,1,4294967295,0,0
objSpringLeft,6708,2012,00129C7B,0,1,1,4294967295,0,0
objRailEnd2,6024,1040,000856FE,0,1,1,4294967295,0,0
objRailLong,6344,1040,0032C68E,0,1,1,4294967295,0,0
objRailLong,6488,1040,003D1333,0,1,1,4294967295,0,0
objRailLong,6632,1040,0007811D,0,1,1,4294967295,0,0
objRailLong,6776,1040,0017CADF,0,1,1,4294967295,0,0
object586,6504,1324,003D5348,0,1,1,4294967295,0,0
object586,6648,1372,00325EBA,0,1,1,4294967295,0,0
object586,6792,1420,00171529,0,1,1,4294967295,0,0
objRailLong,6936,1468,0000B146,0,1,1,4294967295,0,0
objRailLong,7076,1468,0024A68F,0,1,1,4294967295,0,0
objRailLong,6920,1040,001179F3,0,1,1,4294967295,0,0
objRailLong,7060,1040,00238029,0,1,1,4294967295,0,0
objRailLong,7078,1040,00139C2C,0,1,1,4294967295,0,0
objDisc,7390,1255,002214F0,0,1,1,4294967295,0,0
objDisc,7490,1340,00301779,0,1,1,4294967295,0,0
objDisc,7645,1260,001EEDD3,0,1,1,4294967295,0,0
objDisc,7760,1300,00218AD5,0,1,1,4294967295,0,0
object512DoorClose,7325,1340,0029CFA9,0,1,1,4294967295,0,0
objFlameTrapTime,6220,2307,001A19E5,0,1,1,4294967295,0,0
objRampJump,4875,1455,001B4290,0,1,1,4294967295,0,0
objNegaShark,7575,2075,0016C583,0,1,1,4294967295,0,0
objNegaShark,7780,2075,002A162A,0,1,1,4294967295,0,0
objNegaShark,8095,2070,003A0425,0,1,1,4294967295,0,0
objEnemyBlock,7565,2095,0026E734,0,1,1,4294967295,0,0
objEnemyBlock,7770,2095,0017BCA9,0,1,1,4294967295,0,0
objEnemyBlock,8090,2090,0016FE34,0,1,1,4294967295,0,0
objNegaStandard,3800,1935,003DD5FE,0,1,1,4294967295,0,0
objNegaStandard,3960,1935,0029E518,0,1,1,4294967295,0,0
objNegaStandard,4115,1935,001EEA7C,0,1,1,4294967295,0,0
objExtended,7964,1004,003E5C6F,0,1,1,4294967295,0,0
objSpecialRing,3645,1820,0025F124,0,1,1,4294967295,0,0
objDasherLeft,3810,2295,00069D97,0,1,1,4294967295,0,0
objDasherLeft,4320,2295,002BE677,0,1,1,4294967295,0,0
objCheckpointOpen,6900,2005,002CE3EF,0,1,1,4294967295,0,0
objCheckpointOpen,7290,1015,0030C995,0,1,1,4294967295,0,0
objMonitorShield,5477,1841,00113237,0,1,1,4294967295,0,0
objMonitorRings,6430,2294,0021AEBF,0,1,1,4294967295,0,0
objBumper,7090,2115,0003CE3D,0,1,1,4294967295,0,0
objBumper,7140,2200,002AF863,0,1,1,4294967295,0,0
objBumper,7090,2290,003ECEE8,0,1,1,4294967295,0,0
objBumper,4732,2280,0003EB78,0,1,1,4294967295,0,0
objBumper,7390,1295,00257958,0,1,1,4294967295,0,0
objBumper,7760,1255,003D083D,0,1,1,4294967295,0,0
objNegaFish,7475,2350,00020542,0,1,1,4294967295,0,0
objNegaFish,7765,2250,00119B82,0,1,1,4294967295,0,0
objNegaFish,7575,2190,003514D9,0,1,1,4294967295,0,0
objDasherLeft,8230,1975,001A8364,0,1,1,4294967295,0,0
objRocketRide,8785,1910,0018A295,0,1,1,4294967295,0,0
objMonitorShield2,8960,1812,000B6463,0,1,1,4294967295,0,0
objMonitorRings,8925,1812,00377F17,0,1,1,4294967295,0,0
objSpikeBall,8855,1470,000D24A9,0,1,1,4294967295,0,0
objSpikeBall,8696,1512,001715DE,0,1,1,4294967295,0,0
objSpikeBall,8740,1364,00072D4A,0,1,1,4294967295,0,0
objSpikeBall,8800,1108,002C3D46,0,1,1,4294967295,0,0
objSpikeBall,8670,1245,001EFFF0,0,1,1,4294967295,0,0
objExtended,8670,1300,001DCA86,0,1,1,4294967295,0,0
objSpikeBall,8650,1665,003D252C,0,1,1,4294967295,0,0
objSpikeBall,8855,1635,000BB476,0,1,1,4294967295,0,0
objBC,7532,2436,003DD091,0,1,1,4294967295,0,0
objSpringHook,10010,2303,00242185,0,1,1,4294967295,0,0
objSpringTrapUp,10170,2307,000D7AAD,0,1,1,4294967295,0,0
objSpikeTrap,10040,2010,00259DE9,0,1,1,4294967295,0,0
objBoxSwitch,10856,2316,003D32D1,0,1,1,4294967295,0,0
objDasherLeft,8908,1416,001FB01E,0,1,1,4294967295,0,0
objSpikeDown,8620,760,001209D4,0,1,1,4294967295,0,0
objSpikeDown,8652,760,0028CD45,0,1,1,4294967295,0,0
objSpikeDown,8684,760,002F4DC7,0,1,1,4294967295,0,0
objSpikeDown,8716,760,0019BADB,0,1,1,4294967295,0,0
objSpikeDown,8748,760,00130360,0,1,1,4294967295,0,0
objSpikeDown,8780,760,00330ABB,0,1,1,4294967295,0,0
objSpikeDown,8812,760,0019D6B6,0,1,1,4294967295,0,0
objSpikeDown,8844,760,0015CC32,0,1,1,4294967295,0,0
objSpikeDown,8876,760,001599AD,0,1,1,4294967295,0,0
objSpikeDown,8908,760,000FB665,0,1,1,4294967295,0,0
objSpikeDown,8940,760,001FA673,0,1,1,4294967295,0,0
objSpikeDown,8972,760,003CE7B2,0,1,1,4294967295,0,0
objSpikeDown,9004,760,003EEF44,0,1,1,4294967295,0,0
objSpikeDown,9036,760,00241AD6,0,1,1,4294967295,0,0
objSpikeDown,9068,760,0004A600,0,1,1,4294967295,0,0
objRailLong,9612,924,000EF6A7,0,1,1,4294967295,0,0
objRailLong,9756,924,001AE756,0,1,1,4294967295,0,0
objRailLong,9900,924,0010002A,0,1,1,4294967295,0,0
object586,10044,924,000545DD,0,1,1,4294967295,0,0
object586,10188,972,00316F09,0,1,1,4294967295,0,0
object586,10332,1020,00290F62,0,1,1,4294967295,0,0
object586,10476,1068,002337A0,0,1,1,4294967295,0,0
object586,10596,1108,00052B91,0,1,1,4294967295,0,0
objRailLong,10740,1156,0036CC7A,0,1,1,4294967295,0,0
objRailLong,10884,1156,001865E0,0,1,1,4294967295,0,0
objRailLong,11028,1156,000CDF0F,0,1,1,4294967295,0,0
objRailLong,11172,1156,002F8B83,0,1,1,4294967295,0,0
objRailLong,11316,1156,001A7AF0,0,1,1,4294967295,0,0
objRailLong,11456,1156,003844AD,0,1,1,4294967295,0,0
objRailEnd2,11600,1156,0005380E,0,1,1,4294967295,0,0
objPushJump,11580,1124,002CFE80,0,1,1,4294967295,0,0
objElevatorStop,12324,624,002E5518,0,1,1,4294967295,0,0
objSpikeBall,10452,2288,0026C78D,0,1,1,4294967295,0,0
objSpikeBall,10616,2288,00385C78,0,1,1,4294967295,0,0
objSpikeBall,10776,2288,00296CD6,0,1,1,4294967295,0,0
objSpikeBall,10532,2228,000D5B01,0,1,1,4294967295,0,0
objSpikeBall,10696,2228,0021B2E1,0,1,1,4294967295,0,0
objBallMove,10452,2288,000E9C9E,0,1,1,4294967295,0,0
objBallMove,10616,2288,002D2B37,0,1,1,4294967295,0,0
objBallMove,10776,2288,003AB3F4,0,1,1,4294967295,0,0
objSpikeBall,13568,780,00237583,0,1,1,4294967295,0,0
objBallMove,13568,780,00008439,0,1,1,4294967295,0,0
objSpikeBall,13812,780,0022E853,0,1,1,4294967295,0,0
objBallMove,13812,780,0018ECAA,0,1,1,4294967295,0,0
objSpikeBall,14312,648,000EE88F,0,1,1,4294967295,0,0
objSpikeBall,14416,648,002B0FB9,0,1,1,4294967295,0,0
objSpikeBall,14516,648,00310782,0,1,1,4294967295,0,0
objSpikeBall,15152,648,000523A1,0,1,1,4294967295,0,0
objSpikeBall,15256,648,003806DB,0,1,1,4294967295,0,0
objCheckpointOpen,13272,672,00342891,0,1,1,4294967295,0,0
objSpikeDown,8492,2324,001BF7EC,0,1,1,4294967295,0,0
objSpikeDown,8524,2324,0020D220,0,1,1,4294967295,0,0
objSpikeDown,8556,2324,002639AC,0,1,1,4294967295,0,0
objSpikeDown,8588,2324,0019F76D,0,1,1,4294967295,0,0
objSpikeDown,8460,2324,003B5CF6,0,1,1,4294967295,0,0
objSpikeDown,8428,2324,00321BE3,0,1,1,4294967295,0,0
objSpikeDown,8620,2324,000431EB,0,1,1,4294967295,0,0
objSpikeDown,8652,2324,0015FEFC,0,1,1,4294967295,0,0
objSpikeDown,8684,2324,0014A6A5,0,1,1,4294967295,0,0
objSpikeDown,8716,2324,000D0772,0,1,1,4294967295,0,0
objSpikeDown,8748,2324,00374279,0,1,1,4294967295,0,0
objSpikeDown,8780,2324,000F890A,0,1,1,4294967295,0,0
objSpikeDown,8812,2324,0008272F,0,1,1,4294967295,0,0
objSpikeDown,8844,2324,00081326,0,1,1,4294967295,0,0
objSpikeDown,8876,2324,002E6B0E,0,1,1,4294967295,0,0
objSpringUp,2984,1880,002A2065,0,1,1,4294967295,0,0
objSpringUp,3032,2240,0000E301,0,1,1,4294967295,0,0
objFan,1460,1702,000D8E02,0,1,1,4294967295,0,0
objFanAir,1456,1664,000C2219,0,1,1,4294967295,0,0
objFanAir,1456,1632,000868EB,0,1,1,4294967295,0,0
objFanAir,1456,1600,0033BD00,0,1,1,4294967295,0,0
objFanAir,1456,1568,002FF020,0,1,1,4294967295,0,0
objFanAir,1456,1536,001430C1,0,1,1,4294967295,0,0
objFanAir,1456,1504,003229D1,0,1,1,4294967295,0,0
objFanAir,1456,1472,00009D97,0,1,1,4294967295,0,0
objFanAir,1456,1440,00315752,0,1,1,4294967295,0,0
objFanAir,1456,1408,001F2528,0,1,1,4294967295,0,0
objFanAir,1456,1376,00125B81,0,1,1,4294967295,0,0
objFanAir,1456,1344,00225A2A,0,1,1,4294967295,0,0
objFanAir,1456,1312,000368B6,0,1,1,4294967295,0,0
objFanAir,1456,1280,00238A71,0,1,1,4294967295,0,0
objBumper,8860,1968,0020ABDC,0,1,1,4294967295,0,0
objRailEnd,9564,924,001B5CC3,0,1,1,4294967295,0,0
objRailEnd,6304,1040,0011463B,0,1,1,4294967295,0,0
objFallStart,15972,92,0032137A,0,1,1,4294967295,0,0
objFallStart,16115,92,00085999,0,1,1,4294967295,0,0
objInvWall,15944,584,0030703E,0,1,1,4294967295,0,0
objInvWall,15944,456,003558B7,0,1,1,4294967295,0,0
objInvWall,15944,328,0013ECEE,0,1,1,4294967295,0,0
objInvWall,15944,200,003FB5B5,0,1,1,4294967295,0,0
objInvWall,15944,72,00401C82,0,1,1,4294967295,0,0
objSpringMed,15924,680,0010F4A9,0,1,1,4294967295,0,0
objInvWall,16468,72,000BE3AB,0,1,1,4294967295,0,0
objInvWall,16468,200,00036E39,0,1,1,4294967295,0,0
objInvWall,16468,328,0022C8AB,0,1,1,4294967295,0,0
objInvWall,16468,456,000805E4,0,1,1,4294967295,0,0
objInvWall,16468,584,00065BC2,0,1,1,4294967295,0,0
objInvWall,15944,712,0009EC3C,0,1,1,4294967295,0,0
objInvWall,15944,840,0008EB1C,0,1,1,4294967295,0,0
objInvWall,15944,968,0030C2E0,0,1,1,4294967295,0,0
objInvWall,15944,1096,001A4F51,0,1,1,4294967295,0,0
objInvWall,16468,712,003EF7AE,0,1,1,4294967295,0,0
objInvWall,16468,840,001D7824,0,1,1,4294967295,0,0
objInvWall,16468,968,001DA37A,0,1,1,4294967295,0,0
objInvWall,16468,1096,0007BD07,0,1,1,4294967295,0,0
objBC,10344,2310,003B3798,0,1,1,4294967295,0,0
objSpike,13464,664,00043863,0,1,1,4294967295,0,0
objDisc,14264,540,00356396,0,1,1,4294967295,0,0
objDisc,14372,540,00355205,0,1,1,4294967295,0,0
objDisc,14484,540,0030041D,0,1,1,4294967295,0,0
objDisc,14600,540,001D286A,0,1,1,4294967295,0,0
objDisc,15520,640,00170AB2,0,1,1,4294967295,0,0
objDisc,15520,592,0037E4F6,0,1,1,4294967295,0,0
objFlameTrap,14680,792,00101153,0,1,1,4294967295,0,0
objFlameTrap,14888,792,003F14E0,0,1,1,4294967295,0,0
objDasherLeft,3488,1470,0023C622,0,1,1,4294967295,0,0
objDasherLeft,3896,1470,00087ED5,0,1,1,4294967295,0,0
objSpikeBall,16192,352,00136D79,0,1,1,4294967295,0,0
objSpikeBall,16320,543,00353D95,0,1,1,4294967295,0,0
objSpikeBall,16040,660,000ABCFE,0,1,1,4294967295,0,0
objSpikeBall,16348,796,0013AAFF,0,1,1,4294967295,0,0
objSpikeBall,16195,920,003F35CF,0,1,1,4294967295,0,0
objSpikeBall,16132,1024,0014DBEE,0,1,1,4294967295,0,0
objSpikeBall,16428,680,0010400A,0,1,1,4294967295,0,0
objSpikeBall,16336,1120,00210D79,0,1,1,4294967295,0,0
objInvWall,15944,1224,002D62E6,0,1,1,4294967295,0,0
objInvWall,16468,1224,001128D0,0,1,1,4294967295,0,0
objInvWall,16468,1352,000DBF27,0,1,1,4294967295,0,0
objInvWall,15944,1352,0025AC72,0,1,1,4294967295,0,0
objInvWall,15944,1480,0020D781,0,1,1,4294967295,0,0
objInvWall,16468,1480,00051FCA,0,1,1,4294967295,0,0
objSpecialRing,16820,1895,0001CCF0,0,1,1,4294967295,0,0
objSpecialRing,16895,1895,001CB389,0,1,1,4294967295,0,0
objSpecialRing,16895,1945,003D2C4E,0,1,1,4294967295,0,0
objSpecialRing,16820,1945,003BB55C,0,1,1,4294967295,0,0
objExtended,16857,1920,0010D284,0,1,1,4294967295,0,0
objFallStop,15975,1515,0017041E,0,1,1,4294967295,0,0
objFallStop,16120,1515,000FA624,0,1,1,4294967295,0,0
objSpikeBall,16195,1305,0009AE84,0,1,1,4294967295,0,0
objSpikeBall,16375,1310,0029AC99,0,1,1,4294967295,0,0
objSpikeBall,16045,1430,00000256,0,1,1,4294967295,0,0
objSpikeBall,16250,1445,002646FD,0,1,1,4294967295,0,0
objSpikeBall,16405,1455,0026B621,0,1,1,4294967295,0,0
objLayerSwitch,16656,2204,00120C4B,0,1,1,4294967295,0,0
objLayerToLow,16508,2396,0027CE3B,0,1,1,4294967295,0,0
objLayerToLow,16508,2348,0039DCDE,0,1,1,4294967295,0,0
objLayerToLow,16508,2300,002DF89A,0,1,1,4294967295,0,0
objLayerToHigh,16800,2396,002F3EEB,0,1,1,4294967295,0,0
objLayerToHigh,16800,2348,000CE56A,0,1,1,4294967295,0,0
objLayerToHigh,16800,2300,003B32BA,0,1,1,4294967295,0,0
objSpringUp,5526,1843,00223B92,0,1,1,4294967295,0,0
objBallMove,16195,1305,0008C011,0,1,1,4294967295,0,0
objBallMove2,16195,920,00271A08,0,1,1,4294967295,0,0
objBallMove,16350,795,00080589,0,1,1,4294967295,0,0
objBoxSwitch,18622,2025,0009FE8E,0,1,1,4294967295,0,0
objNegaFish,18135,2300,0009B446,0,1,1,4294967295,0,0
objNegaFish,18315,2180,002619DC,0,1,1,4294967295,0,0
objNegaFish,18100,2070,002965A9,0,1,1,4294967295,0,0
objNegaFish,18525,2310,003E1E0E,0,1,1,4294967295,0,0
objNegaFish,18715,2190,001B6D2D,0,1,1,4294967295,0,0
objNegaFish,19100,2245,003466FA,0,1,1,4294967295,0,0
objNegaFish,19305,2325,002A9A44,0,1,1,4294967295,0,0
objPushBlockReg,19105,2120,000191F2,0,1,1,4294967295,0,0
objExtended,1485,975,002D1983,0,1,1,4294967295,0,0
objFanAir,1456,1248,003BABF5,0,1,1,4294967295,0,0
objFanAir,1456,1216,00401B45,0,1,1,4294967295,0,0
objFanAir,1456,1184,003BAB37,0,1,1,4294967295,0,0
objFanAir,1456,1152,0013A048,0,1,1,4294967295,0,0
objFanAir,1456,1120,0000D635,0,1,1,4294967295,0,0
objFanAir,1456,1088,003E5086,0,1,1,4294967295,0,0
objFanAir,1456,1056,0027E506,0,1,1,4294967295,0,0
objFanAir,1456,1024,0017CE4A,0,1,1,4294967295,0,0
objFanAir,1456,992,0024FF80,0,1,1,4294967295,0,0
objBC,16183,2434,0005009C,0,1,1,4294967295,0,0
objBC,17540,2435,000BBD81,0,1,1,4294967295,0,0
objBC,19450,2440,003FA970,0,1,1,4294967295,0,0
objGravityWheel,19910,2225,0011B7FC,0,1,1,4294967295,0,0
objGravityWheel,20090,2104,0014FECB,0,1,1,4294967295,0,0
objGravityWheel,19877,1986,003ABFC8,0,1,1,4294967295,0,0
objGravityWheel,20095,1798,0034023E,0,1,1,4294967295,0,0
objRailLong,20095,1735,0033EDDF,0,1,1,4294967295,0,0
objRailLong,20235,1735,00149AB4,0,1,1,4294967295,0,0
objRailLong,20375,1735,000FD1FD,0,1,1,4294967295,0,0
object586,20516,1735,0031BFEE,0,1,1,4294967295,0,0
object586,20543,1744,00271D9C,0,1,1,4294967295,0,0
objRailEnd,20089,1735,001F3D9F,0,1,1,4294967295,0,0
objRailLong,20686,1791,00125CB6,0,1,1,4294967295,0,0
objRailLong,20828,1791,000289C4,0,1,1,4294967295,0,0
objRailEnd2,20972,1791,0013E3D8,0,1,1,4294967295,0,0
objRocketRide,19670,1930,0001C74F,0,1,1,4294967295,0,0
objMonitorGaugeFill,19800,555,00023041,0,1,1,4294967295,0,0
objDasherLeft,19840,565,0010595F,0,1,1,4294967295,0,0
objLayerSwitch,21233,435,00071C14,0,1,1,4294967295,0,0
objLayerToLow,21080,630,001ED393,0,1,1,4294967295,0,0
objLayerToLow,21080,585,00255BF3,0,1,1,4294967295,0,0
objLayerToLow,21080,540,002E0E69,0,1,1,4294967295,0,0
objLayerToHigh,21120,790,001FBED7,0,1,1,4294967295,0,0
objLayerToHigh,21135,790,003DBD27,0,1,1,4294967295,0,0
objLayerToHigh,21150,790,0034ADE9,0,1,1,4294967295,0,0
objLayerToHigh,21165,790,00086B9E,0,1,1,4294967295,0,0
objLayerToHigh,21180,790,003D0159,0,1,1,4294967295,0,0
objLayerToHigh,21195,790,001FAAEA,0,1,1,4294967295,0,0
objLayerToHigh,21210,790,001E8F59,0,1,1,4294967295,0,0
objLayerToHigh,21225,790,003D5D3A,0,1,1,4294967295,0,0
objLayerToHigh,21240,790,0028CFE6,0,1,1,4294967295,0,0
objLayerToLow,22210,1755,003FDD58,0,1,1,4294967295,0,0
objLayerToLow,22210,1710,002073ED,0,1,1,4294967295,0,0
objLayerToLow,22210,1665,00241EB7,0,1,1,4294967295,0,0
objLayerToHigh,22355,1630,0009678E,0,1,1,4294967295,0,0
objLayerToHigh,22375,1630,00336546,0,1,1,4294967295,0,0
objLayerToHigh,22395,1630,0009A9CB,0,1,1,4294967295,0,0
objLayerToHigh,22475,1760,002E10C4,0,1,1,4294967295,0,0
objLayerToHigh,22500,1760,00340EA6,0,1,1,4294967295,0,0
objLayerToHigh,22475,1710,003574DF,0,1,1,4294967295,0,0
objLayerToHigh,22460,1660,000D369C,0,1,1,4294967295,0,0
objLayerToHigh,22440,1635,00055F78,0,1,1,4294967295,0,0
objLayerToHigh,22420,1630,000B8CE2,0,1,1,4294967295,0,0
objSpikeBall,19490,1730,0030F3D4,0,1,1,4294967295,0,0
objSpikeBall,19490,1660,001256D5,0,1,1,4294967295,0,0
objSpikeBall,19490,1590,003125DF,0,1,1,4294967295,0,0
objSpikeBall,19490,1520,002A2023,0,1,1,4294967295,0,0
objSpikeBall,19490,1450,0032B5B9,0,1,1,4294967295,0,0
objSpikeBall,19490,1380,00096F73,0,1,1,4294967295,0,0
objSpikeBall,19490,1310,000600C5,0,1,1,4294967295,0,0
objSpikeBall,19490,1240,00194BEE,0,1,1,4294967295,0,0
objSpikeBall,19490,1170,00390B06,0,1,1,4294967295,0,0
objSpikeBall,19490,1100,00172100,0,1,1,4294967295,0,0
objSpikeBall,19490,1030,000B2977,0,1,1,4294967295,0,0
objSpikeBall,19490,960,003C2741,0,1,1,4294967295,0,0
objSpikeBall,19490,890,00288B8E,0,1,1,4294967295,0,0
objSpikeBall,19490,820,003813C5,0,1,1,4294967295,0,0
objSpikeBall,19490,750,00398013,0,1,1,4294967295,0,0
objSpikeBall,19820,1590,000E62D9,0,1,1,4294967295,0,0
objSpikeBall,19820,1520,003D7C02,0,1,1,4294967295,0,0
objSpikeBall,19820,1450,00114597,0,1,1,4294967295,0,0
objSpikeBall,19820,1380,001A3CBF,0,1,1,4294967295,0,0
objSpikeBall,19820,1310,003B68FC,0,1,1,4294967295,0,0
objSpikeBall,19820,1240,001EBC81,0,1,1,4294967295,0,0
objSpikeBall,19820,1170,00314313,0,1,1,4294967295,0,0
objSpikeBall,19820,1100,00138192,0,1,1,4294967295,0,0
objSpikeBall,19820,1030,000F1DB7,0,1,1,4294967295,0,0
objSpikeBall,19820,960,000D21F1,0,1,1,4294967295,0,0
objSpikeBall,19820,890,00100F83,0,1,1,4294967295,0,0
objSpikeBall,19820,820,003DBC88,0,1,1,4294967295,0,0
objSpikeBall,19820,750,002649A0,0,1,1,4294967295,0,0
objMonitorGreenBoost,21975,1790,0031C6D0,0,1,1,4294967295,0,0
objSpikeBall,19260,1965,0039018F,0,1,1,4294967295,0,0
objSpikeBall,19260,1905,0034B22A,0,1,1,4294967295,0,0
objSpikeBall,19260,1845,003E640D,0,1,1,4294967295,0,0
objCheckpointOpen,16150,1740,0024AAD9,0,1,1,4294967295,0,0
objMonitorRings,19215,1975,000800C9,0,1,1,4294967295,0,0
objMonitorRings,19175,1975,00237761,0,1,1,4294967295,0,0
objDasherUp,23765,1560,0028AD38,0,1,1,4294967295,0,0
objDasherUp,23765,1250,00143390,0,1,1,4294967295,0,0
objDasherLeft,24165,1715,00073C2F,0,1,1,4294967295,0,0
objNegaStandard,24455,1710,00170F1F,0,1,1,4294967295,0,0
objNegaStandard,24685,1710,0027713A,0,1,1,4294967295,0,0
objNegaStandard,24890,1710,0000980B,0,1,1,4294967295,0,0
objRampJump,25060,1700,0036A1E1,0,1,1,4294967295,0,0
objLayerSwitch,23400,1568,00399B60,0,1,1,4294967295,0,0
objLayerToLow,23248,1760,000FBB26,0,1,1,4294967295,0,0
objLayerToLow,23248,1712,00159BFE,0,1,1,4294967295,0,0
objLayerToLow,23248,1664,0026B006,0,1,1,4294967295,0,0
objLayerToHigh,23552,1760,002318B4,0,1,1,4294967295,0,0
objLayerToHigh,23552,1712,001DBCEA,0,1,1,4294967295,0,0
objLayerToHigh,23552,1664,00377665,0,1,1,4294967295,0,0
objRingD,22344,1136,0018B94B,0,1,1,4294967295,0,0
objRingD,22368,1136,0001B7BD,0,1,1,4294967295,0,0
objRingD,22392,1136,00334272,0,1,1,4294967295,0,0
objRingD,22416,1136,002B75D1,0,1,1,4294967295,0,0
objRingD,22440,1136,00244410,0,1,1,4294967295,0,0
objRingD,22464,1136,0024F9D4,0,1,1,4294967295,0,0
objRingD,22488,1120,000E0942,0,1,1,4294967295,0,0
objCheckpointOpen,22045,1785,001310AA,0,1,1,4294967295,0,0
objCheckpointOpen,20015,555,0037AE1C,0,1,1,4294967295,0,0
objDasherLeft,27020,1715,000BD24C,0,1,1,4294967295,0,0
objNegaStandard,27430,1710,00108B6A,0,1,1,4294967295,0,0
objNegaStandard,27600,1710,003F4A73,0,1,1,4294967295,0,0
objNegaStandard,27755,1710,00161D55,0,1,1,4294967295,0,0
objNegaStandard,27895,1710,00285D38,0,1,1,4294967295,0,0
objNegaStandard,28055,1710,0005595C,0,1,1,4294967295,0,0
objRailEnd,28720,1700,00334019,0,1,1,4294967295,0,0
objRailLong,29044,1700,000685F1,0,1,1,4294967295,0,0
objRailLong,29180,1700,00112A5F,0,1,1,4294967295,0,0
objRailLong,29324,1700,001CBFD1,0,1,1,4294967295,0,0
objRailLong,29468,1700,00006358,0,1,1,4294967295,0,0
object586,29800,1700,00348BFD,0,1,1,4294967295,0,0
object586,29896,1732,0037047B,0,1,1,4294967295,0,0
objRailLong,30040,1780,002B4AFE,0,1,1,4294967295,0,0
objRailLong,30184,1780,002F27B5,0,1,1,4294967295,0,0
objRailLong,30328,1780,0017BBFF,0,1,1,4294967295,0,0
objRailLong,30472,1780,0036802A,0,1,1,4294967295,0,0
objRailLong,30616,1780,000759F2,0,1,1,4294967295,0,0
objRailDown2,30760,1764,003B28F1,0,1,1,4294967295,0,0
objRailDown2,30808,1748,00067F5A,0,1,1,4294967295,0,0
objRailDown2,30856,1732,003B8775,0,1,1,4294967295,0,0
objRailDown2,30904,1716,002FD37D,0,1,1,4294967295,0,0
objRailDown2,30952,1700,003EEF18,0,1,1,4294967295,0,0
objRailDown2,31000,1684,00226BD4,0,1,1,4294967295,0,0
objRailDown2,31048,1668,002FFF53,0,1,1,4294967295,0,0
objRailLong,31096,1668,00342A35,0,1,1,4294967295,0,0
objRailLong,31240,1668,00300B10,0,1,1,4294967295,0,0
objRailLong,31384,1668,0024DD49,0,1,1,4294967295,0,0
objRailLong,31528,1668,00083BF0,0,1,1,4294967295,0,0
objRailLong,31672,1668,002E9D4A,0,1,1,4294967295,0,0
objRailLong,31812,1668,00266D22,0,1,1,4294967295,0,0
objRailLong,31956,1668,001EEEBF,0,1,1,4294967295,0,0
objRailLong,32100,1668,000AFFF4,0,1,1,4294967295,0,0
objRailLong,32244,1668,0025F307,0,1,1,4294967295,0,0
objRailLong,32388,1668,000D74F1,0,1,1,4294967295,0,0
objRailLong,32532,1668,0002D510,0,1,1,4294967295,0,0
objRailLong,32676,1668,0004A9F8,0,1,1,4294967295,0,0
objRailLong,32820,1668,002614A9,0,1,1,4294967295,0,0
objRailLong,32964,1668,00362934,0,1,1,4294967295,0,0
objRailLong,33108,1668,001AD12F,0,1,1,4294967295,0,0
objPushJump,33188,1636,00209B39,0,1,1,4294967295,0,0
objRailEnd2,33224,1668,00122107,0,1,1,4294967295,0,0
objRailLong,29604,1700,000E82EA,0,1,1,4294967295,0,0
objRailLong,29660,1700,0032353A,0,1,1,4294967295,0,0
objInvWall,36495,740,001B94E6,0,1,1,4294967295,0,0
objInvWall,36495,615,002DEFDB,0,1,1,4294967295,0,0
objInvWall,36495,490,0004177F,0,1,1,4294967295,0,0
objInvWall,36495,365,00088D50,0,1,1,4294967295,0,0
objSpringScript1,15925,680,003C8616,0,1,1,4294967295,0,0
objPoleGrab,34535,1290,002FBAC7,0,1,1,4294967295,0,0
objPoleGrab,34535,1190,0002A7DF,0,1,1,4294967295,0,0
objPoleGrab,34535,1100,00313F63,0,1,1,4294967295,0,0
objPoleGrab,34535,1010,00268AFC,0,1,1,4294967295,0,0
objPoleGrab,34535,920,0015BECB,0,1,1,4294967295,0,0
objNegaGUN,31800,1647,0030F618,0,1,1,4294967295,0,0
objNegaGUN,32037,1646,000953D1,0,1,1,4294967295,0,0
objNegaGUN,32360,1646,002EB513,0,1,1,4294967295,0,0
objNegaGUN,32635,1646,0037C6D7,0,1,1,4294967295,0,0
objMonitorShieldPower,16106,2140,00233311,0,1,1,4294967295,0,0
objNegaWheelRamp,33320,1550,0006A7BB,0,1,1,4294967295,0,0
objRailLong,28900,1700,0015BA30,0,1,1,4294967295,0,0
objRailLong,28760,1700,00196239,0,1,1,4294967295,0,0
objSpringHook,15920,1010,001A0557,0,1,1,4294967295,0,0
objInvWall,15850,1480,00366E1B,0,1,1,4294967295,0,0
objInvWall,15850,1355,0005FAD1,0,1,1,4294967295,0,0
objInvWall,15850,1235,000849C7,0,1,1,4294967295,0,0
objInvWall,15850,1110,002C8D77,0,1,1,4294967295,0,0
objInvWall,15850,1040,001FCDF7,0,1,1,4294967295,0,0
objBumper,7570,1440,003CDC79,0,1,1,4294967295,0,0
objBumper,4980,2280,0017E45B,0,1,1,4294967295,0,0
objBumper,5200,2280,00136DEE,0,1,1,4294967295,0,0
objFlameTrapTime,14452,1023,00099CAE,0,1,1,4294967295,0,0
objFlameTrapTime,14912,1023,001B4999,0,1,1,4294967295,0,0
objFlameTrapTime,15336,1023,002501FD,0,1,1,4294967295,0,0
objSpike,17935,2415,00186962,0,1,1,4294967295,0,0
objLeafToken,7108,2404,002E596D,0,1,1,4294967295,0,0
objRing,1732,2325,002C4EEE,0,1,1,4294967295,0,0
objRing,1788,2305,0017EC94,0,1,1,4294967295,0,0
objRing,1844,2285,003A5032,0,1,1,4294967295,0,0
objRing,1896,2270,004011C3,0,1,1,4294967295,0,0
objRing,1952,2250,00351D5E,0,1,1,4294967295,0,0
objRing,2140,2240,002B8E3A,0,1,1,4294967295,0,0
objRing,2176,2240,002B3176,0,1,1,4294967295,0,0
objRing,2212,2240,002C3B14,0,1,1,4294967295,0,0
objRing,2140,2210,0000E852,0,1,1,4294967295,0,0
objRing,2176,2210,000F6098,0,1,1,4294967295,0,0
objRing,2212,2210,001BC0D1,0,1,1,4294967295,0,0
objRing,2820,2235,001C422F,0,1,1,4294967295,0,0
objRing,2856,2235,0020866B,0,1,1,4294967295,0,0
objRing,2896,2235,000EAD2C,0,1,1,4294967295,0,0
objRing,2936,2235,00146F50,0,1,1,4294967295,0,0
objRing,2976,2235,000229AB,0,1,1,4294967295,0,0
objRing,3130,1875,00261408,0,1,1,4294967295,0,0
objRing,3180,1875,002F9967,0,1,1,4294967295,0,0
objRing,3230,1875,0031D1C6,0,1,1,4294967295,0,0
objRing,3280,1875,0011C00D,0,1,1,4294967295,0,0
objRing,3080,1875,003E269B,0,1,1,4294967295,0,0
objRing,3573,2161,00141B11,0,1,1,4294967295,0,0
objRing,3580,2215,0025860C,0,1,1,4294967295,0,0
objRing,3610,2261,00131D4B,0,1,1,4294967295,0,0
objRing,3660,2290,000AC0DF,0,1,1,4294967295,0,0
objRing,3711,2292,00347E09,0,1,1,4294967295,0,0
objRing,4150,2290,00310DC2,0,1,1,4294967295,0,0
objRing,4210,2260,0010335B,0,1,1,4294967295,0,0
objRing,4250,2190,0000E3AB,0,1,1,4294967295,0,0
objRing,4220,2120,00159CBF,0,1,1,4294967295,0,0
objRing,4150,2085,0019B656,0,1,1,4294967295,0,0
objRing,4080,2120,0029FD74,0,1,1,4294967295,0,0
objRing,4040,2190,000DE65A,0,1,1,4294967295,0,0
objRing,4080,2260,003950DB,0,1,1,4294967295,0,0
objRing,4420,1935,002D1E8B,0,1,1,4294967295,0,0
objRing,4480,1915,00350018,0,1,1,4294967295,0,0
objRing,4540,1895,0024BF5D,0,1,1,4294967295,0,0
objRing,4600,1875,00077596,0,1,1,4294967295,0,0
objRing,4660,1855,0034BE12,0,1,1,4294967295,0,0
objRing,6350,2120,000D2596,0,1,1,4294967295,0,0
objRing,6350,2040,001B5890,0,1,1,4294967295,0,0
objRing,6350,1970,000FD342,0,1,1,4294967295,0,0
objRing,6350,1895,000F93F2,0,1,1,4294967295,0,0
objRing,6350,1820,001F6696,0,1,1,4294967295,0,0
objRing,6515,1725,00145029,0,1,1,4294967295,0,0
objRing,6515,1656,00025294,0,1,1,4294967295,0,0
objRing,6516,1790,0033093C,0,1,1,4294967295,0,0
objRing,6517,1830,003611E5,0,1,1,4294967295,0,0
objRing,6740,2015,003ECC28,0,1,1,4294967295,0,0
objRing,6780,2015,001D1BF4,0,1,1,4294967295,0,0
objRing,6820,2015,0023DFF3,0,1,1,4294967295,0,0
objRing,7970,1490,002AC1EF,0,1,1,4294967295,0,0
objRing,7970,1580,00077E80,0,1,1,4294967295,0,0
objRing,7970,1670,0010F22B,0,1,1,4294967295,0,0
objRing,7970,1760,000FEEF8,0,1,1,4294967295,0,0
objRing,8390,1970,002A67A4,0,1,1,4294967295,0,0
objRing,8440,1970,0029AE19,0,1,1,4294967295,0,0
objRing,8495,1970,00383439,0,1,1,4294967295,0,0
objRing,8550,1970,0035BB18,0,1,1,4294967295,0,0
objRing,8605,1970,0009DA3E,0,1,1,4294967295,0,0
objWallJumpI,9416,1396,0012D868,0,1,1,4294967295,0,0
objWallJumpI,9416,1348,0001D09C,0,1,1,4294967295,0,0
objWallJumpI,9416,1300,001F2E04,0,1,1,4294967295,0,0
objWallJumpI,9416,1252,003CC9B3,0,1,1,4294967295,0,0
objWallJumpI,9416,1208,002E9C1D,0,1,1,4294967295,0,0
objWallJumpI,9416,1160,000E67CD,0,1,1,4294967295,0,0
objWallJumpI,9416,1112,000505B6,0,1,1,4294967295,0,0
objWallJumpI,9416,1064,00092C08,0,1,1,4294967295,0,0
objWallJumpI,9416,1016,002BF65C,0,1,1,4294967295,0,0
objWallJumpI,9280,1020,003DF782,0,1,1,4294967295,0,0
objWallJumpI,9280,1068,003960C8,0,1,1,4294967295,0,0
objWallJumpI,9280,1116,002E3182,0,1,1,4294967295,0,0
objWallJumpI,9280,1164,002E9237,0,1,1,4294967295,0,0
objWallJumpI,9280,1212,000C289A,0,1,1,4294967295,0,0
objWallJumpI,9280,1260,000E073F,0,1,1,4294967295,0,0
objRing,8990,1410,0032D2C9,0,1,1,4294967295,0,0
objRing,9040,1410,0021D2CB,0,1,1,4294967295,0,0
objRing,9090,1410,00210503,0,1,1,4294967295,0,0
objRing,9140,1410,003DEE41,0,1,1,4294967295,0,0
objRing,9190,1410,0035F57F,0,1,1,4294967295,0,0
objRing,9240,1410,003C008D,0,1,1,4294967295,0,0
objRing,9640,910,000771BA,0,1,1,4294967295,0,0
objRing,9680,910,00233ECC,0,1,1,4294967295,0,0
objRing,9720,910,00172B3A,0,1,1,4294967295,0,0
objRing,9760,910,0009A372,0,1,1,4294967295,0,0
objRing,9900,910,00196AC2,0,1,1,4294967295,0,0
objRing,9940,910,002881F4,0,1,1,4294967295,0,0
objRing,9980,910,002BBA61,0,1,1,4294967295,0,0
objRing,11550,1140,0030B51F,0,1,1,4294967295,0,0
objRing,11500,1140,0030B42C,0,1,1,4294967295,0,0
objRing,11450,1140,001D878D,0,1,1,4294967295,0,0
objRing,11400,1140,003B4BFE,0,1,1,4294967295,0,0
objRing,11350,1140,001F15F9,0,1,1,4294967295,0,0
objRing,11300,1140,00087E03,0,1,1,4294967295,0,0
objRing,11250,1140,003A9A42,0,1,1,4294967295,0,0
objRing,11200,1140,0016F32D,0,1,1,4294967295,0,0
objRing,11150,1140,0038D6C3,0,1,1,4294967295,0,0
objRing,11030,2010,00058A7C,0,1,1,4294967295,0,0
objRing,11100,2010,001FC441,0,1,1,4294967295,0,0
objRing,11170,2010,0027BB11,0,1,1,4294967295,0,0
objRing,11240,2010,0017EFAF,0,1,1,4294967295,0,0
objRing,11480,2010,00295929,0,1,1,4294967295,0,0
objRing,11530,2010,00380E6C,0,1,1,4294967295,0,0
objRing,11580,2010,0021B288,0,1,1,4294967295,0,0
objRing,11480,1980,00106C42,0,1,1,4294967295,0,0
objRing,11530,1980,000A8579,0,1,1,4294967295,0,0
objRing,11580,1980,002DCA08,0,1,1,4294967295,0,0
objRing,12420,680,001F3719,0,1,1,4294967295,0,0
objRing,12470,680,002D95AD,0,1,1,4294967295,0,0
objRing,12520,680,0039CBDB,0,1,1,4294967295,0,0
objRing,12570,680,00395918,0,1,1,4294967295,0,0
objRing,12690,650,002F14F2,0,1,1,4294967295,0,0
objRing,12730,650,00371386,0,1,1,4294967295,0,0
objRing,12770,650,000511C8,0,1,1,4294967295,0,0
objRing,13650,680,0017A942,0,1,1,4294967295,0,0
objRing,13690,680,00369488,0,1,1,4294967295,0,0
objRing,13730,680,00184A0B,0,1,1,4294967295,0,0
objRing,13890,680,0028FDC8,0,1,1,4294967295,0,0
objRing,13930,680,00104B1A,0,1,1,4294967295,0,0
objRing,13970,680,001662BB,0,1,1,4294967295,0,0
objLeafToken,17780,1784,00144F18,0,1,1,4294967295,0,0
objRing,19650,1730,003CBE2E,0,1,1,4294967295,0,0
objRing,19650,1680,0039E3F4,0,1,1,4294967295,0,0
objRing,19650,1630,0011526E,0,1,1,4294967295,0,0
objRing,19650,1580,00009917,0,1,1,4294967295,0,0
objRing,19730,1440,00093ED3,0,1,1,4294967295,0,0
objRing,19730,1390,00023B21,0,1,1,4294967295,0,0
objRing,19730,1340,00025A45,0,1,1,4294967295,0,0
objRing,19600,1160,00144127,0,1,1,4294967295,0,0
objRing,19600,1110,003DB97A,0,1,1,4294967295,0,0
objRing,19700,850,000F3555,0,1,1,4294967295,0,0
objRing,19600,1060,0003BE07,0,1,1,4294967295,0,0
objRing,19600,1010,002352BD,0,1,1,4294967295,0,0
objRing,19700,800,0005DBBF,0,1,1,4294967295,0,0
objRing,19700,750,00149D98,0,1,1,4294967295,0,0
objRing,19700,700,0033CB90,0,1,1,4294967295,0,0
objArrowSignUp,19670,1960,00346D87,0,1,1,4294967295,0,0
objRing,16320,1700,002221C4,0,1,1,4294967295,0,0
objRing,16320,1750,001A13BC,0,1,1,4294967295,0,0
objRing,16320,1800,0016B972,0,1,1,4294967295,0,0
objRing,16320,1850,00292EBD,0,1,1,4294967295,0,0
objRing,16320,1900,001CAF9F,0,1,1,4294967295,0,0
objRing,16320,1950,002E8A11,0,1,1,4294967295,0,0
objRing,16664,2424,00278505,0,1,1,4294967295,0,0
objRing,16736,2392,00061C55,0,1,1,4294967295,0,0
objRing,16768,2320,001D625D,0,1,1,4294967295,0,0
objRing,16728,2256,001E15A1,0,1,1,4294967295,0,0
objRing,16664,2224,0030C97D,0,1,1,4294967295,0,0
objRing,16560,2320,0034594B,0,1,1,4294967295,0,0
objRing,16592,2392,001C0179,0,1,1,4294967295,0,0
objRing,16592,2256,000E0F58,0,1,1,4294967295,0,0
objRing,16912,2288,0022EDC3,0,1,1,4294967295,0,0
objRing,16944,2240,00265D53,0,1,1,4294967295,0,0
objRing,16992,2216,000B9634,0,1,1,4294967295,0,0
objRing,17072,2216,00308197,0,1,1,4294967295,0,0
objRing,17128,2240,0023040E,0,1,1,4294967295,0,0
objRing,17160,2288,001FFC6B,0,1,1,4294967295,0,0
objRing,8510,2424,0024F5B9,0,1,1,4294967295,0,0
objRing,8550,2424,0012750A,0,1,1,4294967295,0,0
objRing,8656,2424,0021B3AF,0,1,1,4294967295,0,0
objRing,8696,2424,0026122B,0,1,1,4294967295,0,0
objRing,8797,2424,00060D7D,0,1,1,4294967295,0,0
objRing,8831,2424,001AFEDA,0,1,1,4294967295,0,0
objRing,9490,2408,001A6E92,0,1,1,4294967295,0,0
objRing,9560,2384,003569FA,0,1,1,4294967295,0,0
objRing,9630,2360,0030E56C,0,1,1,4294967295,0,0
objRing,9700,2336,00185604,0,1,1,4294967295,0,0
objRing,9770,2312,0029084D,0,1,1,4294967295,0,0
objRing,9930,1912,002A1E9A,0,1,1,4294967295,0,0
objRing,9970,1912,003B00BB,0,1,1,4294967295,0,0
objRing,9930,1880,0013C2B5,0,1,1,4294967295,0,0
objRing,9970,1880,00346600,0,1,1,4294967295,0,0
objRing,9890,1880,00134277,0,1,1,4294967295,0,0
objRing,9890,1912,001B494F,0,1,1,4294967295,0,0
objRing,19610,2256,002BC717,0,1,1,4294967295,0,0
objRing,19650,2256,003E7682,0,1,1,4294967295,0,0
objRing,19690,2256,003D05F2,0,1,1,4294967295,0,0
objRing,19730,2256,0008713D,0,1,1,4294967295,0,0
objSpdRamp,28564,1628,00082634,0,1,1,4294967295,0,0
objRing,23410,1790,00372F2E,0,1,1,4294967295,0,0
objRing,23340,1760,000B5B3D,0,1,1,4294967295,0,0
objRing,23480,1760,003038B4,0,1,1,4294967295,0,0
objRing,23510,1690,000D2DAD,0,1,1,4294967295,0,0
objRing,23300,1690,00025154,0,1,1,4294967295,0,0
objRing,23330,1630,00150A8D,0,1,1,4294967295,0,0
objRing,23410,1590,001E6A50,0,1,1,4294967295,0,0
objRing,23480,1620,003CB8A5,0,1,1,4294967295,0,0
objRing,23760,1110,002F8689,0,1,1,4294967295,0,0
objRing,23790,1060,0032121D,0,1,1,4294967295,0,0
objRing,23830,1030,003D3ECF,0,1,1,4294967295,0,0
objRing,23890,1020,000B9342,0,1,1,4294967295,0,0
objRing,23950,1030,003040C2,0,1,1,4294967295,0,0
objRing,23990,1060,000FA643,0,1,1,4294967295,0,0
objRing,24020,1100,00203C8E,0,1,1,4294967295,0,0
objRing,29950,1730,003F72B4,0,1,1,4294967295,0,0
objRing,29890,1710,0031395D,0,1,1,4294967295,0,0
objRing,29830,1690,00226A8D,0,1,1,4294967295,0,0
objRing,30010,1750,0027E292,0,1,1,4294967295,0,0
objRing,16150,1590,0031197C,0,1,1,4294967295,0,0
objRing,16150,1550,003F7BF8,0,1,1,4294967295,0,0
objRing,16150,1510,001EB7E9,0,1,1,4294967295,0,0
objRing,16150,1470,000DF0F9,0,1,1,4294967295,0,0
objRing,5800,2025,00308520,0,1,1,4294967295,0,0
objRing,5800,2070,003BE778,0,1,1,4294967295,0,0
objRing,5800,2115,0037CB96,0,1,1,4294967295,0,0
objRing,5800,2160,0007A3A8,0,1,1,4294967295,0,0
objRing,21255,655,000413FF,0,1,1,4294967295,0,0
objRing,21310,620,002BA6D2,0,1,1,4294967295,0,0
objRing,21340,560,002B5186,0,1,1,4294967295,0,0
objRing,21310,490,0030126F,0,1,1,4294967295,0,0
objRing,21240,455,001D0053,0,1,1,4294967295,0,0
objRing,21175,485,0003A567,0,1,1,4294967295,0,0
objRing,21145,545,0038E362,0,1,1,4294967295,0,0
objRing,21190,655,0003B442,0,1,1,4294967295,0,0
objRing,6970,2010,001E2E87,0,1,1,4294967295,0,0
objRing,7020,2010,001F5280,0,1,1,4294967295,0,0
objRing,7070,2010,002C315F,0,1,1,4294967295,0,0
objRing,7120,2010,00065CDE,0,1,1,4294967295,0,0
objRailBooster,3772,1144,002E6972,0,1,1,4294967295,0,0
objRailBooster,5308,1044,001F2D79,0,1,1,4294967295,0,0
objRailBooster,5860,1232,00390295,0,1,1,4294967295,0,0
objRailBooster,6428,1044,0034B751,0,1,1,4294967295,0,0
objRailBooster,20170,1739,00137606,0,1,1,4294967295,0,0
objRailBooster,20760,1794,00025ED2,0,1,1,4294967295,0,0
objZipHolder,11636,1592,00302D97,0,1,1,4294967295,0,0
objEnemyC1,7335,1205,003DCD28,0,1,1,4294967295,0,0
objEnemyC2,7790,1210,002D8EC8,0,1,1,4294967295,0,0
objEnemyC3,7335,1470,0016952C,0,1,1,4294967295,0,0
objEnemyC4,7790,1470,002C03B9,0,1,1,4294967295,0,0
objZipHolder2,11960,1960,0009F3E6,0,1,1,4294967295,0,0
objRingDashRU,4736,1320,0031AB8C,0,1,1,4294967295,0,0
objGRingRight,5648,1196,002DA295,0,1,1,4294967295,0,0
objGRingRight,5088,996,001C4AAE,0,1,1,4294967295,0,0
objGRingUp,5372,1492,0025AB31,0,1,1,4294967295,0,0
objGRingUp,5444,1492,001A9151,0,1,1,4294967295,0,0
objGRingUp,5512,1492,001A1680,0,1,1,4294967295,0,0
objGRingDown,6515,1760,002EFC58,0,1,1,4294967295,0,0
objGRingDown,6515,1690,003559EA,0,1,1,4294967295,0,0
objGRingDown,6515,1630,00100999,0,1,1,4294967295,0,0
objGRingDown,7970,1855,0000370F,0,1,1,4294967295,0,0
objGRingDown,7970,1110,001E9BA0,0,1,1,4294967295,0,0
objGRingDown,7970,1240,002E321B,0,1,1,4294967295,0,0
objGRingRight,5484,1124,00182DA3,0,1,1,4294967295,0,0
objGRingDown,7970,1450,0019ED16,0,1,1,4294967295,0,0
objGRingUp,3400,1516,00040983,0,1,1,4294967295,0,0
objRingDashRU,22488,1120,001680F2,0,1,1,4294967295,0,0
objRingDashRU,22608,976,00367C19,0,1,1,4294967295,0,0
objRainbowRingR,22752,808,001CD773,0,1,1,4294967295,0,0
objGRingUp,12936,988,0013F5CC,0,1,1,4294967295,0,0
objGRingUp,12936,888,00267A53,0,1,1,4294967295,0,0
objGRingUp,12936,784,002AD389,0,1,1,4294967295,0,0
objGRingLeft,19980,2450,00037A65,0,1,1,4294967295,0,0
objGRingLeft,20050,2450,0003BD1A,0,1,1,4294967295,0,0
objGRingLeft,20120,2450,002F4547,0,1,1,4294967295,0,0
objGRingLeft,20190,2450,0014BB7E,0,1,1,4294967295,0,0
objGRingLeft,20260,2450,00061698,0,1,1,4294967295,0,0
objGRingLeft,20330,2450,0022FDE3,0,1,1,4294967295,0,0
objGRingLeft,20400,2450,000134FA,0,1,1,4294967295,0,0
objGRingLeft,20470,2450,000BD405,0,1,1,4294967295,0,0
objGRingLeft,20540,2450,00229233,0,1,1,4294967295,0,0
objGRingLeft,20610,2450,00004016,0,1,1,4294967295,0,0
objGRingLeft,19910,2450,00175F17,0,1,1,4294967295,0,0
objGRingUp,19830,2450,0011F935,0,1,1,4294967295,0,0
objWoodBox,4885,1810,00237FB0,0,1,1,4294967295,0,0
objWoodBox,4885,1760,0009C0F0,0,1,1,4294967295,0,0
objWoodBox,5500,1758,001CDC65,0,1,1,4294967295,0,0
objWoodBox,5451,1809,0011C481,0,1,1,4294967295,0,0
objWoodBox,5500,1809,00254156,0,1,1,4294967295,0,0
objWaterLine,7072,2032,001EA4E7,0,1,1,4294967295,0,0
objWaterLine,7424,2032,00383160,0,1,1,4294967295,0,0
objWaterLine,7776,2032,002CB6EB,0,1,1,4294967295,0,0
objWaterLine,8128,2032,0026AC04,0,1,1,4294967295,0,0
objWaterLine,8480,2032,002135C2,0,1,1,4294967295,0,0
objWaterLine,8832,2032,000E3AFC,0,1,1,4294967295,0,0
objWaterLine,9184,2032,002ABAD9,0,1,1,4294967295,0,0
objWaterLine,9536,2032,0005B282,0,1,1,4294967295,0,0
objWaterLine,9888,2032,00227E40,0,1,1,4294967295,0,0
objWaterLine,10240,2032,0008B1C7,0,1,1,4294967295,0,0
objWaterLine,10592,2032,00306257,0,1,1,4294967295,0,0
objWaterLine,15544,1812,00174DE1,0,1,1,4294967295,0,0
objWaterLine,15896,1812,00122BB6,0,1,1,4294967295,0,0
objWaterLine,16248,1812,00320B21,0,1,1,4294967295,0,0
objWaterLine,16600,1812,002C0649,0,1,1,4294967295,0,0
objWaterLine,16952,1812,00171CBE,0,1,1,4294967295,0,0
objWaterLine,17304,1812,002F1695,0,1,1,4294967295,0,0
objWaterLine,17656,1812,0011882A,0,1,1,4294967295,0,0
objWaterLine,18008,1812,003F4F1B,0,1,1,4294967295,0,0
objWaterLine,18360,1812,0001B5BA,0,1,1,4294967295,0,0
objWaterLine,18712,1812,0000F8E8,0,1,1,4294967295,0,0
objWaterLine,19064,1812,003F3F54,0,1,1,4294967295,0,0
objWaterLine,19416,1812,0035FEBB,0,1,1,4294967295,0,0
objWaterLine,19768,1812,0035BB5F,0,1,1,4294967295,0,0
objWaterLine,20120,1812,003B33B4,0,1,1,4294967295,0,0
objWaterLine,21176,1812,0030FF69,0,1,1,4294967295,0,0
objWaterLine,20472,1812,002F6095,0,1,1,4294967295,0,0
objWaterLine,20824,1812,0009C74E,0,1,1,4294967295,0,0
objWaterLine,21528,1812,002B6CDF,0,1,1,4294967295,0,0
objPlatRight,14068,696,001FD3FF,0,1,1,4294967295,0,0
objPlatLeft,15528,696,002ACBBF,0,1,1,4294967295,0,0
objController,25,2065,001C0D17,0,1,1,4294967295,0,0
