tl_HUBTree,64,19,0,0,149,180,0,1,1,4294967295
tl_HUBBush,-20,160,0,0,125,40,0,1,1,4294967295
tl_HUBBush,206,168,0,0,125,40,0,1,1,4294967295
tl_HUBBush,315,178,0,0,125,40,0,1,1,4294967295
tl_HUBTree,544,20,0,0,149,180,0,1,1,4294967295
tl_HUBTree,896,20,0,0,149,180,0,1,1,4294967295
tl_HUBTree,1480,20,0,0,149,180,0,1,1,4294967295
tl_HUBTree,1984,20,0,0,149,180,0,1,1,4294967295
tl_HUBTree,2352,20,0,0,149,180,0,1,1,4294967295
tl_HUBTree,2996,20,0,0,149,180,0,1,1,4294967295
tl_HUBTree,3508,20,0,0,149,180,0,1,1,4294967295
tl_HUBTree,3896,20,0,0,149,180,0,1,1,4294967295
tl_HUBTree,4236,20,0,0,149,180,0,1,1,4294967295
tl_HUBTree,4780,20,0,0,149,180,0,1,1,4294967295
tl_HUBTree,5272,20,0,0,149,180,0,1,1,4294967295
tl_HUBTree,5676,20,0,0,149,180,0,1,1,4294967295
tl_HUBBush,608,164,0,0,125,40,0,1,1,4294967295
tl_HUBBush,664,180,0,0,125,40,0,1,1,4294967295
tl_HUBBush,864,156,0,0,125,40,0,1,1,4294967295
tl_HUBBush,1068,156,0,0,125,40,0,1,1,4294967295
tl_HUBBush,1124,172,0,0,125,40,0,1,1,4294967295
tl_HUBBush,1304,156,0,0,125,40,0,1,1,4294967295
tl_HUBBush,1460,172,0,0,125,40,0,1,1,4294967295
tl_HUBBush,1516,156,0,0,125,40,0,1,1,4294967295
tl_HUBBush,1736,156,0,0,125,40,0,1,1,4294967295
tl_HUBBush,1824,180,0,0,125,40,0,1,1,4294967295
tl_HUBBush,1960,176,0,0,125,40,0,1,1,4294967295
tl_HUBBush,2264,156,0,0,125,40,0,1,1,4294967295
tl_HUBBush,2208,172,0,0,125,40,0,1,1,4294967295
tl_HUBBush,2488,156,0,0,125,40,0,1,1,4294967295
tl_HUBBush,2588,168,0,0,125,40,0,1,1,4294967295
tl_HUBBush,2840,156,0,0,125,40,0,1,1,4294967295
tl_HUBBush,2944,172,0,0,125,40,0,1,1,4294967295
tl_HUBBush,3180,156,0,0,125,40,0,1,1,4294967295
tl_HUBBush,3492,156,0,0,125,40,0,1,1,4294967295
tl_HUBBush,3436,172,0,0,125,40,0,1,1,4294967295
tl_HUBBush,3760,156,0,0,125,40,0,1,1,4294967295
tl_HUBBush,3860,168,0,0,125,40,0,1,1,4294967295
tl_HUBBush,3920,180,0,0,125,40,0,1,1,4294967295
tl_HUBBush,4292,160,0,0,125,40,0,1,1,4294967295
tl_HUBBush,4236,176,0,0,125,40,0,1,1,4294967295
tl_HUBBush,4380,160,0,0,125,40,0,1,1,4294967295
tl_HUBBush,4628,164,0,0,125,40,0,1,1,4294967295
tl_HUBBush,4756,172,0,0,125,40,0,1,1,4294967295
tl_HUBBush,4968,160,0,0,125,40,0,1,1,4294967295
tl_HUBBush,5056,160,0,0,125,40,0,1,1,4294967295
tl_HUBBush,5112,176,0,0,125,40,0,1,1,4294967295
tl_HUBBush,5336,156,0,0,125,40,0,1,1,4294967295
tl_HUBBush,5392,172,0,0,125,40,0,1,1,4294967295
tl_HUBBush,5616,164,0,0,125,40,0,1,1,4294967295
tl_HUBBush,5704,164,0,0,125,40,0,1,1,4294967295
tl_HUBBush,5728,180,0,0,125,40,0,1,1,4294967295
tl_HUBBush,5988,156,0,0,125,40,0,1,1,4294967295
