objHUBWaterfall,32,0,000DDFA2,0,1,1,4294967295,0,0
objBGBASE,40,4,0000294A,0,1,1,4294967295,0,0
objHUBBirds,268,128,00118CBD,0,1,1,4294967295,0,0
objHUBBirds,312,108,0011C1D9,0,1,1,4294967295,0,0
objHUBBirds,364,124,0027EDDB,0,1,1,4294967295,0,0
objHUBGrass,0,193,0027A887,0,1,1,4294967295,0,0
objHUBGrass,352,193,0015B41D,0,1,1,4294967295,0,0
objHUBGrass,704,193,00355536,0,1,1,4294967295,0,0
objHUBGrass,1056,193,0038C0FB,0,1,1,4294967295,0,0
objHUBGrass,1408,193,000733BF,0,1,1,4294967295,0,0
objHUBGrass,1760,193,00143391,0,1,1,4294967295,0,0
objHUBGrass,2112,193,00043852,0,1,1,4294967295,0,0
objHUBGrass,2464,193,0003DC94,0,1,1,4294967295,0,0
objHUBGrass,2816,193,0009C160,0,1,1,4294967295,0,0
objHUBGrass,3168,193,00078CA9,0,1,1,4294967295,0,0
objHUBGrass,3520,193,0011F21F,0,1,1,4294967295,0,0
objHUBGrass,3872,193,003FA425,0,1,1,4294967295,0,0
objHUBGrass,4224,193,001F13C0,0,1,1,4294967295,0,0
objHUBGrass,4576,193,0002464C,0,1,1,4294967295,0,0
objHUBGrass,4928,193,001AEE7B,0,1,1,4294967295,0,0
objHUBGrass,5280,193,002D4302,0,1,1,4294967295,0,0
objHUBGrass,5632,193,001D18B6,0,1,1,4294967295,0,0
objHUBGrass,5984,193,001F9AA8,0,1,1,4294967295,0,0
objHUBGrass,6336,193,00358D65,0,1,1,4294967295,0,0
objRunWay2,-192,193,00363E11,0,1,1,4294967295,0,0
objPlayerPosition,80,184,0021998D,0,1,1,4294967295,0,0
objTailsDummy,326,182,00356F26,0,1,1,4294967295,0,0
objHUBRoomtoLevel,416,104,0008CD74,0,1,1,4294967295,0,0
objInvWall,416,-24,002C36E2,0,1,1,4294967295,0,0
objInvWall,-28,-24,0036679C,0,1,1,4294967295,0,0
objHUBRoomChange,-28,104,00177E56,0,1,1,4294967295,0,0
objPSD,304,132,001818E3,0,1,1,4294967295,0,0
objLensFlare,4,4,0029AD5A,0,1,1,4294967295,0,0
objHUDBS2,357,117,000BF1DA,0,1,1,4294967295,0,0
objHUDBS1,4,117,000A471A,0,1,1,4294967295,0,0
objController,20,4,0039B9A7,0,1,1,4294967295,0,0
