objBGSUNLIGHT2,32,312,00319994,0,1,1,4294967295,0,0
objBGOceanParallax,56,312,00246D65,0,1,1,4294967295,0,0
objSShipP1,-72,964,0008EB26,0,1,1,4294967295,0,1
objSun_Boss,572,1088,003B4505,0,1,1,4294967295,0,0
objTargetBlockerV,548,768,0019DE1D,0,1,1,4294967295,0,0
objTargetBlockerV,548,912,002795E9,0,1,1,4294967295,0,0
objSUNWaterGun2,548,1240,003D406A,0,1,1,4294967295,0,0
objSUNWaterGun2,756,1240,0013387D,0,1,1,4294967295,0,0
objGoal,2208,1204,0008DBD9,0,1,1,4294967295,0,0
objPlayerPosition,616,1248,000927BA,0,1,1,4294967295,0,0
objInvWall,324,1136,00348AA4,0,1,1,4294967295,0,0
objInvWall,324,1008,002CBE82,0,1,1,4294967295,0,0
objInvWall,324,880,000534DD,0,1,1,4294967295,0,0
objInvWall,940,1136,0024CA7A,0,1,1,4294967295,0,0
objInvWall,940,1008,000A5BA9,0,1,1,4294967295,0,0
objInvWall,940,880,00207F49,0,1,1,4294967295,0,0
objInvWall,436,592,000BBADC,0,1,1,4294967295,0,0
objInvWall,836,592,0016B51B,0,1,1,4294967295,0,0
objInvWall,436,464,001CC78D,0,1,1,4294967295,0,0
objInvWall,436,336,003B4436,0,1,1,4294967295,0,0
objInvWall,836,464,00234445,0,1,1,4294967295,0,0
objInvWall,836,336,001BF1BA,0,1,1,4294967295,0,0
objInvFloorAct,468,688,0010F331,0,1,1,4294967295,0,0
objInvFloorAct,596,688,0034CBC8,0,1,1,4294967295,0,0
objInvFloorAct,724,688,000195AD,0,1,1,4294967295,0,0
objRing,756,876,0007BF4A,0,1,1,4294967295,0,0
objRing,756,840,00112E0D,0,1,1,4294967295,0,0
objRing,756,804,003C884B,0,1,1,4294967295,0,0
objRing,756,768,00126624,0,1,1,4294967295,0,0
objRing,756,732,00371206,0,1,1,4294967295,0,0
objMonitorRings,548,912,002A9BFC,0,1,1,4294967295,0,0
objRing,492,588,003B6DDB,0,1,1,4294967295,0,0
objRing,524,588,0028BFAA,0,1,1,4294967295,0,0
objRing,524,612,002AEEB7,0,1,1,4294967295,0,0
objRing,492,612,003BDDB9,0,1,1,4294967295,0,0
objRing,628,672,00109F5F,0,1,1,4294967295,0,0
objRing,812,612,003A4576,0,1,1,4294967295,0,0
objRing,780,588,0010B8AF,0,1,1,4294967295,0,0
objRing,780,612,000833BB,0,1,1,4294967295,0,0
objRing,812,588,003742A3,0,1,1,4294967295,0,0
objRing,708,672,000EF03E,0,1,1,4294967295,0,0
objRing,668,672,002693C4,0,1,1,4294967295,0,0
objRing,588,672,003B5223,0,1,1,4294967295,0,0
objBossCont,80,312,000168DC,0,1,1,4294967295,0,0
objSmRamp,1128,1188,0021A4FB,0,1,1,4294967295,0,0
object1910,1224,1336,000D0D1A,0,1,1,4294967295,0,0
object1909,1608,1240,001B1B54,0,1,1,4294967295,0,0
object1909,1864,1240,002AA8FD,0,1,1,4294967295,0,0
object1909,2120,1240,000643D2,0,1,1,4294967295,0,0
object1909,2376,1240,000291F6,0,1,1,4294967295,0,0
object1915,1224,1400,0008DE15,0,1,1,4294967295,0,0
object1915,1224,1464,00194EED,0,1,1,4294967295,0,0
object1915,2632,1240,003CEC32,0,1,1,4294967295,0,0
object1915,2632,1176,0024C219,0,1,1,4294967295,0,0
object1915,2632,1112,002695E1,0,1,1,4294967295,0,0
object1915,2632,1048,002EBF26,0,1,1,4294967295,0,0
object1915,2632,984,0030CB7C,0,1,1,4294967295,0,0
objRing,420,1220,00214E7F,0,1,1,4294967295,0,0
objRing,460,1220,0028CA70,0,1,1,4294967295,0,0
objRing,500,1220,002C0AEA,0,1,1,4294967295,0,0
objRing,440,1200,003630E2,0,1,1,4294967295,0,0
objRing,480,1200,000E3181,0,1,1,4294967295,0,0
objRing,800,1220,0027DC23,0,1,1,4294967295,0,0
objRing,840,1220,0010D7D1,0,1,1,4294967295,0,0
objRing,880,1220,001A9E0F,0,1,1,4294967295,0,0
objRing,860,1200,002DC304,0,1,1,4294967295,0,0
objRing,820,1200,001117A3,0,1,1,4294967295,0,0
objMonitorLife,548,768,001FE3DB,0,1,1,4294967295,0,0
object1955,1416,1240,0038759B,0,1,1,4294967295,0,0
object1957,1288,1304,003651D0,0,1,1,4294967295,0,0
objInvFloor,1096,1336,002D4EF9,0,1,1,4294967295,0,0
objInvWall,324,752,000824C5,0,1,1,4294967295,0,0
objInvWall,324,624,0003A7ED,0,1,1,4294967295,0,0
objInvWall,940,752,00066396,0,1,1,4294967295,0,0
objInvWall,940,624,003D2EA9,0,1,1,4294967295,0,0
objInvWall,324,496,0004A819,0,1,1,4294967295,0,0
objInvWall,940,496,00212361,0,1,1,4294967295,0,0
objInvWall,836,208,003AE36C,0,1,1,4294967295,0,0
objInvWall,436,208,0001789E,0,1,1,4294967295,0,0
objSUNBarrel,296,1232,000DDBA5,0,1,1,4294967295,0,0
objSUNBarrel,352,1232,001B2FE9,0,1,1,4294967295,0,0
objSUNBarrel,324,1240,002B79BC,0,1,1,4294967295,0,0
objSUNBarrel,944,1232,0010E5B2,0,1,1,4294967295,0,0
objSUNBarrel,1000,1232,000E878F,0,1,1,4294967295,0,0
objSUNBarrel,972,1240,0027240B,0,1,1,4294967295,0,0
objSUNBarrel,1072,1188,002BB6EF,0,1,1,4294967295,0,0
objSUNBarrel,1128,1188,002B8AAF,0,1,1,4294967295,0,0
objSUNBarrel,1100,1196,001A5A27,0,1,1,4294967295,0,0
object1962,380,1264,002FDE12,0,1,1,4294967295,0,0
object1962,508,1264,002F468C,0,1,1,4294967295,0,0
object1962,636,1264,00145DE5,0,1,1,4294967295,0,0
object1962,764,1264,003486F0,0,1,1,4294967295,0,0
object1964,948,1232,003488BA,0,1,1,4294967295,0,0
object1964,972,1220,000E0222,0,1,1,4294967295,0,0
object1962,1036,1220,00009662,0,1,1,4294967295,0,0
object1965,1212,1188,0005E332,0,1,1,4294967295,0,0
object1965,1164,1220,00148C26,0,1,1,4294967295,0,0
object1965,1196,1188,002D856A,0,1,1,4294967295,0,0
object1965,1196,1220,003F7C92,0,1,1,4294967295,0,0
object1962,820,1264,003362F2,0,1,1,4294967295,0,0
object1962,252,1264,003541A7,0,1,1,4294967295,0,0
objController,8,312,0024907A,0,1,1,4294967295,0,0
