objBGSUNLIGHT,16,0,000D9DD2,0,1,1,4294967295,0,0
scpTailsTornado,736,400,000E13B4,0,1,1,4294967295,0,0
scpSonic_Crouch,710,368,0039503D,0,1,1,4294967295,0,0
objBGSUNCloud,172,232,00046E21,0,1,1,4294967295,0,0
objBGSUNCloud,396,328,001B708F,0,1,1,4294967295,0,0
objBGSUNCloud,176,480,00352B35,0,1,1,4294967295,0,0
objBGSUNCloud,320,84,001980C9,0,1,1,4294967295,0,0
objBGSUNCloud,520,228,003AD958,0,1,1,4294967295,0,0
objBGSUNCloud,664,300,0010B14D,0,1,1,4294967295,0,0
objBGSUNCloud,484,476,003E195D,0,1,1,4294967295,0,0
objBGSUNCloud,728,524,00363C89,0,1,1,4294967295,0,0
objBGSUNCloud,868,172,00136992,0,1,1,4294967295,0,0
objBGSUNCloud,592,84,0039B470,0,1,1,4294967295,0,0
objBGSUNCloud,948,344,001B5764,0,1,1,4294967295,0,0
objBGSUNCloud,44,140,000C56BF,0,1,1,4294967295,0,0
objBGSUNCloud,56,388,00358133,0,1,1,4294967295,0,0
objDialogueCam,464,128,00097F51,0,1,1,4294967295,0,0
