objBGNIGHT,8,564,001F74BC,0,1,1,4294967295,0,0
object1513,0,768,0025DDFA,0,1,1,4294967295,0,0
object1513,192,768,001E9453,0,1,1,4294967295,0,0
object1513,384,768,00311974,0,1,1,4294967295,0,0
objInvWall,528,644,0013A77B,0,1,1,4294967295,0,0
objInvWall,528,516,003A1F26,0,1,1,4294967295,0,0
objPlayerPosition,80,752,0020324A,0,1,1,4294967295,0,0
objBossLooper,48,564,0023EBBE,0,1,1,4294967295,0,0
object1513,576,768,002EFFC3,0,1,1,4294967295,0,0
object1513,6348,464,0033D15B,0,1,1,4294967295,0,0
object1513,6540,464,001FF9B5,0,1,1,4294967295,0,0
object1513,6732,464,00026C22,0,1,1,4294967295,0,0
object1513,6156,464,003AB6B2,0,1,1,4294967295,0,0
object1534,6156,592,000C886D,0,1,1,4294967295,0,0
object1534,6348,592,0021717F,0,1,1,4294967295,0,0
object1534,6540,592,00401653,0,1,1,4294967295,0,0
object1534,6732,592,000C9FC1,0,1,1,4294967295,0,0
object1532,6132,480,00163851,0,1,1,4294967295,0,0
object1533,6924,480,001E4967,0,1,1,4294967295,0,0
object1524,6132,464,001549A5,0,1,1,4294967295,0,0
object1525,6924,464,002EE6DB,0,1,1,4294967295,0,0
object1513,768,768,0009363A,0,1,1,4294967295,0,0
objNight_Boss,472,728,000DAD2F,0,1,1,4294967295,0,0
objLM_Gradient,6232,604,00129F63,0,1,1,4294967295,0,0
objNIGHTWaterfall,6356,560,000C59BF,0,1,1,4294967295,0,0
objNIGHTWaterfall,6356,752,00393028,0,1,1,4294967295,0,0
objController,28,564,0022A52E,0,1,1,4294967295,0,0
