tl_SunlightR,24,1184,0,0,152,22,0,1,1,4294967295
tl_SunlightPole3,8,1268,0,0,40,19,0,1,1,4294967295
tl_SunlightPole3,152,1292,40,0,40,19,0,1,1,4294967295
tl_SunlightC,816,1456,28,0,28,23,0,1,1,4294967295
tl_SunlightC,644,1432,0,0,28,23,0,1,1,4294967295
tl_SunlightC,516,1384,28,0,28,23,0,1,1,4294967295
tl_SunlightC,320,1364,0,0,28,23,0,1,1,4294967295
tl_SunlightC,272,1324,28,0,28,23,0,1,1,4294967295
tl_SunlightC,1020,1476,0,0,28,23,0,1,1,4294967295
tl_SunlightC,1196,1464,28,0,28,23,0,1,1,4294967295
tl_SunlightC,1372,1476,0,0,28,23,0,1,1,4294967295
tl_SunlightC,1620,1464,28,0,28,23,0,1,1,4294967295
tl_SunlightC,1852,1468,0,0,28,23,0,1,1,4294967295
tl_SunlightPole3,1564,1440,0,0,40,19,0,1,1,4294967295
tl_SunlightPole3,1780,1440,0,0,40,19,0,1,1,4294967295
tl_SunlightR,1780,1236,0,0,152,22,0,1,1,4294967295
tl_SunlightR2,1636,1236,0,0,152,68,0,1,1,4294967295
tl_SunlightR2,1564,1259,0,0,152,68,0,1,1,4294967295
tl_SunlightR2,9060,1236,0,0,152,68,0,1,1,4294967295
tl_SunlightR2,8988,1259,0,0,152,68,0,1,1,4294967295
tl_SunlightPole3,8988,1712,0,0,40,19,0,1,1,4294967295
tl_SunlightPole3,9204,1672,0,0,40,19,0,1,1,4294967295
tl_SunlightMain,11624,1148,0,0,192,64,0,1,1,4294967295
tl_SunlightR,18204,832,0,0,152,22,0,1,1,4294967295
tl_SunlightR,18060,832,0,0,152,22,0,1,1,4294967295
tl_SunlightR,17988,832,0,0,152,22,0,1,1,4294967295
tl_SunlightR3,18384,840,0,0,152,68,0,1,1,4294967295
tl_SunlightR2,18264,624,0,0,152,68,0,1,1,4294967295
tl_SunlightR,18448,612,0,0,152,22,0,1,1,4294967295
tl_SunlightR,18592,612,0,0,152,22,0,1,1,4294967295
tl_SunlightR,18736,612,0,0,152,22,0,1,1,4294967295
tl_SunlightR,18808,612,0,0,152,22,0,1,1,4294967295
tl_SunlightR,18564,896,0,0,152,22,0,1,1,4294967295
tl_SunlightR,18708,896,0,0,152,22,0,1,1,4294967295
tl_SunlightPole3,18004,964,0,0,40,19,0,1,1,4294967295
tl_SunlightPole3,18368,1008,0,0,40,19,0,1,1,4294967295
tl_SunlightPole3,18580,1064,0,0,40,19,0,1,1,4294967295
tl_SunlightPole3,18876,1084,40,0,40,19,0,1,1,4294967295
tl_SunlightPole3,18948,1084,40,0,40,19,0,1,1,4294967295
tl_SunlightPole3,18252,976,0,0,40,19,0,1,1,4294967295
tl_SunlightPole3,18464,1032,0,0,40,19,0,1,1,4294967295
tl_SunlightC,7548,1740,0,0,28,23,0,1,1,4294967295
tl_SunlightC,7840,1732,0,0,28,23,0,1,1,4294967295
tl_SunlightC,7708,1748,28,0,28,23,0,1,1,4294967295
tl_SunlightC,8228,1772,28,0,28,23,0,1,1,4294967295
tl_SunlightC,8076,1748,0,0,28,23,0,1,1,4294967295
tl_SunlightC,8432,1780,0,0,28,23,0,1,1,4294967295
tl_SunlightC,8728,1780,28,0,28,23,0,1,1,4294967295
tl_SunlightC,8896,1756,0,0,28,23,0,1,1,4294967295
tl_SunlightC,9040,1720,28,0,28,23,0,1,1,4294967295
tl_SunlightC,9192,1704,28,0,28,23,0,1,1,4294967295
tl_SunlightC,9368,1688,0,0,28,23,0,1,1,4294967295
tl_SunlightC,9552,1676,28,0,28,23,0,1,1,4294967295
tl_SunlightC,9808,1688,0,0,28,23,0,1,1,4294967295
tl_SunlightC,19024,1996,28,0,28,23,0,1,1,4294967295
tl_SunlightC,19164,1984,0,0,28,23,0,1,1,4294967295
tl_SunlightC,19388,2012,0,0,28,23,0,1,1,4294967295
tl_SunlightC,19652,2008,28,0,28,23,0,1,1,4294967295
tl_SunlightR,33028,1128,0,0,152,22,0,1,1,4294967295
tl_SunlightR,33172,1128,0,0,152,22,0,1,1,4294967295
tl_SunlightR,33316,1128,0,0,152,22,0,1,1,4294967295
tl_SunlightR3,34108,1136,0,0,152,68,0,1,1,4294967295
tl_SunlightR2,31804,1138,0,0,152,68,0,1,1,4294967295
tl_SunlightWB,37060,1344,0,0,192,59,0,1,1,4294967295
tl_SunlightWB,37192,1324,0,0,192,59,0,1,1,4294967295
tl_SunlightWF,37180,1352,0,0,256,62,0,1,1,4294967295
tl_SunlightC,12536,1512,28,0,28,23,0,1,1,4294967295
tl_SunlightC,12728,1508,0,0,28,23,0,1,1,4294967295
tl_SunlightC,12864,1520,28,0,28,23,0,1,1,4294967295
tl_SunlightC,12988,1512,0,0,28,23,0,1,1,4294967295
tl_SunlightC,13156,1524,28,0,28,23,0,1,1,4294967295
tl_SunlightC,13336,1512,0,0,28,23,0,1,1,4294967295
tl_SunlightC,13460,1520,0,0,28,23,0,1,1,4294967295
tl_SunlightC,13592,1512,28,0,28,23,0,1,1,4294967295
tl_SunlightC,17788,1488,0,0,28,23,0,1,1,4294967295
tl_SunlightC,17936,1484,28,0,28,23,0,1,1,4294967295
tl_SunlightC,18056,1488,28,0,28,23,0,1,1,4294967295
tl_SunlightC,18216,1504,0,0,28,23,0,1,1,4294967295
tl_SunlightC,18348,1524,28,0,28,23,0,1,1,4294967295
tl_SunlightC,18436,1552,0,0,28,23,0,1,1,4294967295
tl_SunlightC,18596,1576,0,0,28,23,0,1,1,4294967295
tl_SunlightC,18680,1564,28,0,28,23,0,1,1,4294967295
tl_SunlightC,18860,1580,28,0,28,23,0,1,1,4294967295
tl_SunlightSand,39468,2076,0,0,180,120,0,1,1,4294967295
tl_SunlightSand,39648,2076,0,0,180,120,0,1,1,4294967295
tl_SunlightSand,38272,1816,0,0,180,120,0,1,1,4294967295
tl_SunlightSand,38452,1816,0,0,180,120,0,1,1,4294967295
tl_SunlightSand,38544,1872,0,0,180,120,0,1,1,4294967295
tl_SunlightSand,38632,1896,0,0,180,120,0,1,1,4294967295
tl_SunlightSand,38788,1920,0,0,180,120,0,1,1,4294967295
tl_SunlightSand,39100,1960,0,0,180,120,0,1,1,4294967295
tl_SunlightSand,38960,1948,0,0,180,120,0,1,1,4294967295
tl_coralWR,46196,712,0,64,32,64,0,1,1,4294967295
tl_coralWR,46388,800,32,64,32,64,0,1,1,4294967295
tl_coralWR,46388,748,32,128,32,64,0,1,1,4294967295
tl_coralWR,46388,876,32,64,32,64,0,1,1,4294967295
tl_coralWR,46196,836,0,64,32,64,0,1,1,4294967295
tl_coralWR,46484,868,0,64,32,64,0,1,1,4294967295
tl_coralWR,46484,904,0,128,32,64,0,1,1,4294967295
tl_coralWR,46484,1032,0,64,32,64,0,1,1,4294967295
tl_coralWR,49700,828,0,64,32,64,0,1,1,4294967295
tl_coralWR,49700,980,0,64,32,64,0,1,1,4294967295
tl_coralWR,49700,932,0,128,32,64,0,1,1,4294967295
tl_coralWR,50420,812,0,64,32,64,0,1,1,4294967295
tl_coralWR,50420,668,0,64,32,64,0,1,1,4294967295
tl_coralWR,50420,688,0,128,32,64,0,1,1,4294967295
tl_coralWR,54372,1180,32,64,32,64,0,1,1,4294967295
tl_coralWR,54372,1120,32,128,32,64,0,1,1,4294967295
tl_coralWR,54692,772,32,64,32,64,0,1,1,4294967295
tl_coralWR,54692,812,32,128,32,64,0,1,1,4294967295
tl_coralWR,52304,1000,32,64,32,64,0,1,1,4294967295
tl_coralWR,52304,1112,32,64,32,64,0,1,1,4294967295
tl_coralWR,52304,1144,32,128,32,64,0,1,1,4294967295
tl_coralWR,52304,960,32,128,32,64,0,1,1,4294967295
tl_coralWR,52716,1056,0,64,32,64,0,1,1,4294967295
tl_coralWR,52716,1196,0,64,32,64,0,1,1,4294967295
tl_coralWR,52716,1232,0,128,32,64,0,1,1,4294967295
tl_coralWR,52716,1312,0,64,32,64,0,1,1,4294967295
tl_coralWR,52844,1052,32,64,32,64,0,1,1,4294967295
tl_coralWR,52844,1096,32,128,32,64,0,1,1,4294967295
tl_coralWR,53028,872,0,64,32,64,0,1,1,4294967295
tl_coralWR,53028,960,0,128,32,64,0,1,1,4294967295
tl_coralWR,52176,836,32,64,32,64,0,1,1,4294967295
tl_coralWR,52176,784,32,128,32,64,0,1,1,4294967295
tl_coralWR,52176,740,32,64,32,64,0,1,1,4294967295
tl_coralWR,53092,680,0,64,32,64,0,1,1,4294967295
tl_coralWR,53092,636,0,128,32,64,0,1,1,4294967295
tl_coralWR,53024,628,32,64,32,64,0,1,1,4294967295
tl_coralWR,53024,496,32,64,32,64,0,1,1,4294967295
tl_coralWR,53024,428,32,128,32,64,0,1,1,4294967295
tl_coralWR,53024,372,32,64,32,64,0,1,1,4294967295
tl_coralWR,53280,348,0,64,32,64,0,1,1,4294967295
tl_coralWR,53988,568,0,64,32,64,0,1,1,4294967295
tl_coralWR,53988,608,0,128,32,64,0,1,1,4294967295
tl_coralWR,54244,488,0,64,32,64,0,1,1,4294967295
tl_coralWR,54052,920,32,64,32,64,0,1,1,4294967295
tl_coralWR,51348,1248,0,64,32,64,0,1,1,4294967295
tl_coralWR,51348,1192,0,128,32,64,0,1,1,4294967295
tl_coralWR,51348,1160,0,64,32,64,0,1,1,4294967295
tl_coralWR,54180,1796,32,64,32,64,0,1,1,4294967295
tl_coralWR,54180,1728,32,128,32,64,0,1,1,4294967295
tl_coralWR,54180,1684,32,64,32,64,0,1,1,4294967295
tl_coralWR,54380,1852,0,64,32,64,0,1,1,4294967295
tl_coralWR,54380,1892,0,128,32,64,0,1,1,4294967295
tl_coralWR,55084,1776,32,64,32,64,0,1,1,4294967295
tl_coralWR,55084,1820,32,128,32,64,0,1,1,4294967295
tl_coralWR,55076,1376,32,64,32,64,0,1,1,4294967295
tl_coralWR,55076,1420,32,128,32,64,0,1,1,4294967295
tl_coralWR,56420,1244,32,64,32,64,0,1,1,4294967295
tl_coralWR,56676,1144,32,64,32,64,0,1,1,4294967295
tl_coralWR,57680,1376,0,64,32,64,0,1,1,4294967295
tl_coralWR,57680,1264,0,64,32,64,0,1,1,4294967295
tl_coralWR,57680,1216,0,128,32,64,0,1,1,4294967295
tl_coralWR,58256,1464,32,64,32,64,0,1,1,4294967295
tl_coralWR,58256,1328,32,128,32,64,0,1,1,4294967295
tl_coralWR,58256,1288,32,64,32,64,0,1,1,4294967295
tl_coralWR,58448,1348,0,64,32,64,0,1,1,4294967295
tl_coralWR,58448,1388,0,128,32,64,0,1,1,4294967295
tl_coralWR,58448,1180,0,64,32,64,0,1,1,4294967295
tl_coralWR,58448,1112,0,128,32,64,0,1,1,4294967295
tl_coralWR,58256,1112,32,64,32,64,0,1,1,4294967295
tl_coralWR,58256,928,32,64,32,64,0,1,1,4294967295
tl_coralWR,55776,316,0,64,32,64,0,1,1,4294967295
tl_coralWR,55776,192,0,128,32,64,0,1,1,4294967295
tl_coralWR,55776,152,0,64,32,64,0,1,1,4294967295
tl_coralWR,54432,40,0,64,32,64,0,1,1,4294967295
tl_coralWR,54432,-16,0,128,32,64,0,1,1,4294967295
tl_coralWR,47412,632,32,64,32,64,0,1,1,4294967295
tl_coralWR,47412,580,32,128,32,64,0,1,1,4294967295
tl_coralWR,59712,520,0,128,32,64,0,1,1,4294967295
tl_coralWR,59840,476,32,64,32,64,0,1,1,4294967295
tl_coralWR,59840,516,32,128,32,64,0,1,1,4294967295
tl_coralWR,60200,516,0,64,32,64,0,1,1,4294967295
tl_coralWR,60200,636,0,128,32,64,0,1,1,4294967295
tl_coralWR,60200,696,0,64,32,64,0,1,1,4294967295
tl_coralWR,60200,1004,0,0,32,64,0,1,1,4294967295
tl_coralWR,60200,932,0,64,32,64,0,1,1,4294967295
tl_coralWR,60200,844,0,128,32,64,0,1,1,4294967295
tl_coralWR,60200,1068,0,128,32,64,0,1,1,4294967295
tl_coralWR,60200,792,0,64,32,64,0,1,1,4294967295
tl_coralWR,61944,1424,0,64,32,64,0,1,1,4294967295
tl_coralWR,61944,1492,0,64,32,64,0,1,1,4294967295
tl_coralWR,61944,1604,0,128,32,64,0,1,1,4294967295
tl_coralWR,61944,1384,0,128,32,64,0,1,1,4294967295
tl_coralWR,61480,1600,32,64,32,64,0,1,1,4294967295
tl_coralWR,61480,1620,32,128,32,64,0,1,1,4294967295
tl_coralWR,61416,1444,32,64,32,64,0,1,1,4294967295
tl_coralWR,61416,1484,32,128,32,64,0,1,1,4294967295
tl_coralWR,61416,1536,32,64,32,64,0,1,1,4294967295
tl_coralWR,61416,1296,32,64,32,64,0,1,1,4294967295
tl_coralWR,61416,1140,32,64,32,64,0,1,1,4294967295
tl_coralWR,61992,1136,0,64,32,64,0,1,1,4294967295
tl_coralWR,61992,1000,0,128,32,64,0,1,1,4294967295
tl_coralWR,61992,940,0,64,32,64,0,1,1,4294967295
tl_coralWR,62776,1092,0,64,32,64,0,1,1,4294967295
tl_coralWR,62776,1052,0,128,32,64,0,1,1,4294967295
tl_coralWR,62776,1228,0,64,32,64,0,1,1,4294967295
tl_coralWR,62776,1008,0,64,32,64,0,1,1,4294967295
tl_coralWR,62776,892,0,64,32,64,0,1,1,4294967295
tl_coralWR,62440,1020,32,64,32,64,0,1,1,4294967295
tl_coralWR,62440,1132,32,128,32,64,0,1,1,4294967295
tl_coralWR,62440,968,32,128,32,64,0,1,1,4294967295
tl_coralWR,62440,844,32,64,32,64,0,1,1,4294967295
tl_coralWR,62440,716,32,128,32,64,0,1,1,4294967295
tl_coralWR,62440,660,32,64,32,64,0,1,1,4294967295
tl_coralWR,55712,480,0,64,32,64,0,1,1,4294967295
tl_coralWR,55712,428,0,128,32,64,0,1,1,4294967295
tl_coralWR,55648,516,32,64,32,64,0,1,1,4294967295
tl_coralWR,55648,596,32,64,32,64,0,1,1,4294967295
tl_coralWR,55648,544,32,128,32,64,0,1,1,4294967295
tl_coralWR,55648,644,32,128,32,64,0,1,1,4294967295
tl_coralWR,59168,804,32,64,32,64,0,1,1,4294967295
tl_coralWR,59168,836,32,128,32,64,0,1,1,4294967295
tl_coralWR,51920,508,0,64,32,64,0,1,1,4294967295
tl_coralWR,51920,608,0,64,32,64,0,1,1,4294967295
tl_coralWR,51920,644,0,128,32,64,0,1,1,4294967295
tl_coralWR,51920,756,0,128,32,64,0,1,1,4294967295
tl_coralWR,51748,608,32,64,32,64,0,1,1,4294967295
tl_coralWR,51748,640,32,128,32,64,0,1,1,4294967295
tl_coralWR,51748,828,32,64,32,64,0,1,1,4294967295
tl_coralWR,51748,892,32,64,32,64,0,1,1,4294967295
tl_coralWR,48084,1080,32,64,32,64,0,1,1,4294967295
tl_coralWR,48084,1124,32,128,32,64,0,1,1,4294967295
tl_coralWR,48084,1236,32,64,32,64,0,1,1,4294967295
tl_coralWR,48084,1292,32,64,32,64,0,1,1,4294967295
tl_coralWR,48288,860,0,64,32,64,0,1,1,4294967295
tl_coralWR,48288,888,0,128,32,64,0,1,1,4294967295
tl_coralWR,61416,1052,32,128,32,64,0,1,1,4294967295
tl_coralWR,61416,900,32,64,32,64,0,1,1,4294967295
tl_coralWR,61416,844,32,128,32,64,0,1,1,4294967295
tl_coralWR,61416,804,32,64,32,64,0,1,1,4294967295
