tl_SunlightWB,876,1484,0,0,192,59,0,1,1,4294967295
tl_SunlightWB,1120,1496,0,0,192,59,0,1,1,4294967295
tl_SunlightWB,1364,1468,0,0,192,59,0,1,1,4294967295
tl_SunlightWB,1244,1496,0,0,192,59,0,1,1,4294967295
tl_SunlightWB,1540,1484,0,0,192,59,0,1,1,4294967295
tl_SunlightWB,1772,1492,0,0,192,59,0,1,1,4294967295
tl_SunlightWB,568,1476,0,0,192,59,0,1,1,4294967295
tl_SunlightWB,280,1472,0,0,192,59,0,1,1,4294967295
tl_SunlightWB,104,1476,0,0,192,59,0,1,1,4294967295
tl_SunlightWB,-8,1496,0,0,192,59,0,1,1,4294967295
tl_SunlightWB,7976,1796,0,0,192,59,0,1,1,4294967295
tl_SunlightWB,7528,1812,0,0,192,59,0,1,1,4294967295
tl_SunlightWB,7716,1788,0,0,192,59,0,1,1,4294967295
tl_SunlightWB,8128,1808,0,0,192,59,0,1,1,4294967295
tl_SunlightWB,8416,1788,0,0,192,59,0,1,1,4294967295
tl_SunlightWB,8600,1804,0,0,192,59,0,1,1,4294967295
tl_SunlightWB,8876,1792,0,0,192,59,0,1,1,4294967295
tl_SunlightWB,9056,1812,0,0,192,59,0,1,1,4294967295
tl_SunlightWB,9228,1784,0,0,192,59,0,1,1,4294967295
tl_SunlightWB,9416,1788,0,0,192,59,0,1,1,4294967295
tl_SunlightWB,9596,1808,0,0,192,59,0,1,1,4294967295
tl_SunlightWB,9808,1788,0,0,192,59,0,1,1,4294967295
tl_SunlightWB,12528,1532,0,0,192,59,0,1,1,4294967295
tl_SunlightWB,12684,1548,0,0,192,59,0,1,1,4294967295
tl_SunlightWB,12860,1528,0,0,192,59,0,1,1,4294967295
tl_SunlightWB,13024,1556,0,0,192,59,0,1,1,4294967295
tl_SunlightWB,13172,1540,0,0,192,59,0,1,1,4294967295
tl_SunlightWB,13328,1540,0,0,192,59,0,1,1,4294967295
tl_SunlightWB,13532,1540,0,0,192,59,0,1,1,4294967295
tl_SunlightWB,18952,2020,0,0,192,59,0,1,1,4294967295
tl_SunlightWB,19088,2036,0,0,192,59,0,1,1,4294967295
tl_SunlightWB,19252,2016,0,0,192,59,0,1,1,4294967295
tl_SunlightWB,19400,2036,0,0,192,59,0,1,1,4294967295
tl_SunlightWB,19520,2020,0,0,192,59,0,1,1,4294967295
tl_SunlightWB,18712,1580,0,0,192,59,0,1,1,4294967295
tl_SunlightWB,18444,1576,0,0,192,59,0,1,1,4294967295
tl_SunlightWB,18188,1576,0,0,192,59,0,1,1,4294967295
tl_SunlightWB,18020,1588,0,0,192,59,0,1,1,4294967295
tl_SunlightWB,17832,1576,0,0,192,59,0,1,1,4294967295
tl_SunlightWB,17644,1572,0,0,192,59,0,1,1,4294967295
tl_SunlightWB,3776,1348,0,0,192,59,0,1,1,4294967295
tl_SunlightWB,3932,1356,0,0,192,59,0,1,1,4294967295
tl_SunlightWB,4084,1344,0,0,192,59,0,1,1,4294967295
tl_SunlightWB,4232,1352,0,0,192,59,0,1,1,4294967295
tl_SunlightWB,4404,1336,0,0,192,59,0,1,1,4294967295
tl_SunlightWB,4556,1332,0,0,192,59,0,1,1,4294967295
tl_SunlightWB,36924,1328,0,0,192,59,0,1,1,4294967295
tl_SunlightWG,37800,888,0,0,40,40,0,1,1,4294967295
tl_SunlightWG,37032,308,0,0,40,40,0,1,1,4294967295
tl_SunlightWB,39084,1924,0,0,192,59,0,1,1,4294967295
tl_SunlightWB,38908,1916,0,0,192,59,0,1,1,4294967295
tl_SunlightWB,38776,1924,0,0,192,59,0,1,1,4294967295
tl_SunlightWB,38596,1912,0,0,192,59,0,1,1,4294967295
tl_SunlightWB,38516,1936,0,0,192,59,0,1,1,4294967295
tl_SunlightWB,39464,2060,0,0,192,59,0,1,1,4294967295
tl_SunlightWB,39616,2048,0,0,192,59,0,1,1,4294967295
tl_SunlightWB,39776,2072,0,0,192,59,0,1,1,4294967295
tl_SunlightWB,39996,2072,0,0,192,59,0,1,1,4294967295
tl_SunlightWB,40296,2072,0,0,192,59,0,1,1,4294967295
tl_SunlightWB,40944,1852,0,0,192,59,0,1,1,4294967295
tl_SunlightWB,41084,1872,0,0,192,59,0,1,1,4294967295
tl_SunlightWB,41248,1848,0,0,192,59,0,1,1,4294967295
tl_SunlightWB,41432,1864,0,0,192,59,0,1,1,4294967295
tl_SunlightWB,41616,1868,0,0,192,59,0,1,1,4294967295
tl_SunlightWB,41776,1860,0,0,192,59,0,1,1,4294967295
tl_SunlightWB,41944,1872,0,0,192,59,0,1,1,4294967295
tl_SunlightWB,42112,1860,0,0,192,59,0,1,1,4294967295
tl_SunlightWB,42272,1868,0,0,192,59,0,1,1,4294967295
tl_SunlightWB,42956,1860,0,0,192,59,0,1,1,4294967295
tl_SunlightC,38320,1784,0,0,28,23,0,1,1,4294967295
tl_SunlightC,38520,1784,0,0,28,23,0,1,1,4294967295
tl_SunlightC,38656,1848,28,0,28,23,0,1,1,4294967295
tl_SunlightC,38840,1888,28,0,28,23,0,1,1,4294967295
tl_SunlightC,39044,1912,0,0,28,23,0,1,1,4294967295
tl_SunlightC,39220,1908,28,0,28,23,0,1,1,4294967295
tl_SunlightC,39584,2036,0,0,28,23,0,1,1,4294967295
tl_SunlightC,39852,2060,28,0,28,23,0,1,1,4294967295
tl_SunlightC,41068,1764,28,0,28,23,0,1,1,4294967295
tl_SunlightC,41280,1772,0,0,28,23,0,1,1,4294967295
tl_SunlightC,41404,1812,28,0,28,23,0,1,1,4294967295
tl_SunlightC,41724,1844,28,0,28,23,0,1,1,4294967295
tl_SunlightC,41976,1844,0,0,28,23,0,1,1,4294967295
tl_SunlightC,42216,1840,28,0,28,23,0,1,1,4294967295
tl_SunlightC,42388,1844,0,0,28,23,0,1,1,4294967295
tl_SunlightC,42560,1840,28,0,28,23,0,1,1,4294967295
tl_SunlightC,43076,1844,28,0,28,23,0,1,1,4294967295
tl_SunlightC,43232,1848,0,0,28,23,0,1,1,4294967295
tl_SunlightT,-28,1120,0,0,82,175,0,1,1,4294967295
tl_coralM,46404,388,0,0,256,256,0,1,1,4294967295
tl_coralM,46532,388,0,0,256,256,0,1,1,4294967295
tl_coralM2S,54324,552,0,0,64,64,0,1,1,4294967295
tl_coralM2,54324,424,0,0,128,128,0,1,1,4294967295
tl_coralM2,54384,400,0,0,128,128,0,1,1,4294967295
tl_coralM2,54388,444,0,0,128,128,0,1,1,4294967295
tl_coralM2,54452,484,0,0,128,128,0,1,1,4294967295
tl_coralM2,54836,484,0,0,128,128,0,1,1,4294967295
tl_coralM2,54512,432,0,0,128,128,0,1,1,4294967295
tl_coralM2,54580,484,0,0,128,128,0,1,1,4294967295
tl_coralM2,54708,484,0,0,128,128,0,1,1,4294967295
tl_coralM,54736,-92,0,0,256,256,0,1,1,4294967295
tl_coralM2S,55728,12,0,0,64,64,0,1,1,4294967295
tl_coralM2S,55664,12,0,0,64,64,0,1,1,4294967295
tl_coralM2S,55600,12,0,0,64,64,0,1,1,4294967295
tl_coralM2S,55536,12,0,0,64,64,0,1,1,4294967295
tl_coralM2S,55472,12,0,0,64,64,0,1,1,4294967295
tl_coralM2S,55408,12,0,0,64,64,0,1,1,4294967295
tl_coralM2S,55344,12,0,0,64,64,0,1,1,4294967295
tl_coralM2S,55280,12,0,0,64,64,0,1,1,4294967295
tl_coralM2S,55216,12,0,0,64,64,0,1,1,4294967295
tl_coralM2S,55152,12,0,0,64,64,0,1,1,4294967295
tl_coralM2S,55088,12,0,0,64,64,0,1,1,4294967295
tl_coralM2S,55024,12,0,0,64,64,0,1,1,4294967295
tl_coralM2S,54984,12,0,0,64,64,0,1,1,4294967295
tl_coralM2S,54324,564,0,0,64,64,0,1,1,4294967295
tl_coralF,45928,1136,0,0,94,64,0,1,1,4294967295
tl_coralF,45928,1200,0,64,94,64,0,1,1,4294967295
tl_coralF,47340,840,0,0,94,64,0,1,1,4294967295
tl_coralF,47568,956,0,0,94,64,0,1,1,4294967295
tl_coralF,47340,904,0,64,94,64,0,1,1,4294967295
tl_coralF,47568,1020,0,64,94,64,0,1,1,4294967295
tl_coralF,47340,968,0,128,94,64,0,1,1,4294967295
tl_coralF,47568,1084,0,128,94,64,0,1,1,4294967295
tl_coralF,47340,1032,0,192,94,64,0,1,1,4294967295
tl_coralF,47568,1148,0,192,94,64,0,1,1,4294967295
tl_coralF,47568,1212,0,256,94,64,0,1,1,4294967295
tl_coralF,47340,1096,0,256,94,64,0,1,1,4294967295
tl_coralF,47340,1160,0,256,94,64,0,1,1,4294967295
tl_coralF,47340,1224,0,256,94,64,0,1,1,4294967295
tl_coralF,47568,1276,0,256,94,64,0,1,1,4294967295
tl_coralF,47568,1340,0,256,94,64,0,1,1,4294967295
tl_coralF,47568,1404,0,256,94,64,0,1,1,4294967295
tl_coralF,47568,1468,0,256,94,64,0,1,1,4294967295
tl_coralF,47568,1532,0,256,94,64,0,1,1,4294967295
tl_coralF,47568,1596,0,256,94,64,0,1,1,4294967295
tl_coralF,45928,1264,0,128,94,64,0,1,1,4294967295
tl_coralF,45928,1328,0,192,94,64,0,1,1,4294967295
tl_coralF,49228,1192,0,0,94,64,0,1,1,4294967295
tl_coralF,49228,1256,0,64,94,64,0,1,1,4294967295
tl_coralF,49228,1320,0,128,94,64,0,1,1,4294967295
tl_coralF,49228,1384,0,192,94,64,0,1,1,4294967295
tl_coralF,49228,1448,0,256,94,64,0,1,1,4294967295
tl_coralF,49960,1132,0,0,94,64,0,1,1,4294967295
tl_coralF,50160,1232,0,0,94,64,0,1,1,4294967295
tl_coralF,49960,1196,0,64,94,64,0,1,1,4294967295
tl_coralF,50160,1296,0,64,94,64,0,1,1,4294967295
tl_coralF,49960,1260,0,128,94,64,0,1,1,4294967295
tl_coralF,50160,1360,0,128,94,64,0,1,1,4294967295
tl_coralF,49960,1324,0,192,94,64,0,1,1,4294967295
tl_coralF,50160,1424,0,192,94,64,0,1,1,4294967295
tl_coralF,49960,1388,0,256,94,64,0,1,1,4294967295
tl_coralF,50160,1488,0,256,94,64,0,1,1,4294967295
tl_coralF,50788,1336,0,0,94,64,0,1,1,4294967295
tl_coralF,50788,1400,0,64,94,64,0,1,1,4294967295
tl_coralF,50788,1464,0,128,94,64,0,1,1,4294967295
tl_coralF,50788,1528,0,192,94,64,0,1,1,4294967295
tl_coralF,50788,1592,0,256,94,64,0,1,1,4294967295
tl_coralF2,51912,1304,0,0,48,64,0,1,1,4294967295
tl_coralF2,51912,1368,0,64,48,64,0,1,1,4294967295
tl_coralF2,51912,1432,0,64,48,64,0,1,1,4294967295
tl_coralF2,51912,1496,0,64,48,64,0,1,1,4294967295
tl_coralF2,51912,1560,0,64,48,64,0,1,1,4294967295
tl_coralF2,44220,908,0,0,48,64,0,1,1,4294967295
tl_coralF2,44220,972,0,64,48,64,0,1,1,4294967295
tl_coralF2,44220,1036,0,64,48,64,0,1,1,4294967295
tl_coralF2,44220,1100,0,64,48,64,0,1,1,4294967295
tl_coralF2,44220,1164,0,64,48,64,0,1,1,4294967295
tl_coralP,46608,580,0,0,80,64,0,1,1,4294967295
tl_coralF,53880,1796,0,0,94,64,0,1,1,4294967295
tl_coralF,53880,1860,0,64,94,64,0,1,1,4294967295
tl_coralF,53880,1924,0,128,94,64,0,1,1,4294967295
tl_coralF,53880,1988,0,192,94,64,0,1,1,4294967295
tl_coralF,53880,2052,0,256,94,64,0,1,1,4294967295
tl_coralF,55288,1956,0,0,94,64,0,1,1,4294967295
tl_coralF,55288,2020,0,64,94,64,0,1,1,4294967295
tl_coralF,55288,2084,0,128,94,64,0,1,1,4294967295
tl_coralF,55900,1868,0,0,94,64,0,1,1,4294967295
tl_coralF,55900,1932,0,64,94,64,0,1,1,4294967295
tl_coralF,55900,1996,0,128,94,64,0,1,1,4294967295
tl_coralF,55900,2060,0,192,94,64,0,1,1,4294967295
tl_coralF,56460,1368,0,0,94,64,0,1,1,4294967295
tl_coralF,56704,1240,0,0,94,64,0,1,1,4294967295
tl_coralF,56460,1432,0,64,94,64,0,1,1,4294967295
tl_coralF,56704,1304,0,64,94,64,0,1,1,4294967295
tl_coralF,56460,1496,0,128,94,64,0,1,1,4294967295
tl_coralF,56704,1368,0,128,94,64,0,1,1,4294967295
tl_coralF,56460,1560,0,192,94,64,0,1,1,4294967295
tl_coralF,56704,1432,0,192,94,64,0,1,1,4294967295
tl_coralF,56704,1496,0,256,94,64,0,1,1,4294967295
tl_coralF,56460,1624,0,256,94,64,0,1,1,4294967295
tl_coralF,57472,1468,0,0,94,64,0,1,1,4294967295
tl_coralF,57472,1532,0,64,94,64,0,1,1,4294967295
tl_coralF,57472,1596,0,128,94,64,0,1,1,4294967295
tl_coralF,57472,1660,0,192,94,64,0,1,1,4294967295
tl_coralF2,57216,1348,0,0,48,64,0,1,1,4294967295
tl_coralF2,57216,1412,0,64,48,64,0,1,1,4294967295
tl_coralF2,57216,1476,0,64,48,64,0,1,1,4294967295
tl_coralF2,57216,1540,0,64,48,64,0,1,1,4294967295
tl_coralF2,57216,1604,0,64,48,64,0,1,1,4294967295
tl_coralF2,57216,1668,0,64,48,64,0,1,1,4294967295
tl_coralF2,57940,1520,0,0,48,64,0,1,1,4294967295
tl_coralF2,57940,1584,0,64,48,64,0,1,1,4294967295
tl_coralF2,57940,1648,0,64,48,64,0,1,1,4294967295
tl_coralF2,57940,1712,0,64,48,64,0,1,1,4294967295
tl_coralF2,57940,1776,0,64,48,64,0,1,1,4294967295
tl_coralF,59040,1116,0,0,94,64,0,1,1,4294967295
tl_coralF,59040,1180,0,64,94,64,0,1,1,4294967295
tl_coralF,59040,1244,0,128,94,64,0,1,1,4294967295
tl_coralF,59040,1308,0,192,94,64,0,1,1,4294967295
tl_coralF,59040,1372,0,256,94,64,0,1,1,4294967295
tl_coralF,59040,1436,0,256,94,64,0,1,1,4294967295
tl_coralF,59700,1228,0,0,94,64,0,1,1,4294967295
tl_coralF,59912,1072,0,0,94,64,0,1,1,4294967295
tl_coralF,59700,1292,0,64,94,64,0,1,1,4294967295
tl_coralF,59912,1136,0,64,94,64,0,1,1,4294967295
tl_coralF,59912,1200,0,128,94,64,0,1,1,4294967295
tl_coralF,59700,1356,0,128,94,64,0,1,1,4294967295
tl_coralF,59700,1420,0,192,94,64,0,1,1,4294967295
tl_coralF,59912,1264,0,192,94,64,0,1,1,4294967295
tl_coralF,59700,1484,0,256,94,64,0,1,1,4294967295
tl_coralF,59912,1328,0,256,94,64,0,1,1,4294967295
tl_coralF,59912,1392,0,256,94,64,0,1,1,4294967295
tl_coralF,60400,1060,0,0,94,64,0,1,1,4294967295
tl_coralF,60576,940,0,0,94,64,0,1,1,4294967295
tl_coralF,60780,856,0,0,94,64,0,1,1,4294967295
tl_coralF,60400,1124,0,64,94,64,0,1,1,4294967295
tl_coralF,60576,1004,0,64,94,64,0,1,1,4294967295
tl_coralF,60780,920,0,64,94,64,0,1,1,4294967295
tl_coralF,60400,1188,0,128,94,64,0,1,1,4294967295
tl_coralF,60576,1068,0,128,94,64,0,1,1,4294967295
tl_coralF,60780,984,0,128,94,64,0,1,1,4294967295
tl_coralF,60400,1252,0,192,94,64,0,1,1,4294967295
tl_coralF,60576,1132,0,192,94,64,0,1,1,4294967295
tl_coralF,60780,1048,0,192,94,64,0,1,1,4294967295
tl_coralF,60780,1112,0,256,94,64,0,1,1,4294967295
tl_coralF,60576,1196,0,256,94,64,0,1,1,4294967295
tl_coralF,60400,1316,0,256,94,64,0,1,1,4294967295
tl_coralF,60576,1260,0,256,94,64,0,1,1,4294967295
tl_coralF,60780,1176,0,256,94,64,0,1,1,4294967295
tl_coralF,63644,920,0,0,94,64,0,1,1,4294967295
tl_coralF,63644,984,0,64,94,64,0,1,1,4294967295
tl_coralF,63644,1048,0,128,94,64,0,1,1,4294967295
tl_coralF,63644,1112,0,192,94,64,0,1,1,4294967295
tl_coralF,63644,1176,0,256,94,64,0,1,1,4294967295
tl_coralF,63644,1240,0,256,94,64,0,1,1,4294967295
tl_coralF,64176,972,0,0,94,64,0,1,1,4294967295
tl_coralF,64380,1100,0,0,94,64,0,1,1,4294967295
tl_coralF,64176,1036,0,64,94,64,0,1,1,4294967295
tl_coralF,64380,1164,0,64,94,64,0,1,1,4294967295
tl_coralF,64176,1100,0,128,94,64,0,1,1,4294967295
tl_coralF,64380,1228,0,128,94,64,0,1,1,4294967295
tl_coralF,64176,1164,0,192,94,64,0,1,1,4294967295
tl_coralF,64380,1292,0,192,94,64,0,1,1,4294967295
tl_coralF,64176,1228,0,256,94,64,0,1,1,4294967295
tl_coralF,64380,1356,0,256,94,64,0,1,1,4294967295
tl_coralF,64864,1088,0,0,94,64,0,1,1,4294967295
tl_coralF,65308,1088,0,0,94,64,0,1,1,4294967295
tl_coralF,64864,1152,0,64,94,64,0,1,1,4294967295
tl_coralF,65308,1152,0,64,94,64,0,1,1,4294967295
tl_coralF,64864,1216,0,128,94,64,0,1,1,4294967295
tl_coralF,65308,1216,0,128,94,64,0,1,1,4294967295
tl_coralF,64864,1280,0,192,94,64,0,1,1,4294967295
tl_coralF,65308,1280,0,192,94,64,0,1,1,4294967295
tl_coralF,64864,1344,0,256,94,64,0,1,1,4294967295
tl_coralF,65308,1344,0,256,94,64,0,1,1,4294967295
tl_coralF,48664,1224,0,0,94,64,0,1,1,4294967295
tl_coralF,48664,1288,0,64,94,64,0,1,1,4294967295
tl_coralF,48664,1352,0,128,94,64,0,1,1,4294967295
tl_coralF,48664,1416,0,192,94,64,0,1,1,4294967295
tl_coralF,48664,1480,0,256,94,64,0,1,1,4294967295
tl_coralF,48664,1544,0,256,94,64,0,1,1,4294967295
tl_coralF,48664,1608,0,256,94,64,0,1,1,4294967295
tl_coralF2,48544,1340,0,0,48,64,0,1,1,4294967295
tl_coralF2,48544,1404,0,64,48,64,0,1,1,4294967295
tl_coralF2,48544,1468,0,64,48,64,0,1,1,4294967295
tl_coralF2,48544,1532,0,64,48,64,0,1,1,4294967295
tl_coralF2,48544,1596,0,64,48,64,0,1,1,4294967295
tl_coralWR,46196,772,0,0,32,64,0,1,1,4294967295
tl_coralWR,46484,952,0,0,32,64,0,1,1,4294967295
tl_coralWR,46388,704,32,0,32,64,0,1,1,4294967295
tl_coralWR,49700,888,0,0,32,64,0,1,1,4294967295
tl_coralWR,50420,748,0,0,32,64,0,1,1,4294967295
tl_coralWR,50420,612,0,0,32,64,0,1,1,4294967295
tl_coralWR,51348,1300,0,0,32,64,0,1,1,4294967295
tl_coralWR,52304,1064,32,0,32,64,0,1,1,4294967295
tl_coralWR,51748,752,32,0,32,64,0,1,1,4294967295
tl_coralWR,51920,708,0,0,32,64,0,1,1,4294967295
tl_coralWR,52176,684,32,0,32,64,0,1,1,4294967295
tl_coralWR,52716,1124,0,0,32,64,0,1,1,4294967295
tl_coralWR,51920,436,0,0,32,64,0,1,1,4294967295
tl_coralWR,53024,556,32,0,32,64,0,1,1,4294967295
tl_coralWR,54180,1856,32,0,32,64,0,1,1,4294967295
tl_coralWR,55084,1880,32,0,32,64,0,1,1,4294967295
tl_coralWR,56420,1292,32,0,32,64,0,1,1,4294967295
tl_coralWR,56676,1084,32,0,32,64,0,1,1,4294967295
tl_coralWR,57680,1312,0,0,32,64,0,1,1,4294967295
tl_coralWR,58256,1396,32,0,32,64,0,1,1,4294967295
tl_coralWR,58256,1192,32,0,32,64,0,1,1,4294967295
tl_coralWR,58256,1012,32,0,32,64,0,1,1,4294967295
tl_coralWR,58448,1284,0,0,32,64,0,1,1,4294967295
tl_coralWR,60200,572,0,0,32,64,0,1,1,4294967295
tl_coralWR,59712,480,0,0,32,64,0,1,1,4294967295
tl_coralWR,59168,752,32,0,32,64,0,1,1,4294967295
tl_coralWR,55648,448,32,0,32,64,0,1,1,4294967295
tl_coralWR,55776,252,0,0,32,64,0,1,1,4294967295
tl_coralWR,54432,108,0,0,32,64,0,1,1,4294967295
tl_coralWR,54244,424,0,0,32,64,0,1,1,4294967295
tl_coralWR,54052,984,32,0,32,64,0,1,1,4294967295
tl_coralWR,54372,1088,32,0,32,64,0,1,1,4294967295
tl_coralWR,53092,740,0,0,32,64,0,1,1,4294967295
tl_coralWR,53028,920,0,0,32,64,0,1,1,4294967295
tl_coralWR,61992,868,0,0,32,64,0,1,1,4294967295
tl_coralWR,61992,1060,0,0,32,64,0,1,1,4294967295
tl_coralWR,61416,1204,32,0,32,64,0,1,1,4294967295
tl_coralWR,61416,1380,32,0,32,64,0,1,1,4294967295
tl_coralWR,61944,1552,0,0,32,64,0,1,1,4294967295
tl_coralWR,61944,1348,0,0,32,64,0,1,1,4294967295
tl_coralWR,62776,1172,0,0,32,64,0,1,1,4294967295
tl_coralWR,62440,576,32,0,32,64,0,1,1,4294967295
tl_coralWR,62440,920,32,0,32,64,0,1,1,4294967295
tl_coralWR,61416,984,32,0,32,64,0,1,1,4294967295
