tl_SunlightSand,0,1472,0,0,180,120,0,1,1,4294967295
tl_SunlightSand,-4,1328,0,0,180,120,0,1,1,4294967295
tl_SunlightSand,0,1448,0,0,180,120,0,1,1,4294967295
tl_SunlightSand,160,1356,0,0,180,120,0,1,1,4294967295
tl_SunlightSand,180,1476,0,0,180,120,0,1,1,4294967295
tl_SunlightSand,304,1392,0,0,180,120,0,1,1,4294967295
tl_SunlightSand,476,1424,0,0,180,120,0,1,1,4294967295
tl_SunlightSand,356,1512,0,0,180,120,0,1,1,4294967295
tl_SunlightSand,536,1548,0,0,180,120,0,1,1,4294967295
tl_SunlightSand,652,1452,0,0,180,120,0,1,1,4294967295
tl_SunlightSand,828,1508,0,0,180,120,0,1,1,4294967295
tl_SunlightSand,716,1572,0,0,180,120,0,1,1,4294967295
tl_SunlightSand,732,1484,0,0,180,120,0,1,1,4294967295
tl_SunlightSand,1008,1512,0,0,180,120,0,1,1,4294967295
tl_SunlightSand,1188,1512,0,0,180,120,0,1,1,4294967295
tl_SunlightSand,1368,1512,0,0,180,120,0,1,1,4294967295
tl_SunlightSand,1548,1512,0,0,180,120,0,1,1,4294967295
tl_SunlightSand,1728,1512,0,0,180,120,0,1,1,4294967295
tl_SunlightSand,1788,1512,0,0,180,120,0,1,1,4294967295
tl_SunlightMain,1992,1384,0,0,192,64,0,1,1,4294967295
tl_SunlightMain,1992,1448,0,0,192,64,0,1,1,4294967295
tl_SunlightMain,1992,1512,0,0,192,64,0,1,1,4294967295
tl_SunlightMain,1992,1576,0,0,192,64,0,1,1,4294967295
tl_SunlightMain,1992,1640,0,0,192,64,0,1,1,4294967295
tl_SunlightMain,2184,1384,0,0,192,64,0,1,1,4294967295
tl_SunlightMain,2184,1448,0,0,192,64,0,1,1,4294967295
tl_SunlightMain,2184,1512,0,0,192,64,0,1,1,4294967295
tl_SunlightMain,2184,1576,0,0,192,64,0,1,1,4294967295
tl_SunlightMain,2184,1640,0,0,192,64,0,1,1,4294967295
tl_SunlightMain,2936,1336,0,0,192,64,0,1,1,4294967295
tl_SunlightMain,2552,1336,0,0,192,64,0,1,1,4294967295
tl_SunlightMain,2744,1336,0,0,192,64,0,1,1,4294967295
tl_SunlightMain,2936,1400,0,0,192,64,0,1,1,4294967295
tl_SunlightMain,3508,1324,0,0,192,64,0,1,1,4294967295
tl_SunlightMain,3508,1388,0,0,192,64,0,1,1,4294967295
tl_SunlightMain,3508,1452,0,0,192,64,0,1,1,4294967295
tl_SunlightMain,3508,1516,0,0,192,64,0,1,1,4294967295
tl_SunlightMain,3508,1580,0,0,192,64,0,1,1,4294967295
tl_SunlightMain,3508,1644,0,0,192,64,0,1,1,4294967295
tl_SunlightMain,3508,1772,0,0,192,64,0,1,1,4294967295
tl_SunlightMain,3508,1708,0,0,192,64,0,1,1,4294967295
tl_SunlightMain,3508,1836,0,0,192,64,0,1,1,4294967295
tl_SunlightMain,3508,1900,0,0,192,64,0,1,1,4294967295
tl_SunlightMain,3508,1964,0,0,192,64,0,1,1,4294967295
tl_SunlightMain,3508,2028,0,0,192,64,0,1,1,4294967295
tl_SunlightMain,3508,2092,0,0,192,64,0,1,1,4294967295
tl_SunlightMain,2936,1464,0,0,192,64,0,1,1,4294967295
tl_SunlightMain,2936,1528,0,0,192,64,0,1,1,4294967295
tl_SunlightMain,2936,1592,0,0,192,64,0,1,1,4294967295
tl_SunlightMain,2936,1656,0,0,192,64,0,1,1,4294967295
tl_SunlightMain,2936,1720,0,0,192,64,0,1,1,4294967295
tl_SunlightMain,2936,1784,0,0,192,64,0,1,1,4294967295
tl_SunlightMain,2936,1848,0,0,192,64,0,1,1,4294967295
tl_SunlightMain,2936,1912,0,0,192,64,0,1,1,4294967295
tl_SunlightMain,2936,1976,0,0,192,64,0,1,1,4294967295
tl_SunlightMain,2936,2040,0,0,192,64,0,1,1,4294967295
tl_SunlightMain,2744,1400,0,0,192,64,0,1,1,4294967295
tl_SunlightMain,2552,1400,0,0,192,64,0,1,1,4294967295
tl_SunlightMain,2744,1464,0,0,192,64,0,1,1,4294967295
tl_SunlightMain,5012,1148,0,0,192,64,0,1,1,4294967295
tl_SunlightMain,5012,1212,0,0,192,64,0,1,1,4294967295
tl_SunlightMain,5012,1276,0,0,192,64,0,1,1,4294967295
tl_SunlightMain,5012,1340,0,0,192,64,0,1,1,4294967295
tl_SunlightMain,5012,1404,0,0,192,64,0,1,1,4294967295
tl_SunlightMain,5012,1468,0,0,192,64,0,1,1,4294967295
tl_SunlightMain,5204,1148,0,0,192,64,0,1,1,4294967295
tl_SunlightMain,5204,1212,0,0,192,64,0,1,1,4294967295
tl_SunlightMain,5204,1276,0,0,192,64,0,1,1,4294967295
tl_SunlightMain,5204,1340,0,0,192,64,0,1,1,4294967295
tl_SunlightMain,5204,1404,0,0,192,64,0,1,1,4294967295
tl_SunlightMain,5204,1468,0,0,192,64,0,1,1,4294967295
tl_SunlightSand,3724,1352,0,0,180,120,0,1,1,4294967295
tl_SunlightSand,3904,1352,0,0,180,120,0,1,1,4294967295
tl_SunlightSand,4084,1352,0,0,180,120,0,1,1,4294967295
tl_SunlightSand,4264,1324,0,0,180,120,0,1,1,4294967295
tl_SunlightSand,4268,1352,0,0,180,120,0,1,1,4294967295
tl_SunlightSand,4396,1316,0,0,180,120,0,1,1,4294967295
tl_SunlightSand,4540,1320,0,0,180,120,0,1,1,4294967295
tl_SunlightSand,4720,1320,0,0,180,120,0,1,1,4294967295
tl_SunlightSand,4808,1320,0,0,180,120,0,1,1,4294967295
tl_SunlightSand,4256,1336,0,0,180,120,0,1,1,4294967295
tl_SunlightSand,4428,1300,0,0,180,120,0,1,1,4294967295
tl_SunlightSand,4608,1304,0,0,180,120,0,1,1,4294967295
tl_SunlightSand,4784,1304,0,0,180,120,0,1,1,4294967295
tl_SunlightSand,4808,1300,0,0,180,120,0,1,1,4294967295
tl_SunlightSand,4448,1352,0,0,180,120,0,1,1,4294967295
tl_SunlightSand,4628,1352,0,0,180,120,0,1,1,4294967295
tl_SunlightSand,4808,1352,0,0,180,120,0,1,1,4294967295
tl_SunlightSand,4252,1352,0,0,180,120,0,1,1,4294967295
tl_SunlightSand,3724,1472,0,0,180,120,0,1,1,4294967295
tl_SunlightSand,3904,1472,0,0,180,120,0,1,1,4294967295
tl_SunlightSand,4084,1472,0,0,180,120,0,1,1,4294967295
tl_SunlightSand,4264,1472,0,0,180,120,0,1,1,4294967295
tl_SunlightSand,4444,1472,0,0,180,120,0,1,1,4294967295
tl_SunlightSand,4624,1472,0,0,180,120,0,1,1,4294967295
tl_SunlightSand,4804,1472,0,0,180,120,0,1,1,4294967295
tl_SunlightSand,4812,1472,0,0,180,120,0,1,1,4294967295
tl_SunlightMainS,2376,1340,0,0,88,64,0,1,1,4294967295
tl_SunlightMainS,2376,1404,0,0,88,64,0,1,1,4294967295
tl_SunlightMainS,2376,1468,0,0,88,64,0,1,1,4294967295
tl_SunlightMainS,2376,1532,0,0,88,64,0,1,1,4294967295
tl_SunlightMainS,2376,1596,0,0,88,64,0,1,1,4294967295
tl_SunlightMainS,2464,1308,0,0,88,64,0,1,1,4294967295
tl_SunlightMainS,2464,1372,0,0,88,64,0,1,1,4294967295
tl_SunlightMainS,2464,1436,0,0,88,64,0,1,1,4294967295
tl_SunlightMainS,2464,1500,0,0,88,64,0,1,1,4294967295
tl_SunlightMainS,2464,1564,0,0,88,64,0,1,1,4294967295
tl_SunlightMainS,2464,1628,0,0,88,64,0,1,1,4294967295
tl_SunlightMain,2552,1464,0,0,192,64,0,1,1,4294967295
tl_SunlightMain,2552,1528,0,0,192,64,0,1,1,4294967295
tl_SunlightMain,2744,1528,0,0,192,64,0,1,1,4294967295
tl_SunlightMain,5396,1088,0,0,192,64,0,1,1,4294967295
tl_SunlightMain,5396,1152,0,0,192,64,0,1,1,4294967295
tl_SunlightMain,5396,1216,0,0,192,64,0,1,1,4294967295
tl_SunlightMain,5556,1152,0,0,192,64,0,1,1,4294967295
tl_SunlightMain,5748,1244,0,0,192,64,0,1,1,4294967295
tl_SunlightMain,5556,1216,0,0,192,64,0,1,1,4294967295
tl_SunlightMain,6380,1684,0,0,192,64,0,1,1,4294967295
tl_SunlightMain,5396,1280,0,0,192,64,0,1,1,4294967295
tl_SunlightMain,5556,1280,0,0,192,64,0,1,1,4294967295
tl_SunlightMain,5396,1344,0,0,192,64,0,1,1,4294967295
tl_SunlightMain,5556,1344,0,0,192,64,0,1,1,4294967295
tl_SunlightMain,5748,1308,0,0,192,64,0,1,1,4294967295
tl_SunlightMain,5748,1372,0,0,192,64,0,1,1,4294967295
tl_SunlightMain,5396,1408,0,0,192,64,0,1,1,4294967295
tl_SunlightMain,5556,1408,0,0,192,64,0,1,1,4294967295
tl_SunlightMain,5748,1436,0,0,192,64,0,1,1,4294967295
tl_SunlightMain,6380,1364,0,0,192,64,0,1,1,4294967295
tl_SunlightMain,6380,1428,0,0,192,64,0,1,1,4294967295
tl_SunlightMain,6380,1492,0,0,192,64,0,1,1,4294967295
tl_SunlightMain,6380,1556,0,0,192,64,0,1,1,4294967295
tl_SunlightMain,6380,1620,0,0,192,64,0,1,1,4294967295
tl_SunlightMain,6380,1748,0,0,192,64,0,1,1,4294967295
tl_SunlightMain,6380,1812,0,0,192,64,0,1,1,4294967295
tl_SunlightMain,6380,1876,0,0,192,64,0,1,1,4294967295
tl_SunlightMain,6380,1940,0,0,192,64,0,1,1,4294967295
tl_SunlightMain,6380,2004,0,0,192,64,0,1,1,4294967295
tl_SunlightMain,6380,2068,0,0,192,64,0,1,1,4294967295
tl_SunlightMain,5940,1216,0,0,192,64,0,1,1,4294967295
tl_SunlightMain,5940,1280,0,0,192,64,0,1,1,4294967295
tl_SunlightMain,5940,1344,0,0,192,64,0,1,1,4294967295
tl_SunlightMain,5940,1408,0,0,192,64,0,1,1,4294967295
tl_SunlightMain,5940,1472,0,0,192,64,0,1,1,4294967295
tl_SunlightMain,6132,1268,0,0,192,64,0,1,1,4294967295
tl_SunlightMain,6252,1268,0,0,192,64,0,1,1,4294967295
tl_SunlightMainS,6292,1332,0,0,88,64,0,1,1,4294967295
tl_SunlightMainS,6292,1396,0,0,88,64,0,1,1,4294967295
tl_SunlightMainS,6292,1460,0,0,88,64,0,1,1,4294967295
tl_SunlightMain,6132,1460,0,0,192,64,0,1,1,4294967295
tl_SunlightMain,6132,1396,0,0,192,64,0,1,1,4294967295
tl_SunlightMain,6132,1332,0,0,192,64,0,1,1,4294967295
tl_SunlightTF,5708,1032,0,0,64,88,0,1,1,4294967295
tl_SunlightTF,5084,936,0,0,64,88,0,1,1,4294967295
tl_SunlightTF,6288,1136,64,0,64,88,0,1,1,4294967295
tl_SunlightTF,6132,1096,0,0,64,88,0,1,1,4294967295
tl_SunlightTF,6480,1156,0,0,64,88,0,1,1,4294967295
tl_SunlightTF,5332,936,64,0,64,88,0,1,1,4294967295
tl_SunlightMain,7288,1400,0,0,192,64,0,1,1,4294967295
tl_SunlightMain,7288,1464,0,0,192,64,0,1,1,4294967295
tl_SunlightMain,7288,1528,0,0,192,64,0,1,1,4294967295
tl_SunlightMain,7288,1592,0,0,192,64,0,1,1,4294967295
tl_SunlightMain,7288,1656,0,0,192,64,0,1,1,4294967295
tl_SunlightMain,7288,1720,0,0,192,64,0,1,1,4294967295
tl_SunlightMain,7288,1784,0,0,192,64,0,1,1,4294967295
tl_SunlightMain,7288,1848,0,0,192,64,0,1,1,4294967295
tl_SunlightMain,7288,1912,0,0,192,64,0,1,1,4294967295
tl_SunlightMain,7288,1976,0,0,192,64,0,1,1,4294967295
tl_SunlightMain,7288,2040,0,0,192,64,0,1,1,4294967295
tl_SunlightSand,7504,1780,0,0,180,120,0,1,1,4294967295
tl_SunlightSand,7684,1780,0,0,180,120,0,1,1,4294967295
tl_SunlightSand,7864,1780,0,0,180,120,0,1,1,4294967295
tl_SunlightSand,8044,1788,0,0,180,120,0,1,1,4294967295
tl_SunlightSand,8256,1828,0,0,180,120,0,1,1,4294967295
tl_SunlightSand,8436,1828,0,0,180,120,0,1,1,4294967295
tl_SunlightSand,8616,1828,0,0,180,120,0,1,1,4294967295
tl_SunlightSand,8124,1824,0,0,180,120,0,1,1,4294967295
tl_SunlightSand,8788,1820,0,0,180,120,0,1,1,4294967295
tl_SunlightSand,8824,1804,0,0,180,120,0,1,1,4294967295
tl_SunlightSand,8916,1780,0,0,180,120,0,1,1,4294967295
tl_SunlightSand,9028,1756,0,0,180,120,0,1,1,4294967295
tl_SunlightSand,9140,1732,0,0,180,120,0,1,1,4294967295
tl_SunlightSand,9320,1732,0,0,180,120,0,1,1,4294967295
tl_SunlightSand,9500,1732,0,0,180,120,0,1,1,4294967295
tl_SunlightSand,9680,1732,0,0,180,120,0,1,1,4294967295
tl_SunlightSand,9836,1732,0,0,180,120,0,1,1,4294967295
tl_SunlightMain,10040,1384,0,0,192,64,0,1,1,4294967295
tl_SunlightMain,10040,1448,0,0,192,64,0,1,1,4294967295
tl_SunlightMain,10040,1512,0,0,192,64,0,1,1,4294967295
tl_SunlightMain,10040,1576,0,0,192,64,0,1,1,4294967295
tl_SunlightMain,10040,1640,0,0,192,64,0,1,1,4294967295
tl_SunlightMain,10040,1704,0,0,192,64,0,1,1,4294967295
tl_SunlightMain,10040,1768,0,0,192,64,0,1,1,4294967295
tl_SunlightMain,10040,1832,0,0,192,64,0,1,1,4294967295
tl_SunlightMain,10040,1896,0,0,192,64,0,1,1,4294967295
tl_SunlightMain,10040,1960,0,0,192,64,0,1,1,4294967295
tl_SunlightMain,9308,972,0,0,192,64,0,1,1,4294967295
tl_SunlightMain,9308,908,0,0,192,64,0,1,1,4294967295
tl_SunlightMain,9308,844,0,0,192,64,0,1,1,4294967295
tl_SunlightMain,9308,780,0,0,192,64,0,1,1,4294967295
tl_SunlightMain,9308,716,0,0,192,64,0,1,1,4294967295
tl_SunlightMain,9308,652,0,0,192,64,0,1,1,4294967295
tl_SunlightMain,9308,588,0,0,192,64,0,1,1,4294967295
tl_SunlightMain,9308,524,0,0,192,64,0,1,1,4294967295
tl_SunlightMain,9308,460,0,0,192,64,0,1,1,4294967295
tl_SunlightMain,9524,756,0,0,192,64,0,1,1,4294967295
tl_SunlightMain,9716,756,0,0,192,64,0,1,1,4294967295
tl_SunlightMain,9908,756,0,0,192,64,0,1,1,4294967295
tl_SunlightMainS,7976,1360,0,0,88,64,0,1,1,4294967295
tl_SunlightMainS,8064,1380,0,0,88,64,0,1,1,4294967295
tl_SunlightMain,9608,1384,0,0,192,64,0,1,1,4294967295
tl_SunlightMain,7592,1400,0,0,192,64,0,1,1,4294967295
tl_SunlightMain,7784,1400,0,0,192,64,0,1,1,4294967295
tl_SunlightMain,8152,1448,0,0,192,64,0,1,1,4294967295
tl_SunlightMainS,7976,1424,0,0,88,64,0,1,1,4294967295
tl_SunlightMainS,8064,1444,0,0,88,64,0,1,1,4294967295
tl_SunlightMain,9524,692,0,0,192,64,0,1,1,4294967295
tl_SunlightMain,9716,692,0,0,192,64,0,1,1,4294967295
tl_SunlightMain,9908,692,0,0,192,64,0,1,1,4294967295
tl_SunlightMain,9908,628,0,0,192,64,0,1,1,4294967295
tl_SunlightMain,9908,564,0,0,192,64,0,1,1,4294967295
tl_SunlightMain,9908,500,0,0,192,64,0,1,1,4294967295
tl_SunlightMain,9716,628,0,0,192,64,0,1,1,4294967295
tl_SunlightMain,9524,628,0,0,192,64,0,1,1,4294967295
tl_SunlightMain,9524,564,0,0,192,64,0,1,1,4294967295
tl_SunlightMain,9716,564,0,0,192,64,0,1,1,4294967295
tl_SunlightMain,9716,500,0,0,192,64,0,1,1,4294967295
tl_SunlightMain,9524,500,0,0,192,64,0,1,1,4294967295
tl_SunlightSand,12528,1564,0,0,180,120,0,1,1,4294967295
tl_SunlightSand,12528,1684,0,0,180,120,0,1,1,4294967295
tl_SunlightSand,12708,1564,0,0,180,120,0,1,1,4294967295
tl_SunlightSand,12708,1684,0,0,180,120,0,1,1,4294967295
tl_SunlightSand,12888,1564,0,0,180,120,0,1,1,4294967295
tl_SunlightSand,12888,1684,0,0,180,120,0,1,1,4294967295
tl_SunlightSand,13068,1564,0,0,180,120,0,1,1,4294967295
tl_SunlightSand,13068,1684,0,0,180,120,0,1,1,4294967295
tl_SunlightSand,13248,1564,0,0,180,120,0,1,1,4294967295
tl_SunlightSand,13248,1684,0,0,180,120,0,1,1,4294967295
tl_SunlightSand,13428,1564,0,0,180,120,0,1,1,4294967295
tl_SunlightSand,13608,1564,0,0,180,120,0,1,1,4294967295
tl_SunlightSand,13428,1684,0,0,180,120,0,1,1,4294967295
tl_SunlightSand,13608,1684,0,0,180,120,0,1,1,4294967295
tl_SunlightMain,12312,1384,0,0,192,64,0,1,1,4294967295
tl_SunlightMain,12120,1384,0,0,192,64,0,1,1,4294967295
tl_SunlightMain,12312,1448,0,0,192,64,0,1,1,4294967295
tl_SunlightMain,12312,1512,0,0,192,64,0,1,1,4294967295
tl_SunlightMain,12312,1576,0,0,192,64,0,1,1,4294967295
tl_SunlightMain,12312,1640,0,0,192,64,0,1,1,4294967295
tl_SunlightMain,12312,1704,0,0,192,64,0,1,1,4294967295
tl_SunlightMain,12120,1448,0,0,192,64,0,1,1,4294967295
tl_SunlightMain,12120,1512,0,0,192,64,0,1,1,4294967295
tl_SunlightMain,13768,1384,0,0,192,64,0,1,1,4294967295
tl_SunlightMain,13960,1384,0,0,192,64,0,1,1,4294967295
tl_SunlightMain,13768,1448,0,0,192,64,0,1,1,4294967295
tl_SunlightMain,13960,1448,0,0,192,64,0,1,1,4294967295
tl_SunlightMain,13768,1512,0,0,192,64,0,1,1,4294967295
tl_SunlightMain,13768,1576,0,0,192,64,0,1,1,4294967295
tl_SunlightMain,13768,1640,0,0,192,64,0,1,1,4294967295
tl_SunlightMain,13960,1512,0,0,192,64,0,1,1,4294967295
tl_SunlightMain,13960,1576,0,0,192,64,0,1,1,4294967295
tl_SunlightMain,13768,1704,0,0,192,64,0,1,1,4294967295
tl_SunlightMain,16664,628,0,0,192,64,0,1,1,4294967295
tl_SunlightMain,16856,628,0,0,192,64,0,1,1,4294967295
tl_SunlightMain,16664,564,0,0,192,64,0,1,1,4294967295
tl_SunlightMain,16856,564,0,0,192,64,0,1,1,4294967295
tl_SunlightMain,16664,500,0,0,192,64,0,1,1,4294967295
tl_SunlightMain,16856,500,0,0,192,64,0,1,1,4294967295
tl_SunlightMain,10232,1384,0,0,192,64,0,1,1,4294967295
tl_SunlightMain,10424,1384,0,0,192,64,0,1,1,4294967295
tl_SunlightMain,10232,1448,0,0,192,64,0,1,1,4294967295
tl_SunlightMain,10424,1448,0,0,192,64,0,1,1,4294967295
tl_SunlightMain,10792,1432,0,0,192,64,0,1,1,4294967295
tl_SunlightMain,10984,1432,0,0,192,64,0,1,1,4294967295
tl_SunlightMain,10792,1496,0,0,192,64,0,1,1,4294967295
tl_SunlightMain,10984,1496,0,0,192,64,0,1,1,4294967295
tl_SunlightMain,11176,1432,0,0,192,64,0,1,1,4294967295
tl_SunlightMain,11176,1496,0,0,192,64,0,1,1,4294967295
tl_SunlightMain,11368,1432,0,0,192,64,0,1,1,4294967295
tl_SunlightMain,11368,1496,0,0,192,64,0,1,1,4294967295
tl_SunlightMain,11560,1432,0,0,192,64,0,1,1,4294967295
tl_SunlightMain,11752,1432,0,0,192,64,0,1,1,4294967295
tl_SunlightMain,11560,1496,0,0,192,64,0,1,1,4294967295
tl_SunlightMain,11752,1496,0,0,192,64,0,1,1,4294967295
tl_SunlightMainS,10616,1364,0,0,88,64,0,1,1,4294967295
tl_SunlightMainS,10704,1388,0,0,88,64,0,1,1,4294967295
tl_SunlightMainS,10704,1452,0,0,88,64,0,1,1,4294967295
tl_SunlightMainS,10616,1428,0,0,88,64,0,1,1,4294967295
tl_SunlightMainS,10616,1492,0,0,88,64,0,1,1,4294967295
tl_SunlightMainS,10704,1516,0,0,88,64,0,1,1,4294967295
tl_SunlightMainS,11944,1388,0,0,88,64,0,1,1,4294967295
tl_SunlightMainS,12032,1364,0,0,88,64,0,1,1,4294967295
tl_SunlightMainS,12032,1428,0,0,88,64,0,1,1,4294967295
tl_SunlightMainS,11944,1452,0,0,88,64,0,1,1,4294967295
tl_SunlightMainS,12032,1492,0,0,88,64,0,1,1,4294967295
tl_SunlightMainS,11944,1516,0,0,88,64,0,1,1,4294967295
tl_SunlightMainS,14928,1364,0,0,88,64,0,1,1,4294967295
tl_SunlightMainS,15016,1388,0,0,88,64,0,1,1,4294967295
tl_SunlightMainS,14928,1428,0,0,88,64,0,1,1,4294967295
tl_SunlightMainS,15016,1452,0,0,88,64,0,1,1,4294967295
tl_SunlightMainS,15016,1516,0,0,88,64,0,1,1,4294967295
tl_SunlightMainS,15016,1580,0,0,88,64,0,1,1,4294967295
tl_SunlightMainS,15016,1644,0,0,88,64,0,1,1,4294967295
tl_SunlightMainS,15016,1708,0,0,88,64,0,1,1,4294967295
tl_SunlightMainS,14928,1492,0,0,88,64,0,1,1,4294967295
tl_SunlightMainS,15016,1772,0,0,88,64,0,1,1,4294967295
tl_SunlightMainS,15016,1836,0,0,88,64,0,1,1,4294967295
tl_SunlightMainS,15016,1900,0,0,88,64,0,1,1,4294967295
tl_SunlightMainS,15016,1964,0,0,88,64,0,1,1,4294967295
tl_SunlightMainS,15016,2028,0,0,88,64,0,1,1,4294967295
tl_SunlightMainS,15016,2092,0,0,88,64,0,1,1,4294967295
tl_SunlightMainS,15104,1412,0,0,88,64,0,1,1,4294967295
tl_SunlightMainS,15104,1476,0,0,88,64,0,1,1,4294967295
tl_SunlightMainS,15104,1540,0,0,88,64,0,1,1,4294967295
tl_SunlightMainS,15104,1604,0,0,88,64,0,1,1,4294967295
tl_SunlightMainS,15104,1668,0,0,88,64,0,1,1,4294967295
tl_SunlightMainS,15104,1732,0,0,88,64,0,1,1,4294967295
tl_SunlightMainS,15104,1796,0,0,88,64,0,1,1,4294967295
tl_SunlightMainS,15104,1860,0,0,88,64,0,1,1,4294967295
tl_SunlightMainS,15104,1924,0,0,88,64,0,1,1,4294967295
tl_SunlightMainS,15104,1988,0,0,88,64,0,1,1,4294967295
tl_SunlightMainS,15104,2052,0,0,88,64,0,1,1,4294967295
tl_SunlightMain,14544,1384,0,0,192,64,0,1,1,4294967295
tl_SunlightMain,14736,1384,0,0,192,64,0,1,1,4294967295
tl_SunlightMain,14544,1448,0,0,192,64,0,1,1,4294967295
tl_SunlightMain,14736,1448,0,0,192,64,0,1,1,4294967295
tl_SunlightMain,14544,1512,0,0,192,64,0,1,1,4294967295
tl_SunlightMain,14736,1512,0,0,192,64,0,1,1,4294967295
tl_SunlightMain,14544,1576,0,0,192,64,0,1,1,4294967295
tl_SunlightMain,14736,1576,0,0,192,64,0,1,1,4294967295
tl_SunlightMain,14544,1640,0,0,192,64,0,1,1,4294967295
tl_SunlightMain,14736,1640,0,0,192,64,0,1,1,4294967295
tl_SunlightMain,14544,1704,0,0,192,64,0,1,1,4294967295
tl_SunlightMain,14736,1704,0,0,192,64,0,1,1,4294967295
tl_SunlightMain,13960,1640,0,0,192,64,0,1,1,4294967295
tl_SunlightMain,13960,1704,0,0,192,64,0,1,1,4294967295
tl_SunlightMain,13960,1768,0,0,192,64,0,1,1,4294967295
tl_SunlightMain,13960,1832,0,0,192,64,0,1,1,4294967295
tl_SunlightMain,13960,1896,0,0,192,64,0,1,1,4294967295
tl_SunlightMain,13960,1960,0,0,192,64,0,1,1,4294967295
tl_SunlightMain,13960,2024,0,0,192,64,0,1,1,4294967295
tl_SunlightMain,13960,2088,0,0,192,64,0,1,1,4294967295
tl_SunlightMain,14176,2036,0,0,192,64,0,1,1,4294967295
tl_SunlightMain,14368,2036,0,0,192,64,0,1,1,4294967295
tl_SunlightMain,14544,1768,0,0,192,64,0,1,1,4294967295
tl_SunlightMain,14544,1832,0,0,192,64,0,1,1,4294967295
tl_SunlightMain,14544,1896,0,0,192,64,0,1,1,4294967295
tl_SunlightMain,14544,1960,0,0,192,64,0,1,1,4294967295
tl_SunlightMain,14544,2024,0,0,192,64,0,1,1,4294967295
tl_SunlightMain,14544,2088,0,0,192,64,0,1,1,4294967295
tl_SunlightMain,192,736,0,0,192,64,0,1,1,4294967295
tl_SunlightMain,0,736,0,0,192,64,0,1,1,4294967295
tl_SunlightMain,192,672,0,0,192,64,0,1,1,4294967295
tl_SunlightMain,192,608,0,0,192,64,0,1,1,4294967295
tl_SunlightMain,0,672,0,0,192,64,0,1,1,4294967295
tl_SunlightMain,0,608,0,0,192,64,0,1,1,4294967295
tl_SunlightMain,16664,436,0,0,192,64,0,1,1,4294967295
tl_SunlightMain,16856,436,0,0,192,64,0,1,1,4294967295
tl_SunlightMain,16664,372,0,0,192,64,0,1,1,4294967295
tl_SunlightMain,16856,372,0,0,192,64,0,1,1,4294967295
tl_SunlightMain,19048,1508,0,0,192,64,0,1,1,4294967295
tl_SunlightMain,19048,1572,0,0,192,64,0,1,1,4294967295
tl_SunlightMain,19048,1636,0,0,192,64,0,1,1,4294967295
tl_SunlightMain,19960,1364,0,0,192,64,0,1,1,4294967295
tl_SunlightMain,19960,1428,0,0,192,64,0,1,1,4294967295
tl_SunlightMain,19960,1492,0,0,192,64,0,1,1,4294967295
tl_SunlightMain,19504,1436,0,0,192,64,0,1,1,4294967295
tl_SunlightMain,19504,1500,0,0,192,64,0,1,1,4294967295
tl_SunlightMain,19504,1564,0,0,192,64,0,1,1,4294967295
tl_SunlightMainS,19240,1440,0,0,88,64,0,1,1,4294967295
tl_SunlightMainS,19240,1504,0,0,88,64,0,1,1,4294967295
tl_SunlightMainS,19240,1632,0,0,88,64,0,1,1,4294967295
tl_SunlightMainS,19240,1568,0,0,88,64,0,1,1,4294967295
tl_SunlightMainS,19328,1416,0,0,88,64,0,1,1,4294967295
tl_SunlightMainS,19328,1480,0,0,88,64,0,1,1,4294967295
tl_SunlightMainS,19328,1544,0,0,88,64,0,1,1,4294967295
tl_SunlightMainS,19328,1608,0,0,88,64,0,1,1,4294967295
tl_SunlightMainS,19416,1392,0,0,88,64,0,1,1,4294967295
tl_SunlightMainS,19416,1456,0,0,88,64,0,1,1,4294967295
tl_SunlightMainS,19416,1520,0,0,88,64,0,1,1,4294967295
tl_SunlightMainS,19416,1584,0,0,88,64,0,1,1,4294967295
tl_SunlightMainS,19696,1560,0,0,88,64,0,1,1,4294967295
tl_SunlightMainS,19784,1536,0,0,88,64,0,1,1,4294967295
tl_SunlightMainS,19872,1512,0,0,88,64,0,1,1,4294967295
tl_SunlightMainS,19872,1448,0,0,88,64,0,1,1,4294967295
tl_SunlightMainS,19784,1472,0,0,88,64,0,1,1,4294967295
tl_SunlightMainS,19696,1496,0,0,88,64,0,1,1,4294967295
tl_SunlightMainS,19696,1432,0,0,88,64,0,1,1,4294967295
tl_SunlightMainS,19696,1368,0,0,88,64,0,1,1,4294967295
tl_SunlightMainS,19784,1408,0,0,88,64,0,1,1,4294967295
tl_SunlightMainS,19872,1384,0,0,88,64,0,1,1,4294967295
tl_SunlightMainS,19872,1320,0,0,88,64,0,1,1,4294967295
tl_SunlightMainS,19784,1344,0,0,88,64,0,1,1,4294967295
tl_SunlightMain,19996,1844,0,0,192,64,0,1,1,4294967295
tl_SunlightMain,19996,1908,0,0,192,64,0,1,1,4294967295
tl_SunlightMain,20188,1844,0,0,192,64,0,1,1,4294967295
tl_SunlightMain,20188,1908,0,0,192,64,0,1,1,4294967295
tl_SunlightMain,19996,1972,0,0,192,64,0,1,1,4294967295
tl_SunlightMain,20188,1972,0,0,192,64,0,1,1,4294967295
tl_SunlightMain,19996,2036,0,0,192,64,0,1,1,4294967295
tl_SunlightMain,20188,2036,0,0,192,64,0,1,1,4294967295
tl_SunlightMain,20732,1748,0,0,192,64,0,1,1,4294967295
tl_SunlightMain,20732,1812,0,0,192,64,0,1,1,4294967295
tl_SunlightMain,20732,1876,0,0,192,64,0,1,1,4294967295
tl_SunlightMain,20732,1940,0,0,192,64,0,1,1,4294967295
tl_SunlightMain,20732,2004,0,0,192,64,0,1,1,4294967295
tl_SunlightMain,20732,2068,0,0,192,64,0,1,1,4294967295
tl_SunlightMain,17236,960,0,0,192,64,0,1,1,4294967295
tl_SunlightMain,17428,960,0,0,192,64,0,1,1,4294967295
tl_SunlightMain,17236,1280,0,0,192,64,0,1,1,4294967295
tl_SunlightMain,17236,1408,0,0,192,64,0,1,1,4294967295
tl_SunlightMain,17236,1472,0,0,192,64,0,1,1,4294967295
tl_SunlightMain,17236,1536,0,0,192,64,0,1,1,4294967295
tl_SunlightMain,17236,1600,0,0,192,64,0,1,1,4294967295
tl_SunlightMain,17236,1664,0,0,192,64,0,1,1,4294967295
tl_SunlightMain,17236,1728,0,0,192,64,0,1,1,4294967295
tl_SunlightMain,17020,1600,0,0,192,64,0,1,1,4294967295
tl_SunlightMain,17020,1536,0,0,192,64,0,1,1,4294967295
tl_SunlightMain,17020,1472,0,0,192,64,0,1,1,4294967295
tl_SunlightMain,17020,1408,0,0,192,64,0,1,1,4294967295
tl_SunlightMain,17020,1344,0,0,192,64,0,1,1,4294967295
tl_SunlightMain,17428,1472,0,0,192,64,0,1,1,4294967295
tl_SunlightMain,17428,1536,0,0,192,64,0,1,1,4294967295
tl_SunlightMain,17428,1600,0,0,192,64,0,1,1,4294967295
tl_SunlightMain,17428,1664,0,0,192,64,0,1,1,4294967295
tl_SunlightMain,17428,1728,0,0,192,64,0,1,1,4294967295
tl_SunlightMain,17020,2048,0,0,192,64,0,1,1,4294967295
tl_SunlightMain,21056,1364,0,0,192,64,0,1,1,4294967295
tl_SunlightMain,21248,1364,0,0,192,64,0,1,1,4294967295
tl_SunlightMain,21056,1428,0,0,192,64,0,1,1,4294967295
tl_SunlightMain,21056,1492,0,0,192,64,0,1,1,4294967295
tl_SunlightMain,21056,1556,0,0,192,64,0,1,1,4294967295
tl_SunlightMain,21056,1620,0,0,192,64,0,1,1,4294967295
tl_SunlightMain,21056,1684,0,0,192,64,0,1,1,4294967295
tl_SunlightMain,21248,1428,0,0,192,64,0,1,1,4294967295
tl_SunlightMain,21248,1492,0,0,192,64,0,1,1,4294967295
tl_SunlightMain,21248,1556,0,0,192,64,0,1,1,4294967295
tl_SunlightMain,21248,1620,0,0,192,64,0,1,1,4294967295
tl_SunlightMain,21248,1684,0,0,192,64,0,1,1,4294967295
tl_SunlightMain,21056,1748,0,0,192,64,0,1,1,4294967295
tl_SunlightMain,21248,1748,0,0,192,64,0,1,1,4294967295
tl_SunlightMain,21248,1812,0,0,192,64,0,1,1,4294967295
tl_SunlightMain,21056,1812,0,0,192,64,0,1,1,4294967295
tl_SunlightMain,21056,1876,0,0,192,64,0,1,1,4294967295
tl_SunlightMain,21248,1876,0,0,192,64,0,1,1,4294967295
tl_SunlightMain,21056,1940,0,0,192,64,0,1,1,4294967295
tl_SunlightMain,21248,1940,0,0,192,64,0,1,1,4294967295
tl_SunlightMain,21056,2004,0,0,192,64,0,1,1,4294967295
tl_SunlightMain,21056,2068,0,0,192,64,0,1,1,4294967295
tl_SunlightMain,21248,2004,0,0,192,64,0,1,1,4294967295
tl_SunlightMain,21248,2068,0,0,192,64,0,1,1,4294967295
tl_SunlightMain,17428,896,0,0,192,64,0,1,1,4294967295
tl_SunlightMain,17428,832,0,0,192,64,0,1,1,4294967295
tl_SunlightMain,17428,768,0,0,192,64,0,1,1,4294967295
tl_SunlightMain,22656,1428,0,0,192,64,0,1,1,4294967295
tl_SunlightMain,22656,1492,0,0,192,64,0,1,1,4294967295
tl_SunlightMain,22656,1556,0,0,192,64,0,1,1,4294967295
tl_SunlightMain,22656,1620,0,0,192,64,0,1,1,4294967295
tl_SunlightMain,22656,1684,0,0,192,64,0,1,1,4294967295
tl_SunlightMain,22656,1748,0,0,192,64,0,1,1,4294967295
tl_SunlightMain,22656,1812,0,0,192,64,0,1,1,4294967295
tl_SunlightMain,22656,1876,0,0,192,64,0,1,1,4294967295
tl_SunlightMain,22656,1940,0,0,192,64,0,1,1,4294967295
tl_SunlightMain,22656,2004,0,0,192,64,0,1,1,4294967295
tl_SunlightMain,22656,2068,0,0,192,64,0,1,1,4294967295
tl_SunlightMain,22848,1428,0,0,192,64,0,1,1,4294967295
tl_SunlightMain,23040,1428,0,0,192,64,0,1,1,4294967295
tl_SunlightMain,23232,1428,0,0,192,64,0,1,1,4294967295
tl_SunlightMain,22848,1492,0,0,192,64,0,1,1,4294967295
tl_SunlightMain,23040,1492,0,0,192,64,0,1,1,4294967295
tl_SunlightMain,22848,1556,0,0,192,64,0,1,1,4294967295
tl_SunlightMain,23040,1556,0,0,192,64,0,1,1,4294967295
tl_SunlightMain,23232,1492,0,0,192,64,0,1,1,4294967295
tl_SunlightMain,23232,1556,0,0,192,64,0,1,1,4294967295
tl_SunlightMain,23424,1428,0,0,192,64,0,1,1,4294967295
tl_SunlightMain,23424,1492,0,0,192,64,0,1,1,4294967295
tl_SunlightMain,23616,1428,0,0,192,64,0,1,1,4294967295
tl_SunlightMain,29760,1428,0,0,192,64,0,1,1,4294967295
tl_SunlightMain,29760,1492,0,0,192,64,0,1,1,4294967295
tl_SunlightMain,29760,1556,0,0,192,64,0,1,1,4294967295
tl_SunlightMain,29760,1620,0,0,192,64,0,1,1,4294967295
tl_SunlightMain,29760,1684,0,0,192,64,0,1,1,4294967295
tl_SunlightMain,29760,1748,0,0,192,64,0,1,1,4294967295
tl_SunlightMain,29760,1812,0,0,192,64,0,1,1,4294967295
tl_SunlightMain,29760,1876,0,0,192,64,0,1,1,4294967295
tl_SunlightMain,29760,1940,0,0,192,64,0,1,1,4294967295
tl_SunlightMain,29760,2004,0,0,192,64,0,1,1,4294967295
tl_SunlightMain,29760,2068,0,0,192,64,0,1,1,4294967295
tl_SunlightMain,29568,1428,0,0,192,64,0,1,1,4294967295
tl_SunlightMain,29568,1492,0,0,192,64,0,1,1,4294967295
tl_SunlightMain,29568,1556,0,0,192,64,0,1,1,4294967295
tl_SunlightMain,29568,1620,0,0,192,64,0,1,1,4294967295
tl_SunlightMain,29376,1428,0,0,192,64,0,1,1,4294967295
tl_SunlightMain,29376,1492,0,0,192,64,0,1,1,4294967295
tl_SunlightMain,17020,1984,0,0,192,64,0,1,1,4294967295
tl_SunlightMain,17020,1664,0,0,192,64,0,1,1,4294967295
tl_SunlightMain,17020,1728,0,0,192,64,0,1,1,4294967295
tl_SunlightMain,17020,1792,0,0,192,64,0,1,1,4294967295
tl_SunlightMain,17020,1856,0,0,192,64,0,1,1,4294967295
tl_SunlightMain,17020,1920,0,0,192,64,0,1,1,4294967295
tl_SunlightSand,17644,1524,0,0,180,120,0,1,1,4294967295
tl_SunlightSand,17824,1524,0,0,180,120,0,1,1,4294967295
tl_SunlightSand,18004,1524,0,0,180,120,0,1,1,4294967295
tl_SunlightSand,17644,1644,0,0,180,120,0,1,1,4294967295
tl_SunlightSand,17824,1644,0,0,180,120,0,1,1,4294967295
tl_SunlightSand,18008,1644,0,0,180,120,0,1,1,4294967295
tl_SunlightSand,18728,1620,0,0,180,120,0,1,1,4294967295
tl_SunlightSand,18728,1740,0,0,180,120,0,1,1,4294967295
tl_SunlightSand,18728,1860,0,0,180,120,0,1,1,4294967295
tl_SunlightSand,18728,1980,0,0,180,120,0,1,1,4294967295
tl_SunlightSand,18548,1620,0,0,180,120,0,1,1,4294967295
tl_SunlightSand,18548,1740,0,0,180,120,0,1,1,4294967295
tl_SunlightSand,18388,1584,0,0,180,120,0,1,1,4294967295
tl_SunlightSand,18368,1704,0,0,180,120,0,1,1,4294967295
tl_SunlightSand,18208,1616,0,0,180,120,0,1,1,4294967295
tl_SunlightSand,18188,1656,0,0,180,120,0,1,1,4294967295
tl_SunlightSand,18060,1524,0,0,180,120,0,1,1,4294967295
tl_SunlightSand,18104,1536,0,0,180,120,0,1,1,4294967295
tl_SunlightSand,18280,1552,0,0,180,120,0,1,1,4294967295
tl_SunlightSand,17928,1644,0,0,180,120,0,1,1,4294967295
tl_SunlightSand,18948,2036,0,0,180,120,0,1,1,4294967295
tl_SunlightSand,19128,2036,0,0,180,120,0,1,1,4294967295
tl_SunlightSand,19308,2060,0,0,180,120,0,1,1,4294967295
tl_SunlightSand,19536,2044,0,0,180,120,0,1,1,4294967295
tl_SunlightSand,19488,2060,0,0,180,120,0,1,1,4294967295
tl_SunlightMainS,20380,1800,0,0,88,64,0,1,1,4294967295
tl_SunlightMainS,20468,1776,0,0,88,64,0,1,1,4294967295
tl_SunlightMainS,20556,1752,0,0,88,64,0,1,1,4294967295
tl_SunlightMainS,20644,1728,0,0,88,64,0,1,1,4294967295
tl_SunlightMainS,20380,1864,0,0,88,64,0,1,1,4294967295
tl_SunlightMainS,20468,1840,0,0,88,64,0,1,1,4294967295
tl_SunlightMainS,20556,1816,0,0,88,64,0,1,1,4294967295
tl_SunlightMainS,20644,1792,0,0,88,64,0,1,1,4294967295
tl_SunlightMainS,20644,1856,0,0,88,64,0,1,1,4294967295
tl_SunlightMainS,20556,1880,0,0,88,64,0,1,1,4294967295
tl_SunlightMainS,20468,1904,0,0,88,64,0,1,1,4294967295
tl_SunlightMainS,20380,1928,0,0,88,64,0,1,1,4294967295
tl_SunlightMain,17844,236,0,0,192,64,0,1,1,4294967295
tl_SunlightMain,17848,300,0,0,192,64,0,1,1,4294967295
tl_SunlightMain,17848,364,0,0,192,64,0,1,1,4294967295
tl_SunlightMain,17848,428,0,0,192,64,0,1,1,4294967295
tl_SunlightWF,4748,1364,0,0,256,62,0,1,1,4294967295
tl_SunlightMain,36276,1100,0,0,192,64,0,1,1,4294967295
tl_SunlightMain,36276,1164,0,0,192,64,0,1,1,4294967295
tl_SunlightMain,36276,1228,0,0,192,64,0,1,1,4294967295
tl_SunlightMain,36276,1292,0,0,192,64,0,1,1,4294967295
tl_SunlightMain,36276,1356,0,0,192,64,0,1,1,4294967295
tl_SunlightMain,36276,1420,0,0,192,64,0,1,1,4294967295
tl_SunlightMain,36276,1484,0,0,192,64,0,1,1,4294967295
tl_SunlightMain,36276,1548,0,0,192,64,0,1,1,4294967295
tl_SunlightMain,36276,1612,0,0,192,64,0,1,1,4294967295
tl_SunlightMain,36276,1676,0,0,192,64,0,1,1,4294967295
tl_SunlightMain,36276,1740,0,0,192,64,0,1,1,4294967295
tl_SunlightMain,36276,1804,0,0,192,64,0,1,1,4294967295
tl_SunlightMain,36276,1868,0,0,192,64,0,1,1,4294967295
tl_SunlightMain,36276,1932,0,0,192,64,0,1,1,4294967295
tl_SunlightMain,36276,1996,0,0,192,64,0,1,1,4294967295
tl_SunlightMain,36276,2060,0,0,192,64,0,1,1,4294967295
tl_SunlightMain,36252,560,0,0,192,64,0,1,1,4294967295
tl_SunlightMain,36252,624,0,0,192,64,0,1,1,4294967295
tl_SunlightMain,36252,688,0,0,192,64,0,1,1,4294967295
tl_SunlightMain,36252,752,0,0,192,64,0,1,1,4294967295
tl_SunlightMain,36708,632,0,0,192,64,0,1,1,4294967295
tl_SunlightMain,36708,696,0,0,192,64,0,1,1,4294967295
tl_SunlightMain,36708,760,0,0,192,64,0,1,1,4294967295
tl_SunlightMain,36708,824,0,0,192,64,0,1,1,4294967295
tl_SunlightMain,36708,888,0,0,192,64,0,1,1,4294967295
tl_SunlightMain,36708,952,0,0,192,64,0,1,1,4294967295
tl_SunlightMain,36708,1016,0,0,192,64,0,1,1,4294967295
tl_SunlightMain,36708,1080,0,0,192,64,0,1,1,4294967295
tl_SunlightMain,36708,1144,0,0,192,64,0,1,1,4294967295
tl_SunlightMain,36708,1208,0,0,192,64,0,1,1,4294967295
tl_SunlightMain,36708,1272,0,0,192,64,0,1,1,4294967295
tl_SunlightMain,36708,1336,0,0,192,64,0,1,1,4294967295
tl_SunlightMain,36708,1400,0,0,192,64,0,1,1,4294967295
tl_SunlightMain,36708,1464,0,0,192,64,0,1,1,4294967295
tl_SunlightMain,36708,1528,0,0,192,64,0,1,1,4294967295
tl_SunlightMain,36708,1592,0,0,192,64,0,1,1,4294967295
tl_SunlightMainS,36444,540,0,0,88,64,0,1,1,4294967295
tl_SunlightMainS,36532,564,0,0,88,64,0,1,1,4294967295
tl_SunlightMainS,36620,588,0,0,88,64,0,1,1,4294967295
tl_SunlightMainS,36444,604,0,0,88,64,0,1,1,4294967295
tl_SunlightMainS,36444,668,0,0,88,64,0,1,1,4294967295
tl_SunlightMainS,36444,732,0,0,88,64,0,1,1,4294967295
tl_SunlightMainS,36532,628,0,0,88,64,0,1,1,4294967295
tl_SunlightMainS,36620,652,0,0,88,64,0,1,1,4294967295
tl_SunlightMainS,36532,692,0,0,88,64,0,1,1,4294967295
tl_SunlightMainS,36532,756,0,0,88,64,0,1,1,4294967295
tl_SunlightMainS,36620,716,0,0,88,64,0,1,1,4294967295
tl_SunlightMainS,36620,780,0,0,88,64,0,1,1,4294967295
tl_SunlightMainS,36532,820,0,0,88,64,0,1,1,4294967295
tl_SunlightMainS,36532,884,0,0,88,64,0,1,1,4294967295
tl_SunlightMainS,36532,948,0,0,88,64,0,1,1,4294967295
tl_SunlightMainS,36532,1012,0,0,88,64,0,1,1,4294967295
tl_SunlightMainS,36532,1076,0,0,88,64,0,1,1,4294967295
tl_SunlightMainS,36620,844,0,0,88,64,0,1,1,4294967295
tl_SunlightMainS,36620,908,0,0,88,64,0,1,1,4294967295
tl_SunlightMainS,36620,972,0,0,88,64,0,1,1,4294967295
tl_SunlightMainS,36620,1036,0,0,88,64,0,1,1,4294967295
tl_SunlightMainS,36620,1100,0,0,88,64,0,1,1,4294967295
tl_SunlightM2,38632,344,0,0,256,256,0,1,1,4294967295
tl_SunlightMain,38384,536,0,0,192,64,0,1,1,4294967295
tl_SunlightMain,38576,536,0,0,192,64,0,1,1,4294967295
tl_SunlightMain,38384,472,0,0,192,64,0,1,1,4294967295
tl_SunlightMain,38576,472,0,0,192,64,0,1,1,4294967295
tl_SunlightMain,38576,408,0,0,192,64,0,1,1,4294967295
tl_SunlightMain,38576,344,0,0,192,64,0,1,1,4294967295
tl_SunlightMain,38384,408,0,0,192,64,0,1,1,4294967295
tl_SunlightMain,38384,344,0,0,192,64,0,1,1,4294967295
tl_SunlightMain,38384,280,0,0,192,64,0,1,1,4294967295
tl_SunlightMain,38576,280,0,0,192,64,0,1,1,4294967295
tl_SunlightEd,39064,336,24,0,24,256,0,1,1,4294967295
tl_SunlightM2,38808,296,0,0,256,256,0,1,1,4294967295
tl_SunlightSand,36924,1344,0,0,180,120,0,1,1,4294967295
tl_SunlightSand,37104,1344,0,0,180,120,0,1,1,4294967295
tl_SunlightSand,37196,1344,0,0,180,120,0,1,1,4294967295
tl_SunlightMain,37400,1112,0,0,192,64,0,1,1,4294967295
tl_SunlightMain,37400,1176,0,0,192,64,0,1,1,4294967295
tl_SunlightMain,37400,1240,0,0,192,64,0,1,1,4294967295
tl_SunlightMain,37400,1432,0,0,192,64,0,1,1,4294967295
tl_SunlightMain,38468,1176,0,0,192,64,0,1,1,4294967295
tl_SunlightMain,38748,1152,0,0,192,64,0,1,1,4294967295
tl_SunlightMain,39380,1032,0,0,192,64,0,1,1,4294967295
tl_SunlightMain,39572,1032,0,0,192,64,0,1,1,4294967295
tl_SunlightMainS,38660,1108,0,0,88,64,0,1,1,4294967295
tl_SunlightMainS,38660,1172,0,0,88,64,0,1,1,4294967295
tl_SunlightM,36988,228,0,0,128,128,0,1,1,4294967295
tl_SunlightM,37580,228,0,0,128,128,0,1,1,4294967295
tl_coralM,43492,932,0,0,256,256,0,1,1,4294967295
tl_coralM,43748,932,0,0,256,256,0,1,1,4294967295
tl_coralM,44004,992,0,0,256,256,0,1,1,4294967295
tl_coralM,44260,1060,0,0,256,256,0,1,1,4294967295
tl_coralM,44516,1092,0,0,256,256,0,1,1,4294967295
tl_coralM,44772,1092,0,0,256,256,0,1,1,4294967295
tl_coralM,45028,1092,0,0,256,256,0,1,1,4294967295
tl_coralM,43492,460,0,0,256,256,0,1,1,4294967295
tl_coralM,43748,460,0,0,256,256,0,1,1,4294967295
tl_coralM,44004,460,0,0,256,256,0,1,1,4294967295
tl_coralM,44708,608,0,0,256,256,0,1,1,4294967295
tl_coralM,44452,608,0,0,256,256,0,1,1,4294967295
tl_coralM2,44324,692,0,0,128,128,0,1,1,4294967295
tl_coralM2,44128,604,0,0,128,128,0,1,1,4294967295
tl_coralM2,44196,624,0,0,128,128,0,1,1,4294967295
tl_coralM2,44260,644,0,0,128,128,0,1,1,4294967295
tl_coralM2,44324,564,0,0,128,128,0,1,1,4294967295
tl_coralM2,44260,500,0,0,128,128,0,1,1,4294967295
tl_SunlightMain,41672,788,0,0,192,64,0,1,1,4294967295
tl_SunlightMain,41864,788,0,0,192,64,0,1,1,4294967295
tl_SunlightMain,41672,852,0,0,192,64,0,1,1,4294967295
tl_SunlightMain,41864,852,0,0,192,64,0,1,1,4294967295
tl_SunlightMain,41672,916,0,0,192,64,0,1,1,4294967295
tl_SunlightMain,41864,916,0,0,192,64,0,1,1,4294967295
tl_SunlightSand,40940,1796,0,0,180,120,0,1,1,4294967295
tl_SunlightSand,41120,1796,0,0,180,120,0,1,1,4294967295
tl_SunlightSand,41300,1820,0,0,180,120,0,1,1,4294967295
tl_SunlightSand,41480,1856,0,0,180,120,0,1,1,4294967295
tl_SunlightSand,41660,1892,0,0,180,120,0,1,1,4294967295
tl_SunlightSand,41840,1892,0,0,180,120,0,1,1,4294967295
tl_SunlightSand,42020,1892,0,0,180,120,0,1,1,4294967295
tl_SunlightSand,42200,1892,0,0,180,120,0,1,1,4294967295
tl_SunlightSand,42380,1892,0,0,180,120,0,1,1,4294967295
tl_SunlightSand,42532,1860,0,0,180,120,0,1,1,4294967295
tl_SunlightSand,43248,1892,0,0,180,120,0,1,1,4294967295
tl_SunlightSand,43068,1892,0,0,180,120,0,1,1,4294967295
tl_SunlightSand,42956,1876,0,0,180,120,0,1,1,4294967295
tl_SunlightMain,38468,1240,0,0,192,64,0,1,1,4294967295
tl_SunlightMainS,38660,1236,0,0,88,64,0,1,1,4294967295
tl_SunlightMainS,38940,1216,0,0,88,64,0,1,1,4294967295
tl_SunlightMainS,39028,1216,0,0,88,64,0,1,1,4294967295
tl_SunlightMainS,39028,1248,0,0,88,64,0,1,1,4294967295
tl_SunlightMainS,38940,1248,0,0,88,64,0,1,1,4294967295
tl_SunlightMain,38748,1216,0,0,192,64,0,1,1,4294967295
tl_SunlightMainS,39116,1248,0,0,88,64,0,1,1,4294967295
tl_SunlightMain,41672,980,0,0,192,64,0,1,1,4294967295
tl_SunlightMain,41672,1044,0,0,192,64,0,1,1,4294967295
tl_SunlightMain,41864,980,0,0,192,64,0,1,1,4294967295
tl_SunlightMain,41864,1044,0,0,192,64,0,1,1,4294967295
tl_SunlightMain,41672,1108,0,0,192,64,0,1,1,4294967295
tl_SunlightMain,41672,1172,0,0,192,64,0,1,1,4294967295
tl_SunlightMain,41672,1236,0,0,192,64,0,1,1,4294967295
tl_SunlightMain,41672,1300,0,0,192,64,0,1,1,4294967295
tl_SunlightMain,41864,1108,0,0,192,64,0,1,1,4294967295
tl_SunlightMain,41864,1172,0,0,192,64,0,1,1,4294967295
tl_SunlightMain,41864,1300,0,0,192,64,0,1,1,4294967295
tl_SunlightMain,41864,1236,0,0,192,64,0,1,1,4294967295
tl_coralM,43492,204,0,0,256,256,0,1,1,4294967295
tl_coralM,43492,1188,0,0,256,256,0,1,1,4294967295
tl_coralM,43492,1444,0,0,256,256,0,1,1,4294967295
tl_coralM,43492,1700,0,0,256,256,0,1,1,4294967295
tl_coralM,43492,1956,0,0,256,256,0,1,1,4294967295
tl_coralM,45224,1092,0,0,256,256,0,1,1,4294967295
tl_coralM,45412,1156,0,0,256,256,0,1,1,4294967295
tl_coralM,45540,1220,0,0,256,256,0,1,1,4294967295
tl_coralM,45796,1252,0,0,256,256,0,1,1,4294967295
tl_coralM,46052,1216,0,0,256,256,0,1,1,4294967295
tl_coralM,46244,1156,0,0,256,256,0,1,1,4294967295
tl_SunlightTF,38908,416,0,0,64,88,0,1,1,4294967295
tl_SunlightTF,39012,420,64,0,64,88,0,1,1,4294967295
tl_SunlightG,38892,488,0,0,64,16,0,1,1,4294967295
tl_SunlightG,39060,492,64,0,64,16,0,1,1,4294967295
tl_SunlightG,39180,520,64,0,64,16,0,1,1,4294967295
tl_SunlightG,39316,556,0,0,64,16,0,1,1,4294967295
tl_SunlightG,39468,588,0,0,64,16,0,1,1,4294967295
tl_SunlightG,39596,588,64,0,64,16,0,1,1,4294967295
tl_SunlightSand,38504,1832,0,0,180,120,0,1,1,4294967295
tl_SunlightSand,38452,1896,0,0,180,120,0,1,1,4294967295
tl_SunlightSand,38272,1896,0,0,180,120,0,1,1,4294967295
tl_SunlightWF,38256,1940,0,0,256,62,0,1,1,4294967295
tl_SunlightRk2,38972,488,0,0,42,21,0,1,1,4294967295
tl_coralM,46532,132,0,0,256,256,0,1,1,4294967295
tl_coralM,46276,132,0,0,256,256,0,1,1,4294967295
tl_coralM,47108,48,0,0,256,256,0,1,1,4294967295
tl_coralM,46788,100,0,0,256,256,0,1,1,4294967295
tl_coralM2,46852,248,0,0,128,128,0,1,1,4294967295
tl_coralM2,46792,272,0,0,128,128,0,1,1,4294967295
tl_coralM2,46980,200,0,0,128,128,0,1,1,4294967295
tl_coralM2,46980,76,0,0,128,128,0,1,1,4294967295
tl_coralM2,46252,644,0,0,128,128,0,1,1,4294967295
tl_coralM2,46240,736,0,0,128,128,0,1,1,4294967295
tl_coralM,46564,900,0,0,256,256,0,1,1,4294967295
tl_coralM,46500,1156,0,0,256,256,0,1,1,4294967295
tl_coralM2,46276,388,0,0,128,128,0,1,1,4294967295
tl_coralM2,46276,516,0,0,128,128,0,1,1,4294967295
tl_coralM,47204,964,0,0,256,256,0,1,1,4294967295
tl_coralM,47396,1028,0,0,256,256,0,1,1,4294967295
tl_coralM,47524,1124,0,0,256,256,0,1,1,4294967295
tl_coralM,47780,1072,0,0,256,256,0,1,1,4294967295
tl_coralM,47524,1380,0,0,256,256,0,1,1,4294967295
tl_coralM,47780,1520,0,0,256,256,0,1,1,4294967295
tl_coralM,48036,1520,0,0,256,256,0,1,1,4294967295
tl_coralM,48292,1520,0,0,256,256,0,1,1,4294967295
tl_coralM,48484,1488,0,0,256,256,0,1,1,4294967295
tl_coralM,48612,1424,0,0,256,256,0,1,1,4294967295
tl_coralM,48804,1360,0,0,256,256,0,1,1,4294967295
tl_coralM,49060,1360,0,0,256,256,0,1,1,4294967295
tl_coralM,49188,1328,0,0,256,256,0,1,1,4294967295
tl_coralM,49316,1264,0,0,256,256,0,1,1,4294967295
tl_coralM,49508,1200,0,0,256,256,0,1,1,4294967295
tl_coralM,49764,1200,0,0,256,256,0,1,1,4294967295
tl_coralM,49956,1264,0,0,256,256,0,1,1,4294967295
tl_coralM,50212,1360,0,0,256,256,0,1,1,4294967295
tl_coralM,50468,1360,0,0,256,256,0,1,1,4294967295
tl_coralM,50660,1424,0,0,256,256,0,1,1,4294967295
tl_coralM,50692,1520,0,0,256,256,0,1,1,4294967295
tl_coralM,50948,1520,0,0,256,256,0,1,1,4294967295
tl_coralM2,49780,880,0,0,128,128,0,1,1,4294967295
tl_coralM2,49908,880,0,0,128,128,0,1,1,4294967295
tl_coralM2,49780,864,0,0,128,128,0,1,1,4294967295
tl_coralM2,49908,864,0,0,128,128,0,1,1,4294967295
tl_coralM2,50036,904,0,0,128,128,0,1,1,4294967295
tl_coralM2,50100,928,0,0,128,128,0,1,1,4294967295
tl_coralM2,50164,952,0,0,128,128,0,1,1,4294967295
tl_coralM2,50228,976,0,0,128,128,0,1,1,4294967295
tl_coralM2,50292,1000,0,0,128,128,0,1,1,4294967295
tl_coralM2,50356,1016,0,0,128,128,0,1,1,4294967295
tl_coralM2,50484,1016,0,0,128,128,0,1,1,4294967295
tl_coralM2,50548,1016,0,0,128,128,0,1,1,4294967295
tl_coralM2,50616,1000,0,0,128,128,0,1,1,4294967295
tl_coralM2,50676,976,0,0,128,128,0,1,1,4294967295
tl_coralM2,50740,952,0,0,128,128,0,1,1,4294967295
tl_coralM2,50804,928,0,0,128,128,0,1,1,4294967295
tl_coralM2,50804,800,0,0,128,128,0,1,1,4294967295
tl_coralM2,50804,672,0,0,128,128,0,1,1,4294967295
tl_coralM2,50804,640,0,0,128,128,0,1,1,4294967295
tl_coralM2,50932,640,0,0,128,128,0,1,1,4294967295
tl_coralM2,51060,640,0,0,128,128,0,1,1,4294967295
tl_coralM2,51188,640,0,0,128,128,0,1,1,4294967295
tl_coralM2,51316,640,0,0,128,128,0,1,1,4294967295
tl_coralM2,51188,608,0,0,128,128,0,1,1,4294967295
tl_coralM2,51316,608,0,0,128,128,0,1,1,4294967295
tl_coralM,51444,608,0,0,256,256,0,1,1,4294967295
tl_coralM,51444,864,0,0,256,256,0,1,1,4294967295
tl_coralM,52720,368,0,0,256,256,0,1,1,4294967295
tl_coralM,52464,368,0,0,256,256,0,1,1,4294967295
tl_coralM,52208,432,0,0,256,256,0,1,1,4294967295
tl_coralM,52000,464,0,0,256,256,0,1,1,4294967295
tl_coralM2,52000,720,0,0,128,128,0,1,1,4294967295
tl_coralM2,52080,632,0,0,128,128,0,1,1,4294967295
tl_coralRk,43544,852,0,0,65,16,0,1,1,4294967295
tl_coralRk,43684,852,65,0,65,16,0,1,1,4294967295
tl_coralRk,43808,852,0,0,65,16,0,1,1,4294967295
tl_coralRk,43940,852,0,0,65,16,0,1,1,4294967295
tl_coralRk,43632,860,0,0,65,16,0,1,1,4294967295
tl_coralRk,44376,1012,0,0,65,16,0,1,1,4294967295
tl_coralRk,44424,1012,65,0,65,16,0,1,1,4294967295
tl_coralRk,44592,1012,0,0,65,16,0,1,1,4294967295
tl_coralRk,44712,1012,0,0,65,16,0,1,1,4294967295
tl_coralRk,44784,1012,65,0,65,16,0,1,1,4294967295
tl_coralRk,44876,1020,0,0,65,16,0,1,1,4294967295
tl_coralF,45612,1040,0,0,94,64,0,1,1,4294967295
tl_coralF,45744,1108,0,0,94,64,0,1,1,4294967295
tl_coralF,46036,1092,0,0,94,64,0,1,1,4294967295
tl_coralF,47440,900,0,0,94,64,0,1,1,4294967295
tl_coralF,47700,996,0,0,94,64,0,1,1,4294967295
tl_coralP,46272,1028,0,128,80,64,0,1,1,4294967295
tl_coralP,46272,964,0,64,80,64,0,1,1,4294967295
tl_coralP,46272,900,0,64,80,64,0,1,1,4294967295
tl_coralP,46272,900,0,0,80,64,0,1,1,4294967295
tl_coralRk,46516,820,0,0,65,16,0,1,1,4294967295
tl_coralRk,46776,820,65,0,65,16,0,1,1,4294967295
tl_coralRk,46708,820,0,0,65,16,0,1,1,4294967295
tl_coralRk,47156,820,0,0,65,16,0,1,1,4294967295
tl_coralRk,46840,564,0,0,65,16,0,1,1,4294967295
tl_coralRk,46984,564,0,0,65,16,0,1,1,4294967295
tl_coralRk,46900,564,65,0,65,16,0,1,1,4294967295
tl_coralRk,47288,564,0,0,65,16,0,1,1,4294967295
tl_coralRk,47144,568,0,0,65,16,0,1,1,4294967295
tl_coralRk,47756,1044,0,0,65,16,0,1,1,4294967295
tl_coralRk,47836,1044,65,0,65,16,0,1,1,4294967295
tl_coralRk,47972,1044,0,0,65,16,0,1,1,4294967295
tl_coralRk,47924,1052,0,0,65,16,0,1,1,4294967295
tl_coralRk,49516,992,0,0,65,16,0,1,1,4294967295
tl_coralRk,49552,992,65,0,65,16,0,1,1,4294967295
tl_coralRk,49748,784,0,0,65,16,0,1,1,4294967295
tl_coralRk,49836,784,65,0,65,16,0,1,1,4294967295
tl_coralRk,49964,784,0,0,65,16,0,1,1,4294967295
tl_coralRk,50444,944,0,0,65,16,0,1,1,4294967295
tl_coralRk,50692,944,0,0,65,16,0,1,1,4294967295
tl_coralRk,50576,944,65,0,65,16,0,1,1,4294967295
tl_coralRk,50012,784,65,0,65,16,0,1,1,4294967295
tl_coralRk,50440,560,0,0,65,16,0,1,1,4294967295
tl_coralRk,50504,568,0,0,65,16,0,1,1,4294967295
tl_coralRk,50792,560,0,0,65,16,0,1,1,4294967295
tl_coralRk,50872,560,65,0,65,16,0,1,1,4294967295
tl_coralRk,50932,564,0,0,65,16,0,1,1,4294967295
tl_coralRk,51044,560,0,0,65,16,0,1,1,4294967295
tl_coralRk,51616,560,0,0,65,16,0,1,1,4294967295
tl_coralRk,51788,952,0,0,65,16,0,1,1,4294967295
tl_coralRk,51848,956,0,0,65,16,0,1,1,4294967295
tl_coralRk,51992,952,0,0,65,16,0,1,1,4294967295
tl_coralRk,52156,952,0,0,65,16,0,1,1,4294967295
tl_coralRk,51908,952,65,0,65,16,0,1,1,4294967295
tl_coralRk,52044,952,65,0,65,16,0,1,1,4294967295
tl_coralRk,52200,952,65,0,65,16,0,1,1,4294967295
tl_coralRk,53072,832,0,0,65,16,0,1,1,4294967295
tl_coralRk,52752,1028,0,0,65,16,0,1,1,4294967295
tl_coralRk,52784,1028,65,0,65,16,0,1,1,4294967295
tl_coralRk,48320,820,0,0,65,16,0,1,1,4294967295
tl_coralRk,48464,820,0,0,65,16,0,1,1,4294967295
tl_coralRk,48392,820,65,0,65,16,0,1,1,4294967295
tl_coralRk,48588,820,65,0,65,16,0,1,1,4294967295
tl_coralRk,48904,724,0,0,65,16,0,1,1,4294967295
tl_coralRk,49068,724,0,0,65,16,0,1,1,4294967295
tl_coralRk,49176,724,0,0,65,16,0,1,1,4294967295
tl_coralRk,54052,1044,0,0,65,16,0,1,1,4294967295
tl_coralRk,54112,1044,65,0,65,16,0,1,1,4294967295
tl_coralRk,54208,1048,0,0,65,16,0,1,1,4294967295
tl_coralRk,54660,1048,0,0,65,16,0,1,1,4294967295
tl_coralRk,54748,1044,0,0,65,16,0,1,1,4294967295
tl_coralRk,54828,1044,65,0,65,16,0,1,1,4294967295
tl_coralRk,54464,748,0,0,65,16,0,1,1,4294967295
tl_coralRk,54500,748,65,0,65,16,0,1,1,4294967295
tl_coralRk,54584,748,65,0,65,16,0,1,1,4294967295
tl_coralRk,54140,540,65,0,65,16,0,1,1,4294967295
tl_coralRk,54224,540,0,0,65,16,0,1,1,4294967295
tl_coralRk,51344,464,0,0,65,16,0,1,1,4294967295
tl_coralRk,51976,384,0,0,65,16,0,1,1,4294967295
tl_coralRk,52248,384,0,0,65,16,0,1,1,4294967295
tl_coralRk,52152,384,65,0,65,16,0,1,1,4294967295
tl_coralRk,52044,384,65,0,65,16,0,1,1,4294967295
tl_coralRk,52548,288,0,0,65,16,0,1,1,4294967295
tl_coralRk,52660,292,0,0,65,16,0,1,1,4294967295
tl_coralRk,52876,288,0,0,65,16,0,1,1,4294967295
tl_coralRk,52752,288,65,0,65,16,0,1,1,4294967295
tl_coralRk,52948,288,65,0,65,16,0,1,1,4294967295
tl_coralRk,53324,288,0,0,65,16,0,1,1,4294967295
tl_coralRk,53184,572,0,0,65,16,0,1,1,4294967295
tl_coralRk,53092,572,65,0,65,16,0,1,1,4294967295
tl_coralRk,53324,572,0,0,65,16,0,1,1,4294967295
tl_coralRk,53232,580,0,0,65,16,0,1,1,4294967295
tl_coralRk,53684,668,0,0,65,16,0,1,1,4294967295
tl_coralRk,53732,668,65,0,65,16,0,1,1,4294967295
tl_coralRk,53860,668,0,0,65,16,0,1,1,4294967295
tl_coralRk,55548,384,0,0,65,16,0,1,1,4294967295
tl_coralRk,55600,392,0,0,65,16,0,1,1,4294967295
tl_coralRk,55732,392,0,0,65,16,0,1,1,4294967295
tl_coralRk,59736,452,0,0,65,16,0,1,1,4294967295
tl_coralRk,59768,452,65,0,65,16,0,1,1,4294967295
tl_coralRk,45008,1012,0,0,65,16,0,1,1,4294967295
tl_coralRk,45088,1020,0,0,65,16,0,1,1,4294967295
tl_coralRk,45208,1012,0,0,65,16,0,1,1,4294967295
tl_coralRk,45252,1012,65,0,65,16,0,1,1,4294967295
tl_coralRk,45360,1020,0,0,65,16,0,1,1,4294967295
tl_coralRk,45408,1012,0,0,65,16,0,1,1,4294967295
tl_coralRk,45448,1012,65,0,65,16,0,1,1,4294967295
tl_coralRk,46380,1076,0,0,65,16,0,1,1,4294967295
tl_coralRk,46188,1076,65,0,65,16,0,1,1,4294967295
tl_coralF,49072,1236,0,0,94,64,0,1,1,4294967295
tl_coralF,49332,1120,0,0,94,64,0,1,1,4294967295
tl_coralF,50672,1280,0,0,94,64,0,1,1,4294967295
tl_coralF,50936,1396,0,0,94,64,0,1,1,4294967295
tl_coralF2,50092,1164,0,0,48,64,0,1,1,4294967295
tl_coralF2,50324,1244,0,0,48,64,0,1,1,4294967295
tl_coralF2,49180,1204,0,0,48,64,0,1,1,4294967295
tl_coralF2,45864,1124,0,0,48,64,0,1,1,4294967295
tl_coralP,53540,588,0,128,80,64,0,1,1,4294967295
tl_coralP,53540,524,0,64,80,64,0,1,1,4294967295
tl_coralP,53540,460,0,64,80,64,0,1,1,4294967295
tl_coralP,53540,364,0,0,80,64,0,1,1,4294967295
tl_coralP,53540,396,0,64,80,64,0,1,1,4294967295
tl_coralP,54032,492,0,128,80,64,0,1,1,4294967295
tl_coralP,54032,428,0,64,80,64,0,1,1,4294967295
tl_coralP,54032,364,0,0,80,64,0,1,1,4294967295
tl_coralP,54272,996,0,128,80,64,0,1,1,4294967295
tl_coralP,54272,932,0,64,80,64,0,1,1,4294967295
tl_coralP,54272,868,0,0,80,64,0,1,1,4294967295
tl_coralRk,55316,512,0,0,65,16,0,1,1,4294967295
tl_coralRk,55364,520,0,0,65,16,0,1,1,4294967295
tl_coralRk,55400,512,65,0,65,16,0,1,1,4294967295
tl_coralRk,54624,352,0,0,65,16,0,1,1,4294967295
tl_coralRk,54752,352,0,0,65,16,0,1,1,4294967295
tl_coralRk,54800,352,65,0,65,16,0,1,1,4294967295
tl_coralRk,54876,360,0,0,65,16,0,1,1,4294967295
tl_coralRk,54540,352,0,0,65,16,0,1,1,4294967295
tl_coralRk,53872,192,0,0,65,16,0,1,1,4294967295
tl_coralRk,53640,192,0,0,65,16,0,1,1,4294967295
tl_coralRk,53764,192,0,0,65,16,0,1,1,4294967295
tl_coralRk,54080,192,0,0,65,16,0,1,1,4294967295
tl_coralRk,54172,200,0,0,65,16,0,1,1,4294967295
tl_coralRk,48988,532,0,0,65,16,0,1,1,4294967295
tl_coralRk,49112,532,0,0,65,16,0,1,1,4294967295
tl_coralRk,49020,532,65,0,65,16,0,1,1,4294967295
tl_coralRk,53688,0,0,0,65,16,0,1,1,4294967295
tl_coralRk,53808,8,0,0,65,16,0,1,1,4294967295
tl_coralRk,53992,4,0,0,65,16,0,1,1,4294967295
tl_coralRk,54108,0,0,0,65,16,0,1,1,4294967295
tl_coralRk,53732,0,65,0,65,16,0,1,1,4294967295
tl_coralRk,54036,0,65,0,65,16,0,1,1,4294967295
tl_coralF,55008,368,0,0,94,64,0,1,1,4294967295
tl_coralF,55196,456,0,0,94,64,0,1,1,4294967295
tl_coralF,54304,168,0,0,94,64,0,1,1,4294967295
tl_coralF,54456,280,0,0,94,64,0,1,1,4294967295
tl_coralF,54304,232,0,64,94,64,0,1,1,4294967295
tl_coralF,44100,860,0,0,94,64,0,1,1,4294967295
tl_coralF,44300,956,0,0,94,64,0,1,1,4294967295
tl_coralP,46608,772,0,128,80,64,0,1,1,4294967295
tl_coralP,46608,708,0,64,80,64,0,1,1,4294967295
tl_coralP,46608,644,0,64,80,64,0,1,1,4294967295
tl_coralRk,54460,1828,0,0,65,16,0,1,1,4294967295
tl_coralRk,54364,1828,65,0,65,16,0,1,1,4294967295
tl_coralRk,54536,1828,65,0,65,16,0,1,1,4294967295
tl_coralRk,54656,1828,0,0,65,16,0,1,1,4294967295
tl_coralRk,54736,1832,0,0,65,16,0,1,1,4294967295
tl_coralRk,54992,1732,0,0,65,16,0,1,1,4294967295
tl_coralRk,55016,1732,65,0,65,16,0,1,1,4294967295
tl_coralRk,55112,1928,0,0,65,16,0,1,1,4294967295
tl_coralRk,55700,1924,0,0,65,16,0,1,1,4294967295
tl_coralRk,55812,1920,0,0,65,16,0,1,1,4294967295
tl_coralRk,55724,1920,65,0,65,16,0,1,1,4294967295
tl_coralRk,55888,1928,0,0,65,16,0,1,1,4294967295
tl_coralRk,55504,1536,0,0,65,16,0,1,1,4294967295
tl_coralRk,55256,1440,0,0,65,16,0,1,1,4294967295
tl_coralRk,55168,1436,65,0,65,16,0,1,1,4294967295
tl_coralRk,56040,1472,0,0,65,16,0,1,1,4294967295
tl_coralRk,56164,1472,0,0,65,16,0,1,1,4294967295
tl_coralRk,56116,1480,0,0,65,16,0,1,1,4294967295
tl_coralRk,56208,1472,65,0,65,16,0,1,1,4294967295
tl_coralRk,56320,1472,0,0,65,16,0,1,1,4294967295
tl_coralRk,56840,1252,0,0,65,16,0,1,1,4294967295
tl_coralRk,56868,1248,65,0,65,16,0,1,1,4294967295
tl_coralRk,57568,1536,0,0,65,16,0,1,1,4294967295
tl_coralRk,57620,1536,65,0,65,16,0,1,1,4294967295
tl_coralRk,57728,1536,0,0,65,16,0,1,1,4294967295
tl_coralRk,57792,1540,0,0,65,16,0,1,1,4294967295
tl_coralRk,58104,1632,0,0,65,16,0,1,1,4294967295
tl_coralRk,58224,1632,0,0,65,16,0,1,1,4294967295
tl_coralRk,58356,1636,0,0,65,16,0,1,1,4294967295
tl_coralRk,58272,1632,65,0,65,16,0,1,1,4294967295
tl_coralRk,53780,1588,0,0,65,16,0,1,1,4294967295
tl_coralRk,53812,1588,65,0,65,16,0,1,1,4294967295
tl_coralRk,54116,1492,0,0,65,16,0,1,1,4294967295
tl_coralRk,54260,1492,0,0,65,16,0,1,1,4294967295
tl_coralRk,54172,1492,65,0,65,16,0,1,1,4294967295
tl_coralRk,54600,1492,0,0,65,16,0,1,1,4294967295
tl_coralRk,54472,1492,0,0,65,16,0,1,1,4294967295
tl_coralRk,54340,1492,65,0,65,16,0,1,1,4294967295
tl_coralRk,54524,1492,65,0,65,16,0,1,1,4294967295
tl_coralRk,53760,1844,0,0,65,16,0,1,1,4294967295
tl_coralRk,53452,1748,0,0,65,16,0,1,1,4294967295
tl_coralRk,53488,1752,65,0,65,16,0,1,1,4294967295
tl_coralRk,53816,1844,65,0,65,16,0,1,1,4294967295
tl_coralRk,53928,1844,0,0,65,16,0,1,1,4294967295
tl_coralRk,53984,1848,0,0,65,16,0,1,1,4294967295
tl_coralRk,53280,2020,0,0,65,16,0,1,1,4294967295
tl_coralRk,53404,2020,0,0,65,16,0,1,1,4294967295
tl_coralRk,53336,2020,65,0,65,16,0,1,1,4294967295
tl_coralRk,53548,2020,0,0,65,16,0,1,1,4294967295
tl_coralRk,53692,2020,0,0,65,16,0,1,1,4294967295
tl_coralRk,53612,2020,65,0,65,16,0,1,1,4294967295
tl_coralRk,53824,2020,0,0,65,16,0,1,1,4294967295
tl_coralRk,54008,2020,0,0,65,16,0,1,1,4294967295
tl_coralRk,53912,2020,65,0,65,16,0,1,1,4294967295
tl_coralRk,54148,2020,0,0,65,16,0,1,1,4294967295
tl_coralRk,54364,2020,0,0,65,16,0,1,1,4294967295
tl_coralRk,54536,2020,0,0,65,16,0,1,1,4294967295
tl_coralRk,54452,2020,65,0,65,16,0,1,1,4294967295
tl_coralRk,54272,2020,65,0,65,16,0,1,1,4294967295
tl_coralF,53580,1716,0,0,94,64,0,1,1,4294967295
tl_coralF,53580,1780,0,64,94,64,0,1,1,4294967295
tl_coralF2,53720,1792,0,0,48,64,0,1,1,4294967295
tl_coralF2,53860,1536,0,0,48,64,0,1,1,4294967295
tl_coralF,53972,1484,0,0,94,64,0,1,1,4294967295
tl_coralF,54796,1716,0,0,94,64,0,1,1,4294967295
tl_coralF,54796,1780,0,64,94,64,0,1,1,4294967295
tl_coralF2,54924,1648,0,0,48,64,0,1,1,4294967295
tl_coralF2,54924,1712,0,64,48,64,0,1,1,4294967295
tl_coralF2,55204,1912,0,0,48,64,0,1,1,4294967295
tl_coralF2,55572,1920,0,0,48,64,0,1,1,4294967295
tl_coralF,56576,1288,0,0,94,64,0,1,1,4294967295
tl_coralF,56576,1352,0,64,94,64,0,1,1,4294967295
tl_coralF,56356,1424,0,0,94,64,0,1,1,4294967295
tl_coralF,57088,1304,0,0,94,64,0,1,1,4294967295
tl_coralF,57296,1408,0,0,94,64,0,1,1,4294967295
tl_coralF,58020,1576,0,0,94,64,0,1,1,4294967295
tl_coralF,58892,1068,0,0,94,64,0,1,1,4294967295
tl_coralF,59184,1216,0,0,94,64,0,1,1,4294967295
tl_coralF2,59812,1144,0,0,48,64,0,1,1,4294967295
tl_coralF2,59812,1208,0,64,48,64,0,1,1,4294967295
tl_coralF2,60504,972,0,0,48,64,0,1,1,4294967295
tl_coralF2,60696,888,0,0,48,64,0,1,1,4294967295
tl_coralF2,60504,1036,0,64,48,64,0,1,1,4294967295
tl_coralF2,60320,1056,0,0,48,64,0,1,1,4294967295
tl_coralF2,60320,1120,0,64,48,64,0,1,1,4294967295
tl_coralF2,60696,952,0,64,48,64,0,1,1,4294967295
tl_coralF2,55348,1424,0,0,48,64,0,1,1,4294967295
tl_coralF2,55472,1480,0,0,48,64,0,1,1,4294967295
tl_coralF,58052,712,0,0,94,64,0,1,1,4294967295
tl_coralF,58236,632,0,0,94,64,0,1,1,4294967295
tl_coralF,58052,776,0,64,94,64,0,1,1,4294967295
tl_coralF,58236,696,0,64,94,64,0,1,1,4294967295
tl_coralF,55956,680,0,0,94,64,0,1,1,4294967295
tl_coralF2,56164,720,0,0,48,64,0,1,1,4294967295
tl_coralF2,56164,784,0,64,48,64,0,1,1,4294967295
tl_coralF2,52320,328,0,0,48,64,0,1,1,4294967295
tl_coralF,52432,236,0,0,94,64,0,1,1,4294967295
tl_coralF,52432,300,0,64,94,64,0,1,1,4294967295
tl_coralF,51144,444,0,0,94,64,0,1,1,4294967295
tl_coralF,51516,440,0,0,94,64,0,1,1,4294967295
tl_coralF,51144,508,0,64,94,64,0,1,1,4294967295
tl_coralF,51516,504,0,64,94,64,0,1,1,4294967295
tl_coralF2,51656,492,0,0,48,64,0,1,1,4294967295
tl_coralF2,51656,556,0,64,48,64,0,1,1,4294967295
tl_coralRk,55648,704,0,0,65,16,0,1,1,4294967295
tl_coralRk,55764,704,0,0,65,16,0,1,1,4294967295
tl_coralRk,55800,704,65,0,65,16,0,1,1,4294967295
tl_coralRk,55896,704,0,0,65,16,0,1,1,4294967295
tl_coralRk,56228,800,0,0,65,16,0,1,1,4294967295
tl_coralRk,56284,808,0,0,65,16,0,1,1,4294967295
tl_coralRk,56452,800,0,0,65,16,0,1,1,4294967295
tl_coralRk,56360,800,65,0,65,16,0,1,1,4294967295
tl_coralRk,48804,1280,0,0,65,16,0,1,1,4294967295
tl_coralRk,48860,1280,65,0,65,16,0,1,1,4294967295
tl_coralRk,48980,1280,0,0,65,16,0,1,1,4294967295
tl_coralRk,49032,1288,0,0,65,16,0,1,1,4294967295
tl_coralRk,49476,1124,0,0,65,16,0,1,1,4294967295
tl_coralRk,47832,1440,0,0,65,16,0,1,1,4294967295
tl_coralRk,47952,1440,0,0,65,16,0,1,1,4294967295
tl_coralRk,48012,1440,65,0,65,16,0,1,1,4294967295
tl_coralRk,48128,1440,0,0,65,16,0,1,1,4294967295
tl_coralRk,48236,1440,0,0,65,16,0,1,1,4294967295
tl_coralRk,48304,1440,65,0,65,16,0,1,1,4294967295
tl_coralRk,49688,1120,0,0,65,16,0,1,1,4294967295
tl_coralRk,49772,1120,65,0,65,16,0,1,1,4294967295
tl_coralRk,49868,1120,0,0,65,16,0,1,1,4294967295
tl_coralRk,50308,1280,0,0,65,16,0,1,1,4294967295
tl_coralRk,50436,1280,0,0,65,16,0,1,1,4294967295
tl_coralRk,50340,1280,65,0,65,16,0,1,1,4294967295
tl_coralRk,50568,1284,0,0,65,16,0,1,1,4294967295
tl_coralRk,51040,1440,0,0,65,16,0,1,1,4294967295
tl_coralRk,51080,1440,65,0,65,16,0,1,1,4294967295
tl_coralRk,51224,1440,0,0,65,16,0,1,1,4294967295
tl_coralRk,51292,1448,0,0,65,16,0,1,1,4294967295
tl_coralRk,51428,1440,0,0,65,16,0,1,1,4294967295
tl_coralRk,51548,1440,65,0,65,16,0,1,1,4294967295
tl_coralRk,51664,1440,0,0,65,16,0,1,1,4294967295
tl_coralRk,51492,1444,0,0,65,16,0,1,1,4294967295
tl_coralRk,52136,1280,0,0,65,16,0,1,1,4294967295
tl_coralRk,52224,1280,0,0,65,16,0,1,1,4294967295
tl_coralRk,52284,1288,0,0,65,16,0,1,1,4294967295
tl_coralRk,52332,1280,65,0,65,16,0,1,1,4294967295
tl_coralRk,52880,1140,0,0,65,16,0,1,1,4294967295
tl_coralRk,52980,1148,0,0,65,16,0,1,1,4294967295
tl_coralRk,53040,1144,0,0,65,16,0,1,1,4294967295
tl_coralRk,53092,1140,65,0,65,16,0,1,1,4294967295
tl_coralRk,53484,1300,0,0,65,16,0,1,1,4294967295
tl_coralRk,53532,1300,65,0,65,16,0,1,1,4294967295
tl_coralRk,53656,1300,0,0,65,16,0,1,1,4294967295
tl_coralRk,53716,1308,0,0,65,16,0,1,1,4294967295
tl_coralRk,53840,1300,0,0,65,16,0,1,1,4294967295
tl_coralRk,53888,1300,65,0,65,16,0,1,1,4294967295
tl_coralRk,54016,1300,0,0,65,16,0,1,1,4294967295
tl_coralRk,56620,800,0,0,65,16,0,1,1,4294967295
tl_coralRk,56556,800,65,0,65,16,0,1,1,4294967295
tl_coralRk,56764,800,0,0,65,16,0,1,1,4294967295
tl_coralRk,56840,804,0,0,65,16,0,1,1,4294967295
tl_coralRk,57036,800,0,0,65,16,0,1,1,4294967295
tl_coralRk,56948,800,65,0,65,16,0,1,1,4294967295
tl_coralRk,57188,800,0,0,65,16,0,1,1,4294967295
tl_coralRk,57244,808,0,0,65,16,0,1,1,4294967295
tl_coralRk,57380,800,0,0,65,16,0,1,1,4294967295
tl_coralRk,57316,800,65,0,65,16,0,1,1,4294967295
tl_coralRk,57468,800,65,0,65,16,0,1,1,4294967295
tl_coralRk,57588,800,0,0,65,16,0,1,1,4294967295
tl_coralRk,57640,808,0,0,65,16,0,1,1,4294967295
tl_coralRk,57784,800,0,0,65,16,0,1,1,4294967295
tl_coralRk,57856,808,0,0,65,16,0,1,1,4294967295
tl_coralRk,58000,800,0,0,65,16,0,1,1,4294967295
tl_coralRk,58340,708,0,0,65,16,0,1,1,4294967295
tl_coralRk,58380,704,65,0,65,16,0,1,1,4294967295
tl_coralRk,58480,704,0,0,65,16,0,1,1,4294967295
tl_coralRk,58596,708,0,0,65,16,0,1,1,4294967295
tl_coralRk,58740,704,0,0,65,16,0,1,1,4294967295
tl_coralRk,58776,704,65,0,65,16,0,1,1,4294967295
tl_coralRk,58936,704,0,0,65,16,0,1,1,4294967295
tl_coralRk,58964,704,65,0,65,16,0,1,1,4294967295
tl_coralRk,59092,704,0,0,65,16,0,1,1,4294967295
tl_coralRk,58524,1056,0,0,65,16,0,1,1,4294967295
tl_coralRk,58556,1056,65,0,65,16,0,1,1,4294967295
tl_coralRk,58668,1056,0,0,65,16,0,1,1,4294967295
tl_coralRk,58752,1060,0,0,65,16,0,1,1,4294967295
tl_coralRk,59320,1280,0,0,65,16,0,1,1,4294967295
tl_coralRk,59464,1280,0,0,65,16,0,1,1,4294967295
tl_coralRk,59616,1280,0,0,65,16,0,1,1,4294967295
tl_coralRk,60028,1120,0,0,65,16,0,1,1,4294967295
tl_coralRk,60080,1120,65,0,65,16,0,1,1,4294967295
tl_coralRk,60184,1120,0,0,65,16,0,1,1,4294967295
tl_coralRk,60316,1120,0,0,65,16,0,1,1,4294967295
tl_coralRk,60888,896,0,0,65,16,0,1,1,4294967295
tl_coralRk,61020,896,0,0,65,16,0,1,1,4294967295
tl_coralRk,60944,896,65,0,65,16,0,1,1,4294967295
tl_coralRk,60232,484,0,0,65,16,0,1,1,4294967295
tl_coralRk,60972,708,0,0,65,16,0,1,1,4294967295
tl_coralRk,60896,708,65,0,65,16,0,1,1,4294967295
tl_coralRk,60864,708,0,0,65,16,0,1,1,4294967295
tl_coralRk,60776,712,0,0,65,16,0,1,1,4294967295
tl_coralF,60404,504,0,0,94,64,0,1,1,4294967295
tl_coralF,60564,524,0,0,94,64,0,1,1,4294967295
tl_coralF,60696,648,0,0,94,64,0,1,1,4294967295
tl_coralF,60564,588,0,64,94,64,0,1,1,4294967295
tl_coralRk,62028,1300,0,0,65,16,0,1,1,4294967295
tl_coralRk,62088,1300,65,0,65,16,0,1,1,4294967295
tl_coralRk,62160,1300,0,0,65,16,0,1,1,4294967295
tl_coralRk,62244,1308,0,0,65,16,0,1,1,4294967295
tl_coralRk,62332,1300,65,0,65,16,0,1,1,4294967295
tl_coralRk,62412,1300,0,0,65,16,0,1,1,4294967295
tl_coralRk,62532,1300,0,0,65,16,0,1,1,4294967295
tl_coralRk,62588,1308,0,0,65,16,0,1,1,4294967295
tl_coralRk,62688,1300,0,0,65,16,0,1,1,4294967295
tl_coralRk,62832,852,0,0,65,16,0,1,1,4294967295
tl_coralRk,62896,856,0,0,65,16,0,1,1,4294967295
tl_coralRk,63036,852,0,0,65,16,0,1,1,4294967295
tl_coralRk,63096,860,0,0,65,16,0,1,1,4294967295
tl_coralRk,63264,852,0,0,65,16,0,1,1,4294967295
tl_coralRk,63168,852,65,0,65,16,0,1,1,4294967295
tl_coralRk,63328,852,65,0,65,16,0,1,1,4294967295
tl_coralRk,63812,1012,0,0,65,16,0,1,1,4294967295
tl_coralRk,63908,1012,0,0,65,16,0,1,1,4294967295
tl_coralRk,63964,1020,0,0,65,16,0,1,1,4294967295
tl_coralRk,64020,1012,65,0,65,16,0,1,1,4294967295
tl_coralRk,64548,1172,0,0,65,16,0,1,1,4294967295
tl_coralRk,64636,1176,0,0,65,16,0,1,1,4294967295
tl_coralRk,64756,1172,0,0,65,16,0,1,1,4294967295
tl_coralRk,64796,1172,65,0,65,16,0,1,1,4294967295
tl_coralRk,64932,1172,0,0,65,16,0,1,1,4294967295
tl_coralRk,65000,1180,0,0,65,16,0,1,1,4294967295
tl_coralRk,65192,1172,0,0,65,16,0,1,1,4294967295
tl_coralRk,65280,1180,0,0,65,16,0,1,1,4294967295
tl_coralRk,65392,1172,0,0,65,16,0,1,1,4294967295
tl_coralRk,65484,1176,0,0,65,16,0,1,1,4294967295
tl_coralRk,65548,1172,65,0,65,16,0,1,1,4294967295
tl_coralRk,65684,1172,0,0,65,16,0,1,1,4294967295
tl_coralRk,65744,1172,65,0,65,16,0,1,1,4294967295
tl_coralRk,65860,1172,0,0,65,16,0,1,1,4294967295
tl_coralRk,65928,1176,0,0,65,16,0,1,1,4294967295
tl_coralF,63476,864,0,0,94,64,0,1,1,4294967295
tl_coralF2,64308,1068,0,0,48,64,0,1,1,4294967295
tl_coralF2,64504,1124,0,0,48,64,0,1,1,4294967295
tl_coralF2,64988,1124,0,0,48,64,0,1,1,4294967295
tl_coralF2,65228,1124,0,0,48,64,0,1,1,4294967295
tl_coralF,50128,792,0,0,94,64,0,1,1,4294967295
tl_coralF,50300,812,0,0,94,64,0,1,1,4294967295
tl_coralF,50300,876,0,64,94,64,0,1,1,4294967295
tl_coralF,48676,768,0,0,94,64,0,1,1,4294967295
tl_coralF,48392,1344,0,0,94,64,0,1,1,4294967295
tl_coralF,48392,1408,0,64,94,64,0,1,1,4294967295
tl_coralF2,48808,708,0,0,48,64,0,1,1,4294967295
tl_coralF2,48568,772,0,0,48,64,0,1,1,4294967295
tl_coralF,53224,1132,0,0,94,64,0,1,1,4294967295
tl_coralF,53428,1236,0,0,94,64,0,1,1,4294967295
tl_coralF,53224,1196,0,64,94,64,0,1,1,4294967295
tl_coralF,53428,1300,0,64,94,64,0,1,1,4294967295
tl_coralF2,53348,1200,0,0,48,64,0,1,1,4294967295
tl_coralF2,53012,1092,0,0,48,64,0,1,1,4294967295
tl_coralRk,61504,1648,0,0,65,16,0,1,1,4294967295
tl_coralRk,61572,1656,0,0,65,16,0,1,1,4294967295
tl_coralRk,61644,1648,65,0,65,16,0,1,1,4294967295
tl_coralRk,61740,1648,0,0,65,16,0,1,1,4294967295
tl_coralRk,61788,1656,0,0,65,16,0,1,1,4294967295
tl_coralRk,61900,1648,0,0,65,16,0,1,1,4294967295
tl_coralRk,61820,1648,65,0,65,16,0,1,1,4294967295
tl_coralRk,61580,1648,65,0,65,16,0,1,1,4294967295
tl_coralRk,61404,1584,0,0,65,16,0,1,1,4294967295
tl_coralRk,46576,1012,0,0,65,16,0,1,1,4294967295
tl_coralRk,46608,1012,65,0,65,16,0,1,1,4294967295
tl_coralRk,53216,676,0,0,65,16,0,1,1,4294967295
tl_coralRk,53144,676,65,0,65,16,0,1,1,4294967295
tl_coralRk,55708,788,0,0,65,16,0,1,1,4294967295
tl_coralRk,55736,788,65,0,65,16,0,1,1,4294967295
tl_coralRk,58536,1136,0,0,65,16,0,1,1,4294967295
tl_coralRk,58588,1144,0,0,65,16,0,1,1,4294967295
tl_coralRk,56072,1564,0,0,65,16,0,1,1,4294967295
tl_coralRk,56104,1564,65,0,65,16,0,1,1,4294967295
