tl_SunlightWB,1004,1400,0,0,192,59,0,1,1,4294967295
tl_SunlightWB,1216,1400,0,0,192,59,0,1,1,4294967295
tl_SunlightWB,1372,1420,0,0,192,59,0,1,1,4294967295
tl_SunlightWB,1584,1400,0,0,192,59,0,1,1,4294967295
tl_SunlightWB,1820,1408,0,0,192,59,0,1,1,4294967295
tl_SunlightWB,724,1396,0,0,192,59,0,1,1,4294967295
tl_SunlightTF,2000,1170,0,0,64,88,0,1,1,4294967295
tl_SunlightTF,2184,1170,64,0,64,88,0,1,1,4294967295
tl_SunlightTF,2276,1176,0,0,64,88,0,1,1,4294967295
tl_SunlightG,2068,1242,0,0,64,16,0,1,1,4294967295
tl_SunlightG,2144,1242,128,0,64,16,0,1,1,4294967295
tl_SunlightG,2236,1242,64,0,64,16,0,1,1,4294967295
tl_SunlightG,1968,1242,64,0,64,16,0,1,1,4294967295
tl_SunlightG,2332,1242,128,0,64,16,0,1,1,4294967295
tl_SunlightRk2,2116,1238,0,0,42,21,0,1,1,4294967295
tl_SunlightTF,2448,1146,64,0,64,88,0,1,1,4294967295
tl_SunlightTF,2616,1124,0,0,64,88,0,1,1,4294967295
tl_SunlightTF,2896,1124,64,0,64,88,0,1,1,4294967295
tl_SunlightTF,3064,1124,0,0,64,88,0,1,1,4294967295
tl_SunlightTF,3500,1112,0,0,64,88,0,1,1,4294967295
tl_SunlightTF,3632,1112,64,0,64,88,0,1,1,4294967295
tl_SunlightG,2400,1234,0,0,64,16,0,1,1,4294967295
tl_SunlightG,2560,1194,128,0,64,16,0,1,1,4294967295
tl_SunlightG,2688,1194,64,0,64,16,0,1,1,4294967295
tl_SunlightG,2808,1198,0,0,64,16,0,1,1,4294967295
tl_SunlightG,2948,1194,0,0,64,16,0,1,1,4294967295
tl_SunlightG,3564,1182,128,0,64,16,0,1,1,4294967295
tl_SunlightG,3488,1182,64,0,64,16,0,1,1,4294967295
tl_SunlightG,3656,1182,0,0,64,16,0,1,1,4294967295
tl_SunlightG,2508,1202,0,0,64,16,0,1,1,4294967295
tl_SunlightM2,5076,888,0,0,256,256,0,1,1,4294967295
tl_SunlightM2,5332,888,0,0,256,256,0,1,1,4294967295
tl_SunlightM2,5588,888,0,0,256,256,0,1,1,4294967295
tl_SunlightM2,5844,936,0,0,256,256,0,1,1,4294967295
tl_SunlightM2,6028,960,0,0,256,256,0,1,1,4294967295
tl_SunlightM2,9608,1460,0,0,256,256,0,1,1,4294967295
tl_SunlightM2,9864,1460,0,0,256,256,0,1,1,4294967295
tl_SunlightM2,9816,1204,0,0,256,256,0,1,1,4294967295
tl_SunlightM2,9824,1084,0,0,256,256,0,1,1,4294967295
tl_SunlightM2,9936,1084,0,0,256,256,0,1,1,4294967295
tl_SunlightEd,9600,1484,0,0,24,256,0,1,1,4294967295
tl_SunlightEd,10192,1076,24,0,24,256,0,1,1,4294967295
tl_SunlightM2,20172,1248,0,0,256,256,0,1,1,4294967295
tl_SunlightM2,20428,1248,0,0,256,256,0,1,1,4294967295
tl_SunlightM2,20684,1248,0,0,256,256,0,1,1,4294967295
tl_SunlightM2,20780,1248,0,0,256,256,0,1,1,4294967295
tl_SunlightM2,20172,1504,0,0,256,256,0,1,1,4294967295
tl_SunlightM2,20428,1504,0,0,256,256,0,1,1,4294967295
tl_SunlightM2,20684,1504,0,0,256,256,0,1,1,4294967295
tl_SunlightM2,20780,1504,0,0,256,256,0,1,1,4294967295
tl_SunlightM2,20780,1760,0,0,256,256,0,1,1,4294967295
tl_SunlightM2,20780,2016,0,0,256,256,0,1,1,4294967295
tl_SunlightT,52,1104,164,0,82,175,0,1,1,4294967295
tl_SunlightT,92,1124,246,0,82,175,0,1,1,4294967295
tl_SunlightT,3992,1124,246,0,82,175,0,1,1,4294967295
tl_SunlightT,3868,1124,82,0,82,175,0,1,1,4294967295
tl_SunlightT,4096,1120,328,0,82,175,0,1,1,4294967295
tl_SunlightT,4344,1096,328,0,82,175,0,1,1,4294967295
tl_SunlightT,4552,1072,328,0,82,175,0,1,1,4294967295
tl_SunlightT,4676,1076,246,0,82,175,0,1,1,4294967295
tl_SunlightT,4756,1076,82,0,82,175,0,1,1,4294967295
tl_SunlightWB,8100,1716,0,0,192,59,0,1,1,4294967295
tl_SunlightWB,8448,1716,0,0,192,59,0,1,1,4294967295
tl_SunlightWB,7484,1668,0,0,192,59,0,1,1,4294967295
tl_SunlightWB,7856,1684,0,0,192,59,0,1,1,4294967295
tl_SunlightWB,8772,1724,0,0,192,59,0,1,1,4294967295
tl_SunlightWB,9044,1656,0,0,192,59,0,1,1,4294967295
tl_SunlightWB,9304,1620,0,0,192,59,0,1,1,4294967295
tl_SunlightWB,9828,1624,0,0,192,59,0,1,1,4294967295
tl_SunlightWB,9512,1620,0,0,192,59,0,1,1,4294967295
tl_SunlightWB,9676,1652,0,0,192,59,0,1,1,4294967295
tl_SunlightWB,7676,1668,0,0,192,59,0,1,1,4294967295
tl_SunlightWB,8280,1744,0,0,192,59,0,1,1,4294967295
tl_SunlightWB,8624,1736,0,0,192,59,0,1,1,4294967295
tl_SunlightM2,18948,1608,0,0,256,256,0,1,1,4294967295
tl_SunlightM2,18948,1864,0,0,256,256,0,1,1,4294967295
tl_SunlightM2,19204,1672,0,0,256,256,0,1,1,4294967295
tl_SunlightM2,19204,1928,0,0,256,256,0,1,1,4294967295
tl_SunlightM2,19460,1656,0,0,256,256,0,1,1,4294967295
tl_SunlightM2,19460,1912,0,0,256,256,0,1,1,4294967295
tl_SunlightM2,19716,1608,0,0,256,256,0,1,1,4294967295
tl_SunlightM2,19716,1864,0,0,256,256,0,1,1,4294967295
tl_SunlightM2,19916,1552,0,0,256,256,0,1,1,4294967295
tl_SunlightWB,12492,1456,0,0,192,59,0,1,1,4294967295
tl_SunlightWB,12664,1472,0,0,192,59,0,1,1,4294967295
tl_SunlightWB,12844,1456,0,0,192,59,0,1,1,4294967295
tl_SunlightWB,13040,1472,0,0,192,59,0,1,1,4294967295
tl_SunlightWB,13216,1452,0,0,192,59,0,1,1,4294967295
tl_SunlightWB,13396,1468,0,0,192,59,0,1,1,4294967295
tl_SunlightWB,13556,1452,0,0,192,59,0,1,1,4294967295
tl_SunlightWB,18928,1932,0,0,192,59,0,1,1,4294967295
tl_SunlightWB,19104,1948,0,0,192,59,0,1,1,4294967295
tl_SunlightWB,19304,1956,0,0,192,59,0,1,1,4294967295
tl_SunlightWB,19532,1952,0,0,192,59,0,1,1,4294967295
tl_SunlightWB,19684,2032,0,0,192,59,0,1,1,4294967295
tl_SunlightWB,17604,1420,0,0,192,59,0,1,1,4294967295
tl_SunlightWB,17840,1412,0,0,192,59,0,1,1,4294967295
tl_SunlightWB,18040,1436,0,0,192,59,0,1,1,4294967295
tl_SunlightWB,18236,1464,0,0,192,59,0,1,1,4294967295
tl_SunlightWB,18512,1508,0,0,192,59,0,1,1,4294967295
tl_SunlightWB,18700,1512,0,0,192,59,0,1,1,4294967295
tl_SunlightWB,19872,2052,0,0,192,59,0,1,1,4294967295
tl_RailStands,19808,864,5,0,5,96,0,1,1,4294967295
tl_RailStands,19808,960,5,0,5,96,0,1,1,4294967295
tl_RailStands,19808,1056,5,0,5,96,0,1,1,4294967295
tl_RailStands,19808,1152,5,0,5,96,0,1,1,4294967295
tl_RailStands,19808,1184,5,0,5,96,0,1,1,4294967295
tl_RailStands,20608,1100,5,0,5,96,0,1,1,4294967295
tl_RailStands,20608,1148,5,0,5,96,0,1,1,4294967295
tl_RailStands,20404,896,5,0,5,96,0,1,1,4294967295
tl_RailStands,20404,992,5,0,5,96,0,1,1,4294967295
tl_RailStands,20404,1088,5,0,5,96,0,1,1,4294967295
tl_RailStands,20404,1148,5,0,5,96,0,1,1,4294967295
tl_RailStands,7392,868,5,0,5,96,0,1,1,4294967295
tl_RailStands,7392,964,5,0,5,96,0,1,1,4294967295
tl_RailStands,7392,1060,5,0,5,96,0,1,1,4294967295
tl_RailStands,7392,1156,5,0,5,96,0,1,1,4294967295
tl_RailStands,7392,1180,5,0,5,96,0,1,1,4294967295
tl_RailStands,8328,1012,5,0,5,96,0,1,1,4294967295
tl_RailStands,8328,1108,5,0,5,96,0,1,1,4294967295
tl_RailStands,8328,1204,5,0,5,96,0,1,1,4294967295
tl_RailStands,8328,1248,5,0,5,96,0,1,1,4294967295
tl_RailStands,7864,936,5,0,5,96,0,1,1,4294967295
tl_RailStands,7864,1032,5,0,5,96,0,1,1,4294967295
tl_RailStands,7864,1128,5,0,5,96,0,1,1,4294967295
tl_RailStands,7864,1180,5,0,5,96,0,1,1,4294967295
tl_RailStands,4128,936,5,0,5,96,0,1,1,4294967295
tl_RailStands,4128,1032,5,0,5,96,0,1,1,4294967295
tl_RailStands,4128,1128,5,0,5,96,0,1,1,4294967295
tl_RailStands,4128,1196,5,0,5,96,0,1,1,4294967295
tl_RailStands,4564,1032,5,0,5,96,0,1,1,4294967295
tl_RailStands,4564,1128,5,0,5,96,0,1,1,4294967295
tl_RailStands,4564,1148,5,0,5,96,0,1,1,4294967295
tl_SunlightTF,4956,716,64,0,64,88,0,1,1,4294967295
tl_SunlightTF,5132,716,0,0,64,88,0,1,1,4294967295
tl_SunlightTF,5272,716,0,0,64,88,0,1,1,4294967295
tl_SunlightTF,5500,716,64,0,64,88,0,1,1,4294967295
tl_SunlightTF,5720,732,64,0,64,88,0,1,1,4294967295
tl_SunlightTF,5844,764,64,0,64,88,0,1,1,4294967295
tl_SunlightTF,5968,788,0,0,64,88,0,1,1,4294967295
tl_SunlightTF,6100,788,64,0,64,88,0,1,1,4294967295
tl_SunlightTF,6232,788,0,0,64,88,0,1,1,4294967295
tl_SunlightG,5092,788,128,0,64,16,0,1,1,4294967295
tl_SunlightG,4904,788,64,0,64,16,0,1,1,4294967295
tl_SunlightG,5216,788,64,0,64,16,0,1,1,4294967295
tl_SunlightG,5344,788,0,0,64,16,0,1,1,4294967295
tl_SunlightG,5552,788,0,0,64,16,0,1,1,4294967295
tl_SunlightG,6028,860,128,0,64,16,0,1,1,4294967295
tl_SunlightG,5780,824,0,0,64,16,0,1,1,4294967295
tl_SunlightG,5916,860,0,0,64,16,0,1,1,4294967295
tl_SunlightG,6168,860,64,0,64,16,0,1,1,4294967295
tl_SunlightTF,7284,1188,0,0,64,88,0,1,1,4294967295
tl_SunlightTF,7432,1188,64,0,64,88,0,1,1,4294967295
tl_SunlightTF,7624,1188,0,0,64,88,0,1,1,4294967295
tl_SunlightTF,7760,1188,0,0,64,88,0,1,1,4294967295
tl_SunlightTF,7904,1188,64,0,64,88,0,1,1,4294967295
tl_SunlightTF,8040,1212,64,0,64,88,0,1,1,4294967295
tl_SunlightTF,8208,1236,0,0,64,88,0,1,1,4294967295
tl_SunlightTF,9676,1172,0,0,64,88,0,1,1,4294967295
tl_SunlightTF,9868,916,0,0,64,88,0,1,1,4294967295
tl_SunlightTF,10052,916,64,0,64,88,0,1,1,4294967295
tl_SunlightTF,10236,904,64,0,64,88,0,1,1,4294967295
tl_SunlightTF,10372,860,0,0,64,88,0,1,1,4294967295
tl_SunlightTF,10544,844,64,0,64,88,0,1,1,4294967295
tl_SunlightTF,10712,844,64,0,64,88,0,1,1,4294967295
tl_SunlightTF,18648,1012,64,0,64,88,0,1,1,4294967295
tl_SunlightTF,18784,1012,64,0,64,88,0,1,1,4294967295
tl_SunlightTF,18404,956,0,0,64,88,0,1,1,4294967295
tl_SunlightTF,18520,988,0,0,64,88,0,1,1,4294967295
tl_SunlightTF,18272,916,64,0,64,88,0,1,1,4294967295
tl_SunlightTF,18168,892,0,0,64,88,0,1,1,4294967295
tl_SunlightTF,18028,892,64,0,64,88,0,1,1,4294967295
tl_SunlightTF,17876,892,64,0,64,88,0,1,1,4294967295
tl_SunlightTF,18904,1012,0,0,64,88,0,1,1,4294967295
tl_SunlightG,7348,1260,128,0,64,16,0,1,1,4294967295
tl_SunlightG,7580,1260,64,0,64,16,0,1,1,4294967295
tl_SunlightG,7700,1260,0,0,64,16,0,1,1,4294967295
tl_SunlightG,7836,1260,128,0,64,16,0,1,1,4294967295
tl_SunlightG,7976,1272,64,0,64,16,0,1,1,4294967295
tl_SunlightG,8112,1304,64,0,64,16,0,1,1,4294967295
tl_SunlightG,8284,1308,0,0,64,16,0,1,1,4294967295
tl_SunlightG,9612,1244,64,0,64,16,0,1,1,4294967295
tl_SunlightG,9744,1244,128,0,64,16,0,1,1,4294967295
tl_SunlightG,9816,988,64,0,64,16,0,1,1,4294967295
tl_SunlightG,9960,988,0,0,64,16,0,1,1,4294967295
tl_SunlightG,10104,988,128,0,64,16,0,1,1,4294967295
tl_SunlightG,10172,988,64,0,64,16,0,1,1,4294967295
tl_SunlightG,10300,956,64,0,64,16,0,1,1,4294967295
tl_SunlightG,10464,916,0,0,64,16,0,1,1,4294967295
tl_SunlightG,10584,916,128,0,64,16,0,1,1,4294967295
tl_SunlightG,10652,916,64,0,64,16,0,1,1,4294967295
tl_SunlightG,10760,916,0,0,64,16,0,1,1,4294967295
tl_SunlightG,17816,964,0,0,64,16,0,1,1,4294967295
tl_SunlightG,17928,964,128,0,64,16,0,1,1,4294967295
tl_SunlightG,18076,964,64,0,64,16,0,1,1,4294967295
tl_SunlightG,18132,964,128,0,64,16,0,1,1,4294967295
tl_SunlightG,18292,996,64,0,64,16,0,1,1,4294967295
tl_SunlightG,18212,976,64,0,64,16,0,1,1,4294967295
tl_SunlightG,18356,1016,64,0,64,16,0,1,1,4294967295
tl_SunlightG,18480,1048,64,0,64,16,0,1,1,4294967295
tl_SunlightG,18596,1080,64,0,64,16,0,1,1,4294967295
tl_SunlightG,18696,1084,0,0,64,16,0,1,1,4294967295
tl_SunlightG,18756,1084,128,0,64,16,0,1,1,4294967295
tl_SunlightG,18852,1084,128,0,64,16,0,1,1,4294967295
tl_SunlightG,18976,1084,64,0,64,16,0,1,1,4294967295
tl_SunlightG,19568,1296,0,0,64,16,0,1,1,4294967295
tl_SunlightG,19704,1288,64,0,64,16,0,1,1,4294967295
tl_SunlightG,19852,1248,64,0,64,16,0,1,1,4294967295
tl_SunlightG,19996,1224,64,0,64,16,0,1,1,4294967295
tl_SunlightG,20124,1224,64,0,64,16,0,1,1,4294967295
tl_SunlightG,20260,1224,0,0,64,16,0,1,1,4294967295
tl_SunlightG,20368,1224,128,0,64,16,0,1,1,4294967295
tl_SunlightG,20180,1224,128,0,64,16,0,1,1,4294967295
tl_SunlightG,20636,1224,128,0,64,16,0,1,1,4294967295
tl_SunlightG,20760,1224,64,0,64,16,0,1,1,4294967295
tl_SunlightG,20964,1224,128,0,64,16,0,1,1,4294967295
tl_SunlightG,20576,1224,64,0,64,16,0,1,1,4294967295
tl_SunlightG,20440,1224,0,0,64,16,0,1,1,4294967295
tl_SunlightG,21136,1224,64,0,64,16,0,1,1,4294967295
tl_SunlightG,21040,1224,64,0,64,16,0,1,1,4294967295
tl_SunlightG,21268,1224,0,0,64,16,0,1,1,4294967295
tl_SunlightT,4228,1124,82,0,82,175,0,1,1,4294967295
tl_SunlightT,4856,1100,82,0,82,175,0,1,1,4294967295
tl_SunlightT,4464,1072,82,0,82,175,0,1,1,4294967295
tl_SunlightT,3748,1120,328,0,82,175,0,1,1,4294967295
tl_SunlightT,36908,1116,328,0,82,175,0,1,1,4294967295
tl_SunlightT,37164,1116,328,0,82,175,0,1,1,4294967295
tl_SunlightT,37200,1116,82,0,82,175,0,1,1,4294967295
tl_SunlightT,37304,1112,328,0,82,175,0,1,1,4294967295
tl_SunlightT,37048,1140,82,0,82,175,0,1,1,4294967295
tl_RailStands,40620,560,5,0,5,96,0,1,1,4294967295
tl_RailStands,40620,656,5,0,5,96,0,1,1,4294967295
tl_RailStands,40620,752,5,0,5,96,0,1,1,4294967295
tl_RailStands,40620,848,5,0,5,96,0,1,1,4294967295
tl_RailStands,40620,944,5,0,5,96,0,1,1,4294967295
tl_RailStands,40620,974,5,0,5,96,0,1,1,4294967295
tl_SunlightM,18940,1568,0,0,128,128,0,1,1,4294967295
tl_SunlightMain,39572,1096,0,0,192,64,0,1,1,4294967295
tl_SunlightMain,39572,1160,0,0,192,64,0,1,1,4294967295
tl_SunlightMain,39572,1224,0,0,192,64,0,1,1,4294967295
tl_SunlightMain,39380,1096,0,0,192,64,0,1,1,4294967295
tl_SunlightMain,39380,1160,0,0,192,64,0,1,1,4294967295
tl_SunlightMain,39380,1224,0,0,192,64,0,1,1,4294967295
tl_SunlightMainS,38940,1152,0,0,88,64,0,1,1,4294967295
tl_SunlightMainS,38940,1088,0,0,88,64,0,1,1,4294967295
tl_SunlightMainS,39028,1152,0,0,88,64,0,1,1,4294967295
tl_SunlightMainS,39028,1088,0,0,88,64,0,1,1,4294967295
tl_SunlightMainS,39028,1024,0,0,88,64,0,1,1,4294967295
tl_SunlightMainS,39116,1152,0,0,88,64,0,1,1,4294967295
tl_SunlightMainS,39116,1088,0,0,88,64,0,1,1,4294967295
tl_SunlightMainS,39116,1024,0,0,88,64,0,1,1,4294967295
tl_SunlightMainS,39292,1224,0,0,88,64,0,1,1,4294967295
tl_SunlightMainS,39292,1160,0,0,88,64,0,1,1,4294967295
tl_SunlightMainS,39292,1096,0,0,88,64,0,1,1,4294967295
tl_SunlightMainS,39292,1032,0,0,88,64,0,1,1,4294967295
tl_SunlightMainS,39292,968,0,0,88,64,0,1,1,4294967295
tl_SunlightMainS,39204,1224,0,0,88,64,0,1,1,4294967295
tl_SunlightMainS,39204,1160,0,0,88,64,0,1,1,4294967295
tl_SunlightMainS,39204,1096,0,0,88,64,0,1,1,4294967295
tl_SunlightMainS,39204,1032,0,0,88,64,0,1,1,4294967295
tl_SunlightMainS,39116,1184,0,0,88,64,0,1,1,4294967295
tl_SunlightTF,36240,888,0,0,64,88,0,1,1,4294967295
tl_SunlightG,36316,960,0,0,64,16,0,1,1,4294967295
tl_SunlightG,36332,836,128,0,64,16,0,1,1,4294967295
tl_SunlightG,36232,836,64,0,64,16,0,1,1,4294967295
tl_SunlightG,36372,960,128,0,64,16,0,1,1,4294967295
tl_SunlightWB,38268,1716,0,0,192,59,0,1,1,4294967295
tl_SunlightWB,38424,1724,0,0,192,59,0,1,1,4294967295
tl_SunlightWB,38624,1808,0,0,192,59,0,1,1,4294967295
tl_SunlightWB,38844,1848,0,0,192,59,0,1,1,4294967295
tl_SunlightWB,39100,1848,0,0,192,59,0,1,1,4294967295
tl_SunlightWB,39444,1968,0,0,192,59,0,1,1,4294967295
tl_SunlightWB,39640,1988,0,0,192,59,0,1,1,4294967295
tl_SunlightWB,39872,2012,0,0,192,59,0,1,1,4294967295
tl_SunlightWB,40092,2024,0,0,192,59,0,1,1,4294967295
tl_SunlightWB,40320,2012,0,0,192,59,0,1,1,4294967295
tl_SunlightWB,40948,1684,0,0,192,59,0,1,1,4294967295
tl_SunlightWB,41160,1716,0,0,192,59,0,1,1,4294967295
tl_SunlightWB,41348,1756,0,0,192,59,0,1,1,4294967295
tl_SunlightWB,41584,1796,0,0,192,59,0,1,1,4294967295
tl_SunlightWB,41752,1780,0,0,192,59,0,1,1,4294967295
tl_SunlightWB,41988,1788,0,0,192,59,0,1,1,4294967295
tl_SunlightWB,42220,1788,0,0,192,59,0,1,1,4294967295
tl_SunlightWB,42392,1796,0,0,192,59,0,1,1,4294967295
tl_SunlightWB,42540,1808,0,0,192,59,0,1,1,4294967295
tl_SunlightWB,42928,1780,0,0,192,59,0,1,1,4294967295
tl_SunlightWB,43112,1784,0,0,192,59,0,1,1,4294967295
tl_SunlightWB,43276,1804,0,0,192,59,0,1,1,4294967295
tl_SunlightRk,38516,1740,0,0,42,21,0,1,1,4294967295
tl_SunlightRk,38920,1868,0,0,42,21,0,1,1,4294967295
tl_SunlightRk,39600,2000,0,0,42,21,0,1,1,4294967295
tl_SunlightRk,40192,2048,0,0,42,21,0,1,1,4294967295
tl_SunlightRk,41084,1720,0,0,42,21,0,1,1,4294967295
tl_SunlightRk,41408,1768,0,0,42,21,0,1,1,4294967295
tl_SunlightRk,41824,1816,0,0,42,21,0,1,1,4294967295
tl_SunlightRk,42152,1816,0,0,42,21,0,1,1,4294967295
tl_SunlightRk,42572,1812,0,0,42,21,0,1,1,4294967295
tl_SunlightRk,42972,1816,0,0,42,21,0,1,1,4294967295
tl_SunlightRk,43184,1816,0,0,42,21,0,1,1,4294967295
tl_SunlightW,38608,1784,0,0,59,22,0,1,1,4294967295
tl_SunlightW,38252,1740,0,0,59,22,0,1,1,4294967295
tl_SunlightW,39900,2044,0,0,59,22,0,1,1,4294967295
tl_SunlightW,40068,2048,0,0,59,22,0,1,1,4294967295
tl_SunlightW,40272,2048,0,0,59,22,0,1,1,4294967295
tl_SunlightW,41164,1724,0,0,59,22,0,1,1,4294967295
tl_SunlightW,41004,1716,0,0,59,22,0,1,1,4294967295
tl_SunlightW,41580,1804,0,0,59,22,0,1,1,4294967295
tl_SunlightW,41904,1816,0,0,59,22,0,1,1,4294967295
tl_SunlightW,42248,1812,0,0,59,22,0,1,1,4294967295
tl_SunlightW,42428,1816,0,0,59,22,0,1,1,4294967295
tl_SunlightRk2,2760,1188,0,0,42,21,0,1,1,4294967295
tl_SunlightRk2,5028,784,0,0,42,21,0,1,1,4294967295
tl_SunlightRk2,5400,784,0,0,42,21,0,1,1,4294967295
tl_SunlightRk2,6228,856,0,0,42,21,0,1,1,4294967295
tl_SunlightRk2,7404,1256,0,0,42,21,0,1,1,4294967295
tl_SunlightRk2,8184,1304,0,0,42,21,0,1,1,4294967295
tl_SunlightRk2,10020,984,0,0,42,21,0,1,1,4294967295
tl_SunlightRk2,10912,1288,0,0,42,21,0,1,1,4294967295
tl_SunlightRk2,12012,1264,0,0,42,21,0,1,1,4294967295
tl_SunlightRk2,13928,1240,0,0,42,21,0,1,1,4294967295
tl_SunlightRk2,15104,1296,0,0,42,21,0,1,1,4294967295
tl_SunlightRk2,17988,960,0,0,42,21,0,1,1,4294967295
tl_SunlightRk2,18820,1080,0,0,42,21,0,1,1,4294967295
tl_SunlightRk2,19756,1272,0,0,42,21,0,1,1,4294967295
tl_SunlightRk2,20516,1220,0,0,42,21,0,1,1,4294967295
tl_SunlightRk2,20864,1220,0,0,42,21,0,1,1,4294967295
tl_SunlightRk2,21328,1220,0,0,42,21,0,1,1,4294967295
tl_SunlightRk2,36048,416,0,0,42,21,0,1,1,4294967295
tl_SunlightRk2,37172,492,0,0,42,21,0,1,1,4294967295
tl_SunlightRk2,38244,728,0,0,42,21,0,1,1,4294967295
tl_RailEnds1,50416,584,22,0,22,16,0,1,1,4294967295
tl_RailEnds1,48284,844,22,0,22,16,0,1,1,4294967295
tl_coralM,54068,620,0,0,256,256,0,1,1,4294967295
tl_coralM2,54256,296,0,0,128,128,0,1,1,4294967295
tl_RailStands,49740,528,15,0,5,96,0,1,1,4294967295
tl_RailStands,49740,624,15,0,5,96,0,1,1,4294967295
tl_RailStands,49740,720,15,0,5,96,0,1,1,4294967295
tl_RailStands,50228,584,15,0,5,96,0,1,1,4294967295
tl_RailStands,50228,680,15,0,5,96,0,1,1,4294967295
tl_RailStands,50228,776,15,0,5,96,0,1,1,4294967295
tl_PoleSwing,52918,917,0,0,4,100,0,1,1,4294967295
tl_PoleSwing,52918,1016,0,100,4,100,0,1,1,4294967295
tl_PoleSwing,52918,1056,0,100,4,100,0,1,1,4294967295
tl_RailStandsE,50228,584,15,0,5,96,0,1,1,4294967295
tl_RailStandsE,49740,528,15,0,5,96,0,1,1,4294967295
tl_RailStandsE,47536,796,15,0,5,96,0,1,1,4294967295
tl_RailStandsE,47844,844,15,0,5,96,0,1,1,4294967295
tl_RailStands,47536,828,15,0,5,96,0,1,1,4294967295
tl_RailStands,47844,876,15,0,5,96,0,1,1,4294967295
tl_RailStands,47844,972,15,0,5,96,0,1,1,4294967295
tl_RailStands,47536,924,15,0,5,96,0,1,1,4294967295
tl_coralM3,46280,868,0,0,256,256,0,1,1,4294967295
tl_coralM3,46376,612,0,0,256,256,0,1,1,4294967295
tl_coralM3,46888,676,0,0,256,256,0,1,1,4294967295
tl_coralM3,46632,676,0,0,256,256,0,1,1,4294967295
tl_coralM3,46984,676,0,0,256,256,0,1,1,4294967295
tl_coralM3,46856,932,0,0,256,256,0,1,1,4294967295
tl_coralM3,47112,932,0,0,256,256,0,1,1,4294967295
tl_coralMEd,47240,676,24,0,24,256,0,1,1,4294967295
tl_coralMEd,46256,900,0,0,24,256,0,1,1,4294967295
tl_coralM3,46744,324,0,0,256,256,0,1,1,4294967295
tl_coralMEd,47000,324,24,0,24,256,0,1,1,4294967295
tl_coralMEd,48032,1200,24,0,24,256,0,1,1,4294967295
tl_coralM4,47904,1328,0,0,128,128,0,1,1,4294967295
tl_coralM4,47776,1328,0,0,128,128,0,1,1,4294967295
tl_coralM3,49636,1048,0,0,256,256,0,1,1,4294967295
tl_coralM3,49892,1048,0,0,256,256,0,1,1,4294967295
tl_coralM3,50148,1112,0,0,256,256,0,1,1,4294967295
tl_coralM3,50404,1176,0,0,256,256,0,1,1,4294967295
tl_coralM3,50660,1144,0,0,256,256,0,1,1,4294967295
tl_coralM3,50852,1400,0,0,256,256,0,1,1,4294967295
tl_coralM3,50916,1304,0,0,256,256,0,1,1,4294967295
tl_coralM3,51172,1304,0,0,256,256,0,1,1,4294967295
tl_coralM3,51428,1240,0,0,256,256,0,1,1,4294967295
tl_coralM3,51684,1240,0,0,256,256,0,1,1,4294967295
tl_coralM3,51940,1176,0,0,256,256,0,1,1,4294967295
tl_coralM3,51972,1176,0,0,256,256,0,1,1,4294967295
tl_coralM3,50916,1048,0,0,256,256,0,1,1,4294967295
tl_coralM3,51172,1048,0,0,256,256,0,1,1,4294967295
tl_coralM3,50980,792,0,0,256,256,0,1,1,4294967295
tl_coralM3,51108,792,0,0,256,256,0,1,1,4294967295
tl_coralM4,50788,1016,0,0,128,128,0,1,1,4294967295
tl_coralMEd,52228,1144,24,0,24,256,0,1,1,4294967295
tl_coralMEd2,49620,1024,0,0,256,24,0,1,1,4294967295
tl_coralM3,50528,584,0,0,256,256,0,1,1,4294967295
tl_coralM3,50496,840,0,0,256,256,0,1,1,4294967295
tl_coralMEd,50472,840,0,0,24,256,0,1,1,4294967295
tl_coralM3,51764,624,0,0,256,256,0,1,1,4294967295
tl_coralM3,51764,880,0,0,256,256,0,1,1,4294967295
tl_coralM3,51860,880,0,0,256,256,0,1,1,4294967295
tl_coralMEd,52116,848,24,0,24,256,0,1,1,4294967295
tl_coralMEd2,51748,600,0,0,256,24,0,1,1,4294967295
tl_coralM3,54052,880,0,0,256,256,0,1,1,4294967295
tl_coralMEd,54664,848,0,0,24,256,0,1,1,4294967295
tl_coralM3,54688,816,0,0,256,256,0,1,1,4294967295
tl_coralM3,54944,816,0,0,256,256,0,1,1,4294967295
tl_coralM3,54720,560,0,0,256,256,0,1,1,4294967295
tl_coralM3,54496,560,0,0,256,256,0,1,1,4294967295
tl_coralM3,54400,592,0,0,256,256,0,1,1,4294967295
tl_coralM4,54192,472,0,0,128,128,0,1,1,4294967295
tl_coralM4,54192,408,0,0,128,128,0,1,1,4294967295
tl_coralM4,54064,408,0,0,128,128,0,1,1,4294967295
tl_coralM4,54064,440,0,0,128,128,0,1,1,4294967295
tl_coralM3,53040,312,0,0,256,256,0,1,1,4294967295
tl_coralM3,53296,408,0,0,256,256,0,1,1,4294967295
tl_coralM3,53552,408,0,0,256,256,0,1,1,4294967295
tl_coralM3,53808,408,0,0,256,256,0,1,1,4294967295
tl_coralM3,53040,408,0,0,256,256,0,1,1,4294967295
tl_coralM3,53760,520,0,0,256,256,0,1,1,4294967295
tl_coralM3,53520,536,0,0,256,256,0,1,1,4294967295
tl_coralMEd2,53024,664,0,24,256,24,0,1,1,4294967295
tl_coralM3,54196,1616,0,0,256,256,0,1,1,4294967295
tl_coralM3,54196,1872,0,0,256,256,0,1,1,4294967295
tl_coralM3,54452,1616,0,0,256,256,0,1,1,4294967295
tl_coralM3,54452,1904,0,0,256,256,0,1,1,4294967295
tl_coralM3,53940,1904,0,0,256,256,0,1,1,4294967295
tl_coralM3,53684,1936,0,0,256,256,0,1,1,4294967295
tl_coralM3,53524,1904,0,0,256,256,0,1,1,4294967295
tl_coralMEd,53500,1872,0,0,24,256,0,1,1,4294967295
tl_coralMEd,54708,1616,24,0,24,256,0,1,1,4294967295
tl_coralM3,61704,1408,0,0,256,256,0,1,1,4294967295
tl_coralM3,61448,1408,0,0,256,256,0,1,1,4294967295
tl_coralM3,61384,1408,0,0,256,256,0,1,1,4294967295
tl_coralMEd2,61432,1384,0,0,256,24,0,1,1,4294967295
tl_coralMEd2,61688,1384,0,0,256,24,0,1,1,4294967295
tl_coralMEd2,61784,1384,0,0,256,24,0,1,1,4294967295
tl_coralM3,62104,1104,0,0,256,256,0,1,1,4294967295
tl_coralMEd,62080,1104,0,0,24,256,0,1,1,4294967295
tl_coralMEd,62360,1104,24,0,24,256,0,1,1,4294967295
tl_coralM3,57768,1412,0,0,256,256,0,1,1,4294967295
tl_coralM3,58024,1444,0,0,256,256,0,1,1,4294967295
tl_coralM3,58280,1444,0,0,256,256,0,1,1,4294967295
tl_coralM3,58232,1364,0,0,256,256,0,1,1,4294967295
tl_coralMEd,57744,1412,0,0,24,256,0,1,1,4294967295
tl_coralMEd2,58248,1340,0,0,256,24,0,1,1,4294967295
