tl_SunlightPole,8,1228,0,0,40,80,0,1,1,4294967295
tl_SunlightPole,152,1228,40,0,40,80,0,1,1,4294967295
tl_WaterslideLeg,212,1208,6,0,6,53,0,1,1,4294967295
tl_WaterslideLeg,212,1260,6,53,6,53,0,1,1,4294967295
tl_WaterslideLeg,336,1212,6,0,6,53,0,1,1,4294967295
tl_WaterslideLeg,276,1208,6,0,6,53,0,1,1,4294967295
tl_WaterslideLeg,396,1240,6,0,6,53,0,1,1,4294967295
tl_WaterslideLeg,452,1292,6,0,6,53,0,1,1,4294967295
tl_WaterslideLeg,520,1312,6,0,6,53,0,1,1,4294967295
tl_WaterslideLeg,580,1316,6,0,6,53,0,1,1,4294967295
tl_WaterslideLeg,640,1316,6,0,6,53,0,1,1,4294967295
tl_WaterslideLeg,452,1340,6,53,6,53,0,1,1,4294967295
tl_WaterslideLeg,396,1292,6,53,6,53,0,1,1,4294967295
tl_WaterslideLeg,396,1344,6,53,6,53,0,1,1,4294967295
tl_WaterslideLeg,336,1264,6,53,6,53,0,1,1,4294967295
tl_WaterslideLeg,336,1316,6,53,6,53,0,1,1,4294967295
tl_WaterslideLeg,276,1260,6,53,6,53,0,1,1,4294967295
tl_WaterslideLeg,276,1312,6,53,6,53,0,1,1,4294967295
tl_WaterslideLeg,520,1360,6,53,6,53,0,1,1,4294967295
tl_SunlightW,1124,1436,0,0,59,22,0,1,1,4294967295
tl_SunlightW,1408,1436,0,0,59,22,0,1,1,4294967295
tl_SunlightW,1684,1436,0,0,59,22,0,1,1,4294967295
tl_SunlightW,1620,1436,0,0,59,22,0,1,1,4294967295
tl_SunlightRk,1340,1432,0,0,42,21,0,1,1,4294967295
tl_SunlightRk,1164,1436,0,0,42,21,0,1,1,4294967295
tl_SunlightRk,1716,1436,0,0,42,21,0,1,1,4294967295
tl_SunlightRk,908,1436,0,0,42,21,0,1,1,4294967295
tl_WaterslideLeg,640,1368,6,53,6,53,0,1,1,4294967295
tl_WaterslideLeg,580,1372,6,53,6,53,0,1,1,4294967295
tl_WaterslideLeg,700,1360,6,53,6,53,0,1,1,4294967295
tl_WaterslideLeg,700,1316,6,0,6,53,0,1,1,4294967295
tl_SunlightPole,1564,1336,0,0,40,80,0,1,1,4294967295
tl_SunlightPole,1780,1280,0,0,40,80,0,1,1,4294967295
tl_SunlightPole2,1564,1376,0,0,40,80,0,1,1,4294967295
tl_SunlightPole2,1780,1360,0,0,40,80,0,1,1,4294967295
tl_SunlightPole2,1780,1392,0,0,40,80,0,1,1,4294967295
tl_SunlightTF,5548,984,64,0,64,88,0,1,1,4294967295
tl_SunlightTF,5852,1032,64,0,64,88,0,1,1,4294967295
tl_SunlightTF,6000,1052,64,0,64,88,0,1,1,4294967295
tl_SunlightG,5180,1008,0,0,64,16,0,1,1,4294967295
tl_SunlightG,5272,1008,128,0,64,16,0,1,1,4294967295
tl_SunlightG,5472,1040,64,0,64,16,0,1,1,4294967295
tl_SunlightG,5656,1092,64,0,64,16,0,1,1,4294967295
tl_SunlightG,5764,1104,128,0,64,16,0,1,1,4294967295
tl_SunlightG,6404,1224,128,0,64,16,0,1,1,4294967295
tl_SunlightG,6332,1224,64,0,64,16,0,1,1,4294967295
tl_SunlightG,5932,1112,0,0,64,16,0,1,1,4294967295
tl_SunlightG,6096,1156,0,0,64,16,0,1,1,4294967295
tl_SunlightPole,8988,1336,0,0,40,80,0,1,1,4294967295
tl_SunlightPole,9204,1280,0,0,40,80,0,1,1,4294967295
tl_SunlightPole2,8988,1416,0,0,40,80,0,1,1,4294967295
tl_SunlightPole2,8988,1496,0,0,40,80,0,1,1,4294967295
tl_SunlightPole2,9204,1360,0,0,40,80,0,1,1,4294967295
tl_SunlightPole2,9204,1440,0,0,40,80,0,1,1,4294967295
tl_SunlightPole2,9204,1520,0,0,40,80,0,1,1,4294967295
tl_SunlightPole2,8988,1576,0,0,40,80,0,1,1,4294967295
tl_SunlightPole2,8988,1656,0,0,40,80,0,1,1,4294967295
tl_SunlightPole2,9204,1600,0,0,40,80,0,1,1,4294967295
tl_SunlightPole,18004,876,0,0,40,80,0,1,1,4294967295
tl_SunlightPole,18580,940,0,0,40,80,0,1,1,4294967295
tl_SunlightPole,18464,656,0,0,40,80,0,1,1,4294967295
tl_SunlightPole,18368,876,0,0,40,80,0,1,1,4294967295
tl_SunlightPole,18252,704,0,0,40,80,0,1,1,4294967295
tl_SunlightPole,18876,940,40,0,40,80,0,1,1,4294967295
tl_SunlightPole2,18004,896,0,0,40,80,0,1,1,4294967295
tl_SunlightPole2,18368,956,0,0,40,80,0,1,1,4294967295
tl_SunlightPole2,18580,1020,0,0,40,80,0,1,1,4294967295
tl_SunlightPole2,18252,780,0,0,40,80,0,1,1,4294967295
tl_SunlightPole2,18464,736,0,0,40,80,0,1,1,4294967295
tl_SunlightPole2,18464,816,0,0,40,80,0,1,1,4294967295
tl_SunlightPole2,18876,1020,40,0,40,80,0,1,1,4294967295
tl_SunlightPole2,18876,1028,40,0,40,80,0,1,1,4294967295
tl_SunlightPole,18948,656,40,0,40,80,0,1,1,4294967295
tl_SunlightPole2,18948,736,40,0,40,80,0,1,1,4294967295
tl_SunlightPole2,18948,816,40,0,40,80,0,1,1,4294967295
tl_SunlightPole2,18948,896,40,0,40,80,0,1,1,4294967295
tl_SunlightPole2,18948,976,40,0,40,80,0,1,1,4294967295
tl_SunlightPole2,18948,1008,40,0,40,80,0,1,1,4294967295
tl_SunlightPole2,18252,876,0,0,40,80,0,1,1,4294967295
tl_SunlightPole2,18252,908,0,0,40,80,0,1,1,4294967295
tl_SunlightPole2,18464,904,0,0,40,80,0,1,1,4294967295
tl_SunlightPole2,18464,964,0,0,40,80,0,1,1,4294967295
tl_SunlightRk,7652,1704,0,0,42,21,0,1,1,4294967295
tl_SunlightRk,8180,1740,0,0,42,21,0,1,1,4294967295
tl_SunlightRk,8604,1752,0,0,42,21,0,1,1,4294967295
tl_SunlightRk,9048,1696,0,0,42,21,0,1,1,4294967295
tl_SunlightRk,9440,1656,0,0,42,21,0,1,1,4294967295
tl_SunlightW,8080,1728,0,0,59,22,0,1,1,4294967295
tl_SunlightW,7544,1700,0,0,59,22,0,1,1,4294967295
tl_SunlightW,8820,1736,0,0,59,22,0,1,1,4294967295
tl_SunlightW,9572,1652,0,0,59,22,0,1,1,4294967295
tl_SunlightW,19128,1960,0,0,59,22,0,1,1,4294967295
tl_SunlightW,19408,1984,0,0,59,22,0,1,1,4294967295
tl_SunlightW,19820,2064,0,0,59,22,0,1,1,4294967295
tl_SunlightRk,18956,1960,0,0,42,21,0,1,1,4294967295
tl_SunlightRk,19240,1972,0,0,42,21,0,1,1,4294967295
tl_SunlightRk,19764,2064,0,0,42,21,0,1,1,4294967295
tl_SunlightTF,10132,1168,64,0,64,88,0,1,1,4294967295
tl_SunlightTF,10248,1172,0,0,64,88,0,1,1,4294967295
tl_SunlightTF,10372,1168,64,0,64,88,0,1,1,4294967295
tl_SunlightTF,10508,1172,64,0,64,88,0,1,1,4294967295
tl_SunlightTF,10004,1172,0,0,64,88,0,1,1,4294967295
tl_SunlightTF,10660,1196,0,0,64,88,0,1,1,4294967295
tl_SunlightTF,10780,1220,0,0,64,88,0,1,1,4294967295
tl_SunlightTF,10944,1220,64,0,64,88,0,1,1,4294967295
tl_SunlightTF,11120,1220,64,0,64,88,0,1,1,4294967295
tl_SunlightTF,11264,1220,0,0,64,88,0,1,1,4294967295
tl_SunlightTF,11400,1220,0,0,64,88,0,1,1,4294967295
tl_SunlightTF,11616,936,0,0,64,88,0,1,1,4294967295
tl_SunlightTF,11732,936,64,0,64,88,0,1,1,4294967295
tl_SunlightTF,11888,1220,64,0,64,88,0,1,1,4294967295
tl_SunlightTF,12040,1188,64,0,64,88,0,1,1,4294967295
tl_SunlightTF,12180,1172,0,0,64,88,0,1,1,4294967295
tl_SunlightTF,13792,1172,0,0,64,88,0,1,1,4294967295
tl_SunlightTF,13960,1172,64,0,64,88,0,1,1,4294967295
tl_SunlightTF,14088,1172,64,0,64,88,0,1,1,4294967295
tl_SunlightTF,14592,1172,64,0,64,88,0,1,1,4294967295
tl_SunlightTF,14720,1172,0,0,64,88,0,1,1,4294967295
tl_SunlightTF,14864,1172,0,0,64,88,0,1,1,4294967295
tl_SunlightTF,15012,1200,64,0,64,88,0,1,1,4294967295
tl_SunlightTF,17020,1132,0,0,64,88,0,1,1,4294967295
tl_SunlightTF,17256,748,64,0,64,88,0,1,1,4294967295
tl_SunlightTF,17568,556,64,0,64,88,0,1,1,4294967295
tl_SunlightTF,17424,556,0,0,64,88,0,1,1,4294967295
tl_SunlightTF,21076,1152,0,0,64,88,0,1,1,4294967295
tl_SunlightTF,21196,1152,0,0,64,88,0,1,1,4294967295
tl_SunlightTF,20080,1152,64,0,64,88,0,1,1,4294967295
tl_SunlightTF,19904,1160,0,0,64,88,0,1,1,4294967295
tl_SunlightTF,19780,1196,64,0,64,88,0,1,1,4294967295
tl_SunlightTF,19640,1224,64,0,64,88,0,1,1,4294967295
tl_SunlightTF,19492,1224,0,0,64,88,0,1,1,4294967295
tl_SunlightG,9832,1244,128,0,64,16,0,1,1,4294967295
tl_SunlightG,9936,1244,0,0,64,16,0,1,1,4294967295
tl_SunlightG,9808,1156,0,0,64,16,0,1,1,4294967295
tl_SunlightG,10064,1244,0,0,64,16,0,1,1,4294967295
tl_SunlightG,10188,1244,128,0,64,16,0,1,1,4294967295
tl_SunlightG,10308,1244,64,0,64,16,0,1,1,4294967295
tl_SunlightG,10448,1244,64,0,64,16,0,1,1,4294967295
tl_SunlightG,10568,1244,64,0,64,16,0,1,1,4294967295
tl_SunlightG,10616,1256,0,0,64,16,0,1,1,4294967295
tl_SunlightG,10736,1288,0,0,64,16,0,1,1,4294967295
tl_SunlightG,10856,1292,64,0,64,16,0,1,1,4294967295
tl_SunlightG,10988,1292,128,0,64,16,0,1,1,4294967295
tl_SunlightG,11056,1292,64,0,64,16,0,1,1,4294967295
tl_SunlightG,11220,1292,64,0,64,16,0,1,1,4294967295
tl_SunlightG,11164,1292,0,0,64,16,0,1,1,4294967295
tl_SunlightG,11340,1292,0,0,64,16,0,1,1,4294967295
tl_SunlightG,11528,1292,0,0,64,16,0,1,1,4294967295
tl_SunlightG,11456,1292,128,0,64,16,0,1,1,4294967295
tl_SunlightG,11680,1008,128,0,64,16,0,1,1,4294967295
tl_SunlightG,11772,1008,64,0,64,16,0,1,1,4294967295
tl_SunlightG,11948,1284,64,0,64,16,0,1,1,4294967295
tl_SunlightG,11840,1292,0,0,64,16,0,1,1,4294967295
tl_SunlightG,12124,1244,0,0,64,16,0,1,1,4294967295
tl_SunlightG,12256,1244,128,0,64,16,0,1,1,4294967295
tl_SunlightG,12336,1244,64,0,64,16,0,1,1,4294967295
tl_SunlightG,13752,1244,0,0,64,16,0,1,1,4294967295
tl_SunlightG,13860,1244,64,0,64,16,0,1,1,4294967295
tl_SunlightG,14032,1244,128,0,64,16,0,1,1,4294967295
tl_SunlightG,13976,1244,64,0,64,16,0,1,1,4294967295
tl_SunlightG,14532,1244,64,0,64,16,0,1,1,4294967295
tl_SunlightG,14644,1244,0,0,64,16,0,1,1,4294967295
tl_SunlightG,14692,1244,128,0,64,16,0,1,1,4294967295
tl_SunlightG,14824,1244,128,0,64,16,0,1,1,4294967295
tl_SunlightG,14772,1244,64,0,64,16,0,1,1,4294967295
tl_SunlightG,14936,1256,64,0,64,16,0,1,1,4294967295
tl_SunlightG,15032,1284,0,0,64,16,0,1,1,4294967295
tl_SunlightG,17000,1204,0,0,64,16,0,1,1,4294967295
tl_SunlightG,17152,1204,64,0,64,16,0,1,1,4294967295
tl_SunlightG,17216,820,64,0,64,16,0,1,1,4294967295
tl_SunlightG,17308,820,0,0,64,16,0,1,1,4294967295
tl_SunlightG,17408,628,0,0,64,16,0,1,1,4294967295
tl_SunlightG,17472,628,128,0,64,16,0,1,1,4294967295
tl_SunlightG,17524,628,64,0,64,16,0,1,1,4294967295
tl_SunlightG,17836,572,64,0,64,16,0,1,1,4294967295
tl_SunlightG,17896,572,128,0,64,16,0,1,1,4294967295
tl_SunlightG,17960,572,0,0,64,16,0,1,1,4294967295
tl_SunlightPole,31424,1236,0,0,40,80,0,1,1,4294967295
tl_SunlightPole,32000,1172,0,0,40,80,0,1,1,4294967295
tl_SunlightPole,34304,1236,0,0,40,80,0,1,1,4294967295
tl_SunlightPole,31720,1236,40,0,40,80,0,1,1,4294967295
tl_SunlightPole,34024,1172,40,0,40,80,0,1,1,4294967295
tl_SunlightPole,34600,1236,40,0,40,80,0,1,1,4294967295
tl_SunlightPole2,31424,1316,0,0,40,80,0,1,1,4294967295
tl_SunlightPole2,32000,1252,0,0,40,80,0,1,1,4294967295
tl_SunlightPole2,31424,1396,0,0,40,80,0,1,1,4294967295
tl_SunlightPole2,31424,1476,0,0,40,80,0,1,1,4294967295
tl_SunlightPole2,31424,1556,0,0,40,80,0,1,1,4294967295
tl_SunlightPole2,31424,1636,0,0,40,80,0,1,1,4294967295
tl_SunlightPole2,31424,1716,0,0,40,80,0,1,1,4294967295
tl_SunlightPole2,31424,1796,0,0,40,80,0,1,1,4294967295
tl_SunlightPole2,31424,1876,0,0,40,80,0,1,1,4294967295
tl_SunlightPole2,31424,1956,0,0,40,80,0,1,1,4294967295
tl_SunlightPole2,31424,2036,0,0,40,80,0,1,1,4294967295
tl_SunlightPole2,32000,1332,0,0,40,80,0,1,1,4294967295
tl_SunlightPole2,32000,1412,0,0,40,80,0,1,1,4294967295
tl_SunlightPole2,32000,1492,0,0,40,80,0,1,1,4294967295
tl_SunlightPole2,32000,1572,0,0,40,80,0,1,1,4294967295
tl_SunlightPole2,32000,1652,0,0,40,80,0,1,1,4294967295
tl_SunlightPole2,32000,1732,0,0,40,80,0,1,1,4294967295
tl_SunlightPole2,32000,1812,0,0,40,80,0,1,1,4294967295
tl_SunlightPole2,32000,1892,0,0,40,80,0,1,1,4294967295
tl_SunlightPole2,32000,1972,0,0,40,80,0,1,1,4294967295
tl_SunlightPole2,32000,2052,0,0,40,80,0,1,1,4294967295
tl_SunlightPole2,34304,1316,0,0,40,80,0,1,1,4294967295
tl_SunlightPole2,34304,1396,0,0,40,80,0,1,1,4294967295
tl_SunlightPole2,34304,1476,0,0,40,80,0,1,1,4294967295
tl_SunlightPole2,34304,1556,0,0,40,80,0,1,1,4294967295
tl_SunlightPole2,34024,1252,40,0,40,80,0,1,1,4294967295
tl_SunlightPole2,34600,1316,40,0,40,80,0,1,1,4294967295
tl_SunlightPole2,34600,1396,40,0,40,80,0,1,1,4294967295
tl_SunlightPole2,34600,1476,40,0,40,80,0,1,1,4294967295
tl_SunlightPole2,34600,1556,40,0,40,80,0,1,1,4294967295
tl_SunlightPole2,34600,1636,40,0,40,80,0,1,1,4294967295
tl_SunlightPole2,34600,1716,40,0,40,80,0,1,1,4294967295
tl_SunlightPole2,34600,1796,40,0,40,80,0,1,1,4294967295
tl_SunlightPole2,34600,1876,40,0,40,80,0,1,1,4294967295
tl_SunlightPole2,34600,1956,40,0,40,80,0,1,1,4294967295
tl_SunlightPole2,34600,2036,40,0,40,80,0,1,1,4294967295
tl_SunlightPole2,34024,1332,40,0,40,80,0,1,1,4294967295
tl_SunlightPole2,34024,1412,40,0,40,80,0,1,1,4294967295
tl_SunlightPole2,34024,1492,40,0,40,80,0,1,1,4294967295
tl_SunlightPole2,34024,1572,40,0,40,80,0,1,1,4294967295
tl_SunlightPole2,34024,1652,40,0,40,80,0,1,1,4294967295
tl_SunlightPole2,34024,1732,40,0,40,80,0,1,1,4294967295
tl_SunlightPole2,34024,1812,40,0,40,80,0,1,1,4294967295
tl_SunlightPole2,34024,1892,40,0,40,80,0,1,1,4294967295
tl_SunlightPole2,34024,1972,40,0,40,80,0,1,1,4294967295
tl_SunlightPole2,34024,2052,40,0,40,80,0,1,1,4294967295
tl_SunlightPole2,34304,1636,0,0,40,80,0,1,1,4294967295
tl_SunlightPole2,34304,1716,0,0,40,80,0,1,1,4294967295
tl_SunlightPole2,34304,1796,0,0,40,80,0,1,1,4294967295
tl_SunlightPole2,34304,1876,0,0,40,80,0,1,1,4294967295
tl_SunlightPole2,34304,1956,0,0,40,80,0,1,1,4294967295
tl_SunlightPole2,34304,2036,0,0,40,80,0,1,1,4294967295
tl_SunlightPole2,31720,1316,40,0,40,80,0,1,1,4294967295
tl_SunlightPole2,31720,1396,40,0,40,80,0,1,1,4294967295
tl_SunlightPole2,31720,1476,40,0,40,80,0,1,1,4294967295
tl_SunlightPole2,31720,1556,40,0,40,80,0,1,1,4294967295
tl_SunlightPole2,31720,1636,40,0,40,80,0,1,1,4294967295
tl_SunlightPole2,31720,1716,40,0,40,80,0,1,1,4294967295
tl_SunlightPole2,31720,1796,40,0,40,80,0,1,1,4294967295
tl_SunlightPole2,31720,1876,40,0,40,80,0,1,1,4294967295
tl_SunlightPole2,31720,1956,40,0,40,80,0,1,1,4294967295
tl_SunlightPole2,31720,2036,40,0,40,80,0,1,1,4294967295
tl_SunlightM2,38384,440,0,0,256,256,0,1,1,4294967295
tl_SunlightM2,38520,448,0,0,256,256,0,1,1,4294967295
tl_SunlightEd,38368,440,0,0,24,256,0,1,1,4294967295
tl_SunlightEd,38776,440,24,0,24,256,0,1,1,4294967295
tl_coralM4,43496,748,0,0,128,128,0,1,1,4294967295
tl_coralM4,43624,748,0,0,128,128,0,1,1,4294967295
tl_coralM4,43752,748,0,0,128,128,0,1,1,4294967295
tl_coralM4,43880,748,0,0,128,128,0,1,1,4294967295
tl_coralM3,44008,748,0,0,256,256,0,1,1,4294967295
tl_coralM3,44264,812,0,0,256,256,0,1,1,4294967295
tl_coralM3,44520,876,0,0,256,256,0,1,1,4294967295
tl_coralM3,44696,860,0,0,256,256,0,1,1,4294967295
tl_coralMEd,44952,828,24,0,24,256,0,1,1,4294967295
tl_coralMEd,43472,684,0,0,24,256,0,1,1,4294967295
tl_SunlightM,36368,308,0,0,128,128,0,1,1,4294967295
tl_SunlightM,36464,308,0,0,128,128,0,1,1,4294967295
tl_SunlightM,36448,436,0,0,128,128,0,1,1,4294967295
tl_SunlightM,36584,428,0,0,128,128,0,1,1,4294967295
tl_SunlightM,36584,300,0,0,128,128,0,1,1,4294967295
tl_SunlightM,36712,348,0,0,128,128,0,1,1,4294967295
tl_SunlightM,36760,348,0,0,128,128,0,1,1,4294967295
tl_SunlightM,36760,476,0,0,128,128,0,1,1,4294967295
tl_SunlightM,36712,476,0,0,128,128,0,1,1,4294967295
tl_SunlightEd,36888,356,24,0,24,256,0,1,1,4294967295
tl_SunlightRk,12872,1488,0,0,42,21,0,1,1,4294967295
tl_SunlightRk,13272,1488,0,0,42,21,0,1,1,4294967295
tl_SunlightRk,13516,1488,0,0,42,21,0,1,1,4294967295
tl_SunlightW,12640,1488,0,0,59,22,0,1,1,4294967295
tl_SunlightW,13028,1484,0,0,59,22,0,1,1,4294967295
tl_SunlightW,13352,1488,0,0,59,22,0,1,1,4294967295
tl_SunlightW,13680,1484,0,0,59,22,0,1,1,4294967295
tl_SunlightRk,17764,1448,0,0,42,21,0,1,1,4294967295
tl_SunlightRk,18300,1484,0,0,42,21,0,1,1,4294967295
tl_SunlightRk,18540,1532,0,0,42,21,0,1,1,4294967295
tl_SunlightW,17840,1444,0,0,59,22,0,1,1,4294967295
tl_SunlightW,17996,1448,0,0,59,22,0,1,1,4294967295
tl_SunlightTF,36052,348,0,0,64,88,0,1,1,4294967295
tl_SunlightTF,36180,348,64,0,64,88,0,1,1,4294967295
tl_SunlightTF,36288,352,64,0,64,88,0,1,1,4294967295
tl_SunlightTF,36484,368,0,0,64,88,0,1,1,4294967295
tl_SunlightTF,36668,416,64,0,64,88,0,1,1,4294967295
tl_SunlightTF,36800,420,64,0,64,88,0,1,1,4294967295
tl_SunlightTF,36972,660,0,0,64,88,0,1,1,4294967295
tl_SunlightTF,37104,660,64,0,64,88,0,1,1,4294967295
tl_SunlightTF,37252,660,64,0,64,88,0,1,1,4294967295
tl_SunlightTF,37504,420,0,0,64,88,0,1,1,4294967295
tl_SunlightTF,37272,420,64,0,64,88,0,1,1,4294967295
tl_SunlightTF,38156,660,64,0,64,88,0,1,1,4294967295
tl_SunlightTF,38256,660,0,0,64,88,0,1,1,4294967295
tl_SunlightTF,37380,900,0,0,64,88,0,1,1,4294967295
tl_SunlightTF,37532,900,0,0,64,88,0,1,1,4294967295
tl_SunlightTF,37460,900,64,0,64,88,0,1,1,4294967295
tl_SunlightTF,38484,964,64,0,64,88,0,1,1,4294967295
tl_SunlightTF,38596,964,0,0,64,88,0,1,1,4294967295
tl_SunlightTF,38728,940,0,0,64,88,0,1,1,4294967295
tl_SunlightTF,38904,940,64,0,64,88,0,1,1,4294967295
tl_SunlightTF,39004,920,64,0,64,88,0,1,1,4294967295
tl_SunlightTF,39100,888,0,0,64,88,0,1,1,4294967295
tl_SunlightTF,39260,848,64,0,64,88,0,1,1,4294967295
tl_SunlightTF,39372,820,0,0,64,88,0,1,1,4294967295
tl_SunlightTF,39492,820,0,0,64,88,0,1,1,4294967295
tl_SunlightTF,39632,820,64,0,64,88,0,1,1,4294967295
tl_SunlightTF,39548,516,64,0,64,88,0,1,1,4294967295
tl_SunlightTF,39400,508,64,0,64,88,0,1,1,4294967295
tl_SunlightTF,39260,468,0,0,64,88,0,1,1,4294967295
tl_SunlightTF,39136,432,64,0,64,88,0,1,1,4294967295
tl_SunlightTF,41660,576,0,0,64,88,0,1,1,4294967295
tl_SunlightTF,41792,576,64,0,64,88,0,1,1,4294967295
tl_SunlightTF,41908,576,64,0,64,88,0,1,1,4294967295
tl_SunlightTF,42008,576,0,0,64,88,0,1,1,4294967295
tl_SunlightTF,42104,1208,0,0,64,88,0,1,1,4294967295
tl_SunlightTF,42212,1208,0,0,64,88,0,1,1,4294967295
tl_SunlightTF,42332,1208,64,0,64,88,0,1,1,4294967295
tl_SunlightTF,42444,1208,0,0,64,88,0,1,1,4294967295
tl_SunlightTF,42576,1208,64,0,64,88,0,1,1,4294967295
tl_SunlightG,36116,420,0,0,64,16,0,1,1,4294967295
tl_SunlightG,36224,420,128,0,64,16,0,1,1,4294967295
tl_SunlightG,36344,420,64,0,64,16,0,1,1,4294967295
tl_SunlightG,36588,468,64,0,64,16,0,1,1,4294967295
tl_SunlightG,36436,428,0,0,64,16,0,1,1,4294967295
tl_SunlightG,36740,492,0,0,64,16,0,1,1,4294967295
tl_SunlightG,36936,492,128,0,64,16,0,1,1,4294967295
tl_SunlightG,37104,492,64,0,64,16,0,1,1,4294967295
tl_SunlightG,37008,492,0,0,64,16,0,1,1,4294967295
tl_SunlightG,37320,492,64,0,64,16,0,1,1,4294967295
tl_SunlightG,37456,492,64,0,64,16,0,1,1,4294967295
tl_SunlightG,37544,492,128,0,64,16,0,1,1,4294967295
tl_SunlightG,38192,732,64,0,64,16,0,1,1,4294967295
tl_SunlightG,38296,732,128,0,64,16,0,1,1,4294967295
tl_SunlightG,37032,732,64,0,64,16,0,1,1,4294967295
tl_SunlightG,37152,732,128,0,64,16,0,1,1,4294967295
tl_SunlightG,37208,732,64,0,64,16,0,1,1,4294967295
tl_SunlightG,37320,732,0,0,64,16,0,1,1,4294967295
tl_SunlightG,37416,972,64,0,64,16,0,1,1,4294967295
tl_SunlightG,37624,972,128,0,64,16,0,1,1,4294967295
tl_SunlightG,37716,972,0,0,64,16,0,1,1,4294967295
tl_SunlightG,38528,680,128,0,64,16,0,1,1,4294967295
tl_SunlightG,38456,680,64,0,64,16,0,1,1,4294967295
tl_SunlightG,38632,680,64,0,64,16,0,1,1,4294967295
tl_SunlightG,38376,680,128,0,64,16,0,1,1,4294967295
tl_SunlightG,38448,1036,64,0,64,16,0,1,1,4294967295
tl_SunlightG,38540,1036,128,0,64,16,0,1,1,4294967295
tl_SunlightG,38652,1032,64,0,64,16,0,1,1,4294967295
tl_SunlightG,38712,1016,64,0,64,16,0,1,1,4294967295
tl_SunlightG,38804,1012,0,0,64,16,0,1,1,4294967295
tl_SunlightG,38868,1012,128,0,64,16,0,1,1,4294967295
tl_SunlightG,38956,1004,64,0,64,16,0,1,1,4294967295
tl_SunlightG,39064,976,0,0,64,16,0,1,1,4294967295
tl_SunlightG,39184,944,0,0,64,16,0,1,1,4294967295
tl_SunlightG,39452,892,128,0,64,16,0,1,1,4294967295
tl_SunlightG,39344,896,64,0,64,16,0,1,1,4294967295
tl_SunlightG,39560,892,64,0,64,16,0,1,1,4294967295
tl_SunlightG,39684,892,0,0,64,16,0,1,1,4294967295
tl_SunlightG,42072,1280,0,0,64,16,0,1,1,4294967295
tl_SunlightG,42164,1280,0,0,64,16,0,1,1,4294967295
tl_SunlightG,42268,1280,128,0,64,16,0,1,1,4294967295
tl_SunlightG,42380,1280,64,0,64,16,0,1,1,4294967295
tl_SunlightG,42496,1280,0,0,64,16,0,1,1,4294967295
tl_SunlightG,41720,648,0,0,64,16,0,1,1,4294967295
tl_SunlightG,41860,648,64,0,64,16,0,1,1,4294967295
tl_SunlightG,41808,648,128,0,64,16,0,1,1,4294967295
tl_SunlightG,41956,648,128,0,64,16,0,1,1,4294967295
tl_SunlightG,41576,648,64,0,64,16,0,1,1,4294967295
tl_SunlightG,41492,648,128,0,64,16,0,1,1,4294967295
tl_SunlightG,41196,552,64,0,64,16,0,1,1,4294967295
tl_SunlightG,41004,552,0,0,64,16,0,1,1,4294967295
tl_SunlightG,40900,552,128,0,64,16,0,1,1,4294967295
tl_SunlightG,40876,1400,128,0,64,16,0,1,1,4294967295
tl_SunlightG,40792,1400,64,0,64,16,0,1,1,4294967295
tl_SunlightG,40488,1540,64,0,64,16,0,1,1,4294967295
tl_SunlightG,40552,1540,128,0,64,16,0,1,1,4294967295
tl_SunlightG,40632,1540,0,0,64,16,0,1,1,4294967295
tl_SunlightG,40728,1540,64,0,64,16,0,1,1,4294967295
tl_SunlightG,39960,1656,64,0,64,16,0,1,1,4294967295
tl_SunlightG,40040,1656,128,0,64,16,0,1,1,4294967295
tl_SunlightG,40124,1656,0,0,64,16,0,1,1,4294967295
tl_SunlightG,40208,1656,128,0,64,16,0,1,1,4294967295
tl_SunlightG,39684,1592,128,0,64,16,0,1,1,4294967295
tl_SunlightG,39820,1592,0,0,64,16,0,1,1,4294967295
tl_SunlightG,39916,1592,64,0,64,16,0,1,1,4294967295
tl_SunlightG,39872,1752,64,0,64,16,0,1,1,4294967295
tl_SunlightG,39796,1752,128,0,64,16,0,1,1,4294967295
tl_SunlightG,39692,1752,64,0,64,16,0,1,1,4294967295
tl_SunlightG,39624,1752,128,0,64,16,0,1,1,4294967295
tl_SunlightG,40176,1120,128,0,64,16,0,1,1,4294967295
tl_SunlightG,40092,1120,64,0,64,16,0,1,1,4294967295
tl_SunlightG,39924,1248,0,0,64,16,0,1,1,4294967295
tl_SunlightG,39856,1360,128,0,64,16,0,1,1,4294967295
tl_SunlightG,39768,1360,64,0,64,16,0,1,1,4294967295
tl_SunlightG,39672,1360,0,0,64,16,0,1,1,4294967295
tl_SunlightG,39536,1360,128,0,64,16,0,1,1,4294967295
tl_SunlightG,39444,1360,0,0,64,16,0,1,1,4294967295
tl_SunlightG,39244,1440,0,0,64,16,0,1,1,4294967295
tl_SunlightG,39336,1440,128,0,64,16,0,1,1,4294967295
tl_SunlightG,39152,1440,128,0,64,16,0,1,1,4294967295
tl_SunlightG,38276,1456,64,0,64,16,0,1,1,4294967295
tl_SunlightG,38348,1456,0,0,64,16,0,1,1,4294967295
tl_SunlightG,38428,1456,128,0,64,16,0,1,1,4294967295
tl_SunlightG,38476,1376,128,0,64,16,0,1,1,4294967295
tl_SunlightG,38564,1376,64,0,64,16,0,1,1,4294967295
tl_SunlightG,38708,1392,64,0,64,16,0,1,1,4294967295
tl_SunlightG,38904,1440,128,0,64,16,0,1,1,4294967295
tl_SunlightG,38996,1440,64,0,64,16,0,1,1,4294967295
tl_SunlightG,39092,1440,0,0,64,16,0,1,1,4294967295
tl_SunlightG,38700,1584,0,0,64,16,0,1,1,4294967295
tl_SunlightG,38780,1584,128,0,64,16,0,1,1,4294967295
tl_SunlightG,38404,1584,128,0,64,16,0,1,1,4294967295
tl_SunlightG,38248,1584,64,0,64,16,0,1,1,4294967295
tl_SunlightG,38880,1584,0,0,64,16,0,1,1,4294967295
tl_SunlightG,38980,1584,128,0,64,16,0,1,1,4294967295
tl_SunlightG,39092,1584,64,0,64,16,0,1,1,4294967295
tl_SunlightRk2,5020,1004,0,0,42,21,0,1,1,4294967295
tl_SunlightRk2,5440,1024,0,0,42,21,0,1,1,4294967295
tl_SunlightRk2,5608,1068,0,0,42,21,0,1,1,4294967295
tl_SunlightRk2,6460,1220,0,0,42,21,0,1,1,4294967295
tl_SunlightRk2,6216,1180,0,0,42,21,0,1,1,4294967295
tl_SunlightRk2,17104,1200,0,0,42,21,0,1,1,4294967295
tl_SunlightRk2,17372,816,0,0,42,21,0,1,1,4294967295
tl_SunlightRk2,20048,1700,0,0,42,21,0,1,1,4294967295
tl_SunlightRk2,20152,1700,0,0,42,21,0,1,1,4294967295
tl_SunlightRk2,20312,1700,0,0,42,21,0,1,1,4294967295
tl_SunlightRk2,20756,1604,0,0,42,21,0,1,1,4294967295
tl_SunlightRk2,20224,1512,0,0,42,21,0,1,1,4294967295
tl_SunlightRk2,20332,1512,0,0,42,21,0,1,1,4294967295
tl_SunlightRk2,37508,968,0,0,42,21,0,1,1,4294967295
tl_SunlightRk2,39232,528,0,0,42,21,0,1,1,4294967295
tl_SunlightRk2,39528,584,0,0,42,21,0,1,1,4294967295
tl_SunlightRk2,38716,676,0,0,42,21,0,1,1,4294967295
tl_SunlightRk2,38700,1016,0,0,42,21,0,1,1,4294967295
tl_SunlightRk2,41148,548,0,0,42,21,0,1,1,4294967295
tl_SunlightRk2,42892,1624,0,0,42,21,0,1,1,4294967295
tl_SunlightRk2,42552,1276,0,0,42,21,0,1,1,4294967295
tl_SunlightRk2,37392,296,0,0,42,21,0,1,1,4294967295
tl_SunlightRk2,5452,592,0,0,42,21,0,1,1,4294967295
tl_SunlightG,5552,596,64,0,64,16,0,1,1,4294967295
tl_SunlightG,5628,596,128,0,64,16,0,1,1,4294967295
tl_SunlightG,37320,300,128,0,64,16,0,1,1,4294967295
tl_SunlightG,37236,300,0,0,64,16,0,1,1,4294967295
tl_SunlightG,42812,1628,0,0,64,16,0,1,1,4294967295
tl_SunlightG,42716,1628,128,0,64,16,0,1,1,4294967295
tl_SunlightG,35712,420,128,0,64,16,0,1,1,4294967295
tl_SunlightG,35808,420,0,0,64,16,0,1,1,4294967295
tl_SunlightG,35952,420,64,0,64,16,0,1,1,4294967295
tl_coralM2,46248,812,0,0,128,128,0,1,1,4294967295
tl_coralM2,48752,804,0,0,128,128,0,1,1,4294967295
tl_coralM2,48864,760,0,0,128,128,0,1,1,4294967295
tl_coralM2,52208,608,0,0,128,128,0,1,1,4294967295
tl_coralM2,52336,576,0,0,128,128,0,1,1,4294967295
tl_coralM2,52464,576,0,0,128,128,0,1,1,4294967295
tl_coralM2,52592,576,0,0,128,128,0,1,1,4294967295
tl_coralM2,52720,576,0,0,128,128,0,1,1,4294967295
tl_coralM2,52848,576,0,0,128,128,0,1,1,4294967295
tl_coralM2,52128,1032,0,0,128,128,0,1,1,4294967295
tl_coralM2,52128,1056,0,0,128,128,0,1,1,4294967295
tl_coralM2,52000,1032,0,0,128,128,0,1,1,4294967295
tl_coralM2,52000,1080,0,0,128,128,0,1,1,4294967295
tl_coralM2,51428,768,0,0,128,128,0,1,1,4294967295
tl_coralM2,51428,896,0,0,128,128,0,1,1,4294967295
tl_coralM2,51428,1024,0,0,128,128,0,1,1,4294967295
tl_coralM,51428,1088,0,0,256,256,0,1,1,4294967295
tl_coralM,51744,976,0,0,256,256,0,1,1,4294967295
tl_coralM,51556,1072,0,0,256,256,0,1,1,4294967295
tl_coralM2,51808,1156,0,0,128,128,0,1,1,4294967295
tl_coralM2,53488,276,0,0,128,128,0,1,1,4294967295
tl_coralM2,53616,272,0,0,128,128,0,1,1,4294967295
tl_coralM2,53744,272,0,0,128,128,0,1,1,4294967295
tl_coralM2,53872,272,0,0,128,128,0,1,1,4294967295
tl_coralM2,54000,272,0,0,128,128,0,1,1,4294967295
tl_coralM2,54128,272,0,0,128,128,0,1,1,4294967295
tl_coralM2,53108,868,0,0,128,128,0,1,1,4294967295
tl_coralM2,53172,916,0,0,128,128,0,1,1,4294967295
tl_coralM,53172,652,0,0,256,256,0,1,1,4294967295
tl_coralM,53428,716,0,0,256,256,0,1,1,4294967295
tl_coralM,53232,812,0,0,256,256,0,1,1,4294967295
tl_coralM,53364,868,0,0,256,256,0,1,1,4294967295
tl_coralM,53684,748,0,0,256,256,0,1,1,4294967295
tl_coralM,53620,972,0,0,256,256,0,1,1,4294967295
tl_coralM,53748,952,0,0,256,256,0,1,1,4294967295
tl_coralM2,53492,1016,0,0,128,128,0,1,1,4294967295
tl_coralM2,54000,1104,0,0,128,128,0,1,1,4294967295
tl_coralM2,54128,1116,0,0,128,128,0,1,1,4294967295
tl_coralM2,54212,1108,0,0,128,128,0,1,1,4294967295
tl_coralM2,53876,828,0,0,128,128,0,1,1,4294967295
tl_coralM2,53940,748,0,0,128,128,0,1,1,4294967295
tl_coralM,51204,1520,0,0,256,256,0,1,1,4294967295
tl_coralM,51460,1520,0,0,256,256,0,1,1,4294967295
tl_coralM,51716,1520,0,0,256,256,0,1,1,4294967295
tl_coralM,51844,1484,0,0,256,256,0,1,1,4294967295
tl_coralM,51972,1424,0,0,256,256,0,1,1,4294967295
tl_coralM,52164,1360,0,0,256,256,0,1,1,4294967295
tl_coralM,52164,1616,0,0,256,256,0,1,1,4294967295
tl_coralM,52164,1872,0,0,256,256,0,1,1,4294967295
tl_coralM2,54324,740,0,0,128,128,0,1,1,4294967295
tl_coralM2,54320,624,0,0,128,128,0,1,1,4294967295
tl_coralM,54964,496,0,0,256,256,0,1,1,4294967295
tl_coralM2,53940,1600,0,0,128,128,0,1,1,4294967295
tl_coralM2,54048,1600,0,0,128,128,0,1,1,4294967295
tl_coralM2,55260,1580,0,0,128,128,0,1,1,4294967295
tl_coralM2,55388,1580,0,0,128,128,0,1,1,4294967295
tl_coralM2,55260,1664,0,0,128,128,0,1,1,4294967295
tl_coralM2,55452,1612,0,0,128,128,0,1,1,4294967295
tl_coralM2,55456,1664,0,0,128,128,0,1,1,4294967295
tl_coralM2,55384,1664,0,0,128,128,0,1,1,4294967295
tl_coralM2,53564,1316,0,0,128,128,0,1,1,4294967295
tl_coralM2,53436,1344,0,0,128,128,0,1,1,4294967295
tl_coralM2,53308,1348,0,0,128,128,0,1,1,4294967295
tl_coralM,53052,1220,0,0,256,256,0,1,1,4294967295
tl_coralM,52796,1220,0,0,256,256,0,1,1,4294967295
tl_coralM,52796,1476,0,0,256,256,0,1,1,4294967295
tl_coralM,52780,1728,0,0,256,256,0,1,1,4294967295
tl_coralM,52768,1980,0,0,256,256,0,1,1,4294967295
tl_coralM2,53052,1420,0,0,128,128,0,1,1,4294967295
tl_coralM2,53120,1388,0,0,128,128,0,1,1,4294967295
tl_coralM,54708,1124,0,0,256,256,0,1,1,4294967295
tl_coralM,54708,1244,0,0,256,256,0,1,1,4294967295
tl_coralM,54772,1068,0,0,256,256,0,1,1,4294967295
tl_coralM,55028,1068,0,0,256,256,0,1,1,4294967295
tl_coralM2,54900,1324,0,0,128,128,0,1,1,4294967295
tl_coralM2,54900,1348,0,0,128,128,0,1,1,4294967295
tl_coralM2,54772,1428,0,0,128,128,0,1,1,4294967295
tl_coralM2,54680,1460,0,0,128,128,0,1,1,4294967295
tl_coralM,54652,1908,0,0,256,256,0,1,1,4294967295
tl_coralM,54780,1872,0,0,256,256,0,1,1,4294967295
tl_coralM,55036,2004,0,0,256,256,0,1,1,4294967295
tl_coralM,55292,2088,0,0,256,256,0,1,1,4294967295
tl_coralM,55548,2064,0,0,256,256,0,1,1,4294967295
tl_coralM,55740,2000,0,0,256,256,0,1,1,4294967295
tl_coralM,55284,1068,0,0,256,256,0,1,1,4294967295
tl_coralM,55536,1004,0,0,256,256,0,1,1,4294967295
tl_coralM,55792,1004,0,0,256,256,0,1,1,4294967295
tl_coralM,55924,1056,0,0,256,256,0,1,1,4294967295
tl_coralM,56116,1052,0,0,256,256,0,1,1,4294967295
tl_coralM,56372,956,0,0,256,256,0,1,1,4294967295
tl_coralM,55220,592,0,0,256,256,0,1,1,4294967295
tl_coralM,55028,752,0,0,256,256,0,1,1,4294967295
tl_coralM,55028,812,0,0,256,256,0,1,1,4294967295
tl_coralM,55284,848,0,0,256,256,0,1,1,4294967295
tl_coralM,55344,592,0,0,256,256,0,1,1,4294967295
tl_coralM,55540,784,0,0,256,256,0,1,1,4294967295
tl_coralM,55796,780,0,0,256,256,0,1,1,4294967295
tl_coralM,56048,848,0,0,256,256,0,1,1,4294967295
tl_coralM,56304,880,0,0,256,256,0,1,1,4294967295
tl_coralM,56560,880,0,0,256,256,0,1,1,4294967295
tl_coralM,56812,880,0,0,256,256,0,1,1,4294967295
tl_coralM,57068,880,0,0,256,256,0,1,1,4294967295
tl_coralM,57324,880,0,0,256,256,0,1,1,4294967295
tl_coralM,57580,880,0,0,256,256,0,1,1,4294967295
tl_coralM,57836,880,0,0,256,256,0,1,1,4294967295
tl_coralM,58012,848,0,0,256,256,0,1,1,4294967295
tl_coralM,57760,1136,0,0,256,256,0,1,1,4294967295
tl_coralM,57888,1184,0,0,256,256,0,1,1,4294967295
tl_coralM,57988,1232,0,0,256,256,0,1,1,4294967295
tl_coralM,57952,1096,0,0,256,256,0,1,1,4294967295
tl_coralM,56060,1552,0,0,256,256,0,1,1,4294967295
tl_coralM,56060,1808,0,0,256,256,0,1,1,4294967295
tl_coralM,55996,2064,0,0,256,256,0,1,1,4294967295
tl_coralM,56316,1552,0,0,256,256,0,1,1,4294967295
tl_coralM,56444,1520,0,0,256,256,0,1,1,4294967295
tl_coralM,56572,1456,0,0,256,256,0,1,1,4294967295
tl_coralM,56700,1392,0,0,256,256,0,1,1,4294967295
tl_coralM,56828,1392,0,0,256,256,0,1,1,4294967295
tl_coralM,56956,1456,0,0,256,256,0,1,1,4294967295
tl_coralM,57084,1520,0,0,256,256,0,1,1,4294967295
tl_coralM,57212,1584,0,0,256,256,0,1,1,4294967295
tl_coralM,57464,1616,0,0,256,256,0,1,1,4294967295
tl_coralM,57596,1616,0,0,256,256,0,1,1,4294967295
tl_coralM,57788,1680,0,0,256,256,0,1,1,4294967295
tl_coralM,58044,1712,0,0,256,256,0,1,1,4294967295
tl_coralM,58300,1712,0,0,256,256,0,1,1,4294967295
tl_coralM,58464,1584,0,0,256,256,0,1,1,4294967295
tl_coralM,58528,1136,0,0,256,256,0,1,1,4294967295
tl_coralM,58528,1392,0,0,256,256,0,1,1,4294967295
tl_coralM,58720,1200,0,0,256,256,0,1,1,4294967295
tl_coralM,58852,1264,0,0,256,256,0,1,1,4294967295
tl_coralM,58784,1456,0,0,256,256,0,1,1,4294967295
tl_coralM,60280,628,0,0,256,256,0,1,1,4294967295
tl_coralM,60280,884,0,0,256,256,0,1,1,4294967295
tl_coralM,60472,692,0,0,256,256,0,1,1,4294967295
tl_coralM,60536,948,0,0,256,256,0,1,1,4294967295
tl_coralM,60724,788,0,0,256,256,0,1,1,4294967295
tl_coralM,60980,788,0,0,256,256,0,1,1,4294967295
tl_coralM,60792,-44,0,0,256,256,0,1,1,4294967295
tl_coralM2,60408,-60,0,0,128,128,0,1,1,4294967295
tl_coralM2,60472,-32,0,0,128,128,0,1,1,4294967295
tl_coralM2,60536,-12,0,0,128,128,0,1,1,4294967295
tl_coralM2,60600,12,0,0,128,128,0,1,1,4294967295
tl_coralM2,60664,60,0,0,128,128,0,1,1,4294967295
tl_coralM2,60664,-60,0,0,128,128,0,1,1,4294967295
tl_coralM,61048,-44,0,0,256,256,0,1,1,4294967295
tl_coralM,61112,-16,0,0,256,256,0,1,1,4294967295
tl_coralM,61172,240,0,0,256,256,0,1,1,4294967295
tl_coralM,61172,496,0,0,256,256,0,1,1,4294967295
tl_coralM,61164,752,0,0,256,256,0,1,1,4294967295
tl_coralM2,58992,732,0,0,128,128,0,1,1,4294967295
tl_coralM2,58352,740,0,0,128,128,0,1,1,4294967295
tl_coralM2,58472,748,0,0,128,128,0,1,1,4294967295
tl_coralM2,58600,764,0,0,128,128,0,1,1,4294967295
tl_coralM2,58728,760,0,0,128,128,0,1,1,4294967295
tl_coralM2,58924,760,0,0,128,128,0,1,1,4294967295
tl_coralM2,58848,752,0,0,128,128,0,1,1,4294967295
tl_coralM,59108,1328,0,0,256,256,0,1,1,4294967295
tl_coralM,59364,1360,0,0,256,256,0,1,1,4294967295
tl_coralM,59620,1360,0,0,256,256,0,1,1,4294967295
tl_coralM,59744,1328,0,0,256,256,0,1,1,4294967295
tl_coralM,59872,1264,0,0,256,256,0,1,1,4294967295
tl_coralM,60060,1200,0,0,256,256,0,1,1,4294967295
tl_coralM,60316,1168,0,0,256,256,0,1,1,4294967295
tl_coralM,62072,920,0,0,256,256,0,1,1,4294967295
tl_coralM,62136,920,0,0,256,256,0,1,1,4294967295
tl_coralM,62072,664,0,0,256,256,0,1,1,4294967295
tl_coralM,62136,664,0,0,256,256,0,1,1,4294967295
tl_coralM,62072,408,0,0,256,256,0,1,1,4294967295
tl_coralM,62136,408,0,0,256,256,0,1,1,4294967295
tl_coralM,62856,932,0,0,256,256,0,1,1,4294967295
tl_coralM,63112,932,0,0,256,256,0,1,1,4294967295
tl_coralM,63312,996,0,0,256,256,0,1,1,4294967295
tl_coralM,63432,1060,0,0,256,256,0,1,1,4294967295
tl_coralM,63688,1092,0,0,256,256,0,1,1,4294967295
tl_coralM,63816,1092,0,0,256,256,0,1,1,4294967295
tl_coralM,64008,1156,0,0,256,256,0,1,1,4294967295
tl_coralM,64136,1220,0,0,256,256,0,1,1,4294967295
tl_coralM,64392,1252,0,0,256,256,0,1,1,4294967295
tl_coralM,64648,1252,0,0,256,256,0,1,1,4294967295
tl_coralM,64904,1252,0,0,256,256,0,1,1,4294967295
tl_coralM,65160,1252,0,0,256,256,0,1,1,4294967295
tl_coralM,65416,1252,0,0,256,256,0,1,1,4294967295
tl_coralM,65672,1252,0,0,256,256,0,1,1,4294967295
tl_coralM,65928,1252,0,0,256,256,0,1,1,4294967295
tl_coralM,62856,1188,0,0,256,256,0,1,1,4294967295
tl_coralM,62536,1380,0,0,256,256,0,1,1,4294967295
tl_coralM,62280,1380,0,0,256,256,0,1,1,4294967295
tl_coralM,62024,1380,0,0,256,256,0,1,1,4294967295
tl_coralM,62792,1444,0,0,256,256,0,1,1,4294967295
tl_coralM,61496,1728,0,0,256,256,0,1,1,4294967295
tl_coralM,61704,1728,0,0,256,256,0,1,1,4294967295
tl_coralM,62024,1636,0,0,256,256,0,1,1,4294967295
tl_coralM,61960,1828,0,0,256,256,0,1,1,4294967295
tl_coralM,61244,1792,0,0,256,256,0,1,1,4294967295
tl_coralM,61176,1536,0,0,256,256,0,1,1,4294967295
tl_coralM,61112,1008,0,0,256,256,0,1,1,4294967295
tl_coralM,61112,1264,0,0,256,256,0,1,1,4294967295
tl_coralM,61112,1452,0,0,256,256,0,1,1,4294967295
tl_coralM,60792,1044,0,0,256,256,0,1,1,4294967295
tl_coralM,60856,1044,0,0,256,256,0,1,1,4294967295
tl_coralM,60572,1204,0,0,256,256,0,1,1,4294967295
tl_coralM2S,53620,1868,0,0,64,64,0,1,1,4294967295
tl_coralM2S,53684,1884,0,0,64,64,0,1,1,4294967295
tl_coralM2S,53748,1916,0,0,64,64,0,1,1,4294967295
tl_coralM2S,53816,1916,0,0,64,64,0,1,1,4294967295
tl_coralM2S,53880,1904,0,0,64,64,0,1,1,4294967295
tl_coralM2S,53944,1900,0,0,64,64,0,1,1,4294967295
tl_coralM2S,54008,1900,0,0,64,64,0,1,1,4294967295
tl_coralM2S,53784,1912,0,0,64,64,0,1,1,4294967295
tl_coralM2,54640,432,0,0,128,128,0,1,1,4294967295
tl_coralM2,54768,432,0,0,128,128,0,1,1,4294967295
tl_coralM,62072,152,0,0,256,256,0,1,1,4294967295
tl_coralM,62072,0,0,0,256,256,0,1,1,4294967295
tl_coralM,54480,-60,0,0,256,256,0,1,1,4294967295
tl_coralM2,54816,68,0,0,128,128,0,1,1,4294967295
tl_coralM2,54912,76,0,0,128,128,0,1,1,4294967295
tl_coralM2,55024,28,0,0,128,128,0,1,1,4294967295
tl_coralM2,55120,-28,0,0,128,128,0,1,1,4294967295
tl_coralM2,54992,-4,0,0,128,128,0,1,1,4294967295
tl_coralM2,55248,-100,0,0,128,128,0,1,1,4294967295
tl_coralM2,55376,-96,0,0,128,128,0,1,1,4294967295
tl_coralM2,55504,-68,0,0,128,128,0,1,1,4294967295
tl_coralM2,55632,-56,0,0,128,128,0,1,1,4294967295
tl_coralM2,55664,-60,0,0,128,128,0,1,1,4294967295
tl_coralF,51796,1376,0,0,94,64,0,1,1,4294967295
tl_coralF,51988,1280,0,0,94,64,0,1,1,4294967295
tl_coralG,46336,1044,0,0,208,70,0,1,1,4294967295
tl_coralG,46788,556,0,0,208,70,0,1,1,4294967295
tl_coralG,61784,1600,0,0,208,70,0,1,1,4294967295
tl_coralG,61576,1600,0,0,208,70,0,1,1,4294967295
tl_coralG,61368,1600,0,0,208,70,0,1,1,4294967295
tl_coralG,55276,1972,0,0,208,70,0,1,1,4294967295
tl_coralG,55484,1972,0,0,208,70,0,1,1,4294967295
tl_coralG,53680,1812,0,0,208,70,0,1,1,4294967295
tl_coralG,53888,1812,0,0,208,70,0,1,1,4294967295
tl_coralG,50612,924,0,0,208,70,0,1,1,4294967295
tl_coralF,55440,468,0,0,94,64,0,1,1,4294967295
