objGREENWaterFB2,84,1476,002B1BAE,0,1,1,4294967295,0,0
objGREENWaterFB2,84,1668,0013B1D2,0,1,1,4294967295,0,0
objGREENWaterFB2,35128,0,001E0404,0,1,1,4294967295,0,0
objGREENWaterFB2,35128,192,003FEA60,0,1,1,4294967295,0,0
objGREENWaterFB2,35128,384,00256F3F,0,1,1,4294967295,0,0
objGREENWaterFB2,35128,576,000AEFEF,0,1,1,4294967295,0,0
objGREENWaterFB2,35128,768,00039E15,0,1,1,4294967295,0,0
objGREENWaterFB2,35128,960,00013A8B,0,1,1,4294967295,0,0
objGREENWaterFB2,35128,1152,002E9A9D,0,1,1,4294967295,0,0
objGREENWaterFB2,35128,1344,00077F79,0,1,1,4294967295,0,0
objGREENWaterFB2,35128,1536,0029FE1E,0,1,1,4294967295,0,0
objGREENWaterFB2,35128,1728,003493CD,0,1,1,4294967295,0,0
objGREENWaterFB2,35128,1920,000FB516,0,1,1,4294967295,0,0
objGREENWaterFB2,34540,-8,0027D51F,0,1,1,4294967295,0,0
objGREENWaterFB2,34540,184,00068318,0,1,1,4294967295,0,0
objGREENWaterFB2,34540,376,002EE339,0,1,1,4294967295,0,0
objGREENWaterFB2,34540,568,000C6175,0,1,1,4294967295,0,0
objGREENWaterFB2,34540,760,001F3C1C,0,1,1,4294967295,0,0
objGREENWaterFB2,34540,952,003AA0F4,0,1,1,4294967295,0,0
objGREENWaterFB2,34540,1144,001D266D,0,1,1,4294967295,0,0
objGREENWaterFB2,34540,1336,0021D1C4,0,1,1,4294967295,0,0
objGREENWaterFB2,34540,1528,002224C2,0,1,1,4294967295,0,0
objGREENWaterFB2,34540,1720,000569BC,0,1,1,4294967295,0,0
objGREENWaterFB2,34540,1912,00154FE0,0,1,1,4294967295,0,0
objGREENWaterFB2,10336,1420,001C8A92,0,1,1,4294967295,0,0
objGREENWaterFB2,10336,1228,003DBFAD,0,1,1,4294967295,0,0
objGREENWaterFB2,10336,1036,001C6D6F,0,1,1,4294967295,0,0
objGREENWaterFB2,10336,844,000EBD81,0,1,1,4294967295,0,0
objGREENWaterFB2,10336,652,002F8686,0,1,1,4294967295,0,0
objGREENWaterFB2,10336,460,00343CE7,0,1,1,4294967295,0,0
objGREENWaterFB2,10336,268,0012D781,0,1,1,4294967295,0,0
objWhoosh,39528,1244,00006960,0,1,1,4294967295,0,0
objWhoosh,39908,1244,00057718,0,1,1,4294967295,0,0
objWhoosh,40296,1240,0004DA9C,0,1,1,4294967295,0,0
objWhoosh,40680,1240,001CB926,0,1,1,4294967295,0,0
objGoal,66264,1552,0033E536,0,1,1,4294967295,0,0
objSwirlPlat,39336,1228,001B6220,0,1,1,4294967295,0,0
objSwirlPlat,39720,1228,00159AA8,0,1,1,4294967295,0,0
objSwirlPlat,40104,1228,0039BE74,0,1,1,4294967295,0,0
objSwirlPlat,40488,1228,002A4DC1,0,1,1,4294967295,0,0
objNegaBuzzer,572,1540,0039D908,0,1,1,4294967295,0,0
objMonitorRings,568,1684,000487F2,0,1,1,4294967295,0,0
objWarningSign,2452,1924,002E197B,0,1,1,4294967295,0,0
objNegaStandard,2504,1932,00069DD2,0,1,1,4294967295,0,0
objNegaStandard,2736,1932,003D9382,0,1,1,4294967295,0,0
objNegaStandard,2944,1932,003C2076,0,1,1,4294967295,0,0
objNegaStandard,3144,1932,003C94CB,0,1,1,4294967295,0,0
objNegaStandard,3316,1932,00379D55,0,1,1,4294967295,0,0
objJumpSign,4316,1864,00270BF1,0,1,1,4294967295,0,0
objPoleGrab,5512,1872,002B0F65,0,1,1,4294967295,0,0
objPoleGrab,5512,1736,002203DE,0,1,1,4294967295,0,0
objPoleGrab,5512,1612,0031541E,0,1,1,4294967295,0,0
objPoleGrab,5512,1492,003D00E6,0,1,1,4294967295,0,0
objRailEnd,4348,1828,001E049D,0,1,1,4294967295,0,0
objRailLong,4396,1828,002959FC,0,1,1,4294967295,0,0
objRailLong,4536,1828,00195696,0,1,1,4294967295,0,0
object658,4678,1827,001B937A,0,1,1,4294967295,0,0
object645,4716,1748,003B695C,0,1,1,4294967295,0,0
object645,4716,1700,0036CC29,0,1,1,4294967295,0,0
object645,4716,1652,000EF7BC,0,1,1,4294967295,0,0
objDasherLeft,5656,1380,001ED6A8,0,1,1,4294967295,0,0
objSpecialRing,4776,1520,003BF79C,0,1,1,4294967295,0,0
objTrickJump,8864,1716,00009372,0,1,1,4294967295,0,0
objTestDuck,11304,1592,0011BBA3,0,1,1,4294967295,0,0
objTestDuck,11408,1592,001E3043,0,1,1,4294967295,0,0
objSpringUp,11612,1592,00075FC7,0,1,1,4294967295,0,0
objRailEnd,7252,1376,00380B45,0,1,1,4294967295,0,0
objRailLong,7300,1376,00148BE2,0,1,1,4294967295,0,0
objRailLong,7444,1376,0008A242,0,1,1,4294967295,0,0
objRailLong,7588,1376,002AD3EB,0,1,1,4294967295,0,0
objRailLong,7732,1376,003136C6,0,1,1,4294967295,0,0
objRailLong,8116,1456,001C88F1,0,1,1,4294967295,0,0
objRailDown,7876,1376,003A9570,0,1,1,4294967295,0,0
objRailDown,7924,1392,002E42C8,0,1,1,4294967295,0,0
objRailDown,7972,1408,0034CA4D,0,1,1,4294967295,0,0
objRailDown,8020,1424,001A1DBD,0,1,1,4294967295,0,0
objRailDown,8068,1440,0036A782,0,1,1,4294967295,0,0
objRailLong,8260,1456,00253DE8,0,1,1,4294967295,0,0
objRailLong,8404,1456,00266CD0,0,1,1,4294967295,0,0
objRailLong,8548,1456,003C2B6D,0,1,1,4294967295,0,0
objRailEnd2,8692,1456,000139B6,0,1,1,4294967295,0,0
objRampJump,8676,1424,001C8D54,0,1,1,4294967295,0,0
objRailEnd,10092,1288,00085DB4,0,1,1,4294967295,0,0
objRailLong,10140,1288,000A684A,0,1,1,4294967295,0,0
objRailLong,10284,1288,00255140,0,1,1,4294967295,0,0
objRailLong,10428,1288,001E7B5B,0,1,1,4294967295,0,0
objRailLong,10572,1288,002D0F1E,0,1,1,4294967295,0,0
objRailDown,10716,1288,002A47D8,0,1,1,4294967295,0,0
objRailDown,10764,1304,003DA023,0,1,1,4294967295,0,0
objRailDown,10812,1320,00140940,0,1,1,4294967295,0,0
objRailDown,10860,1336,0038BD3A,0,1,1,4294967295,0,0
objRailDown,10908,1352,00361134,0,1,1,4294967295,0,0
objRailDown,10956,1368,00316188,0,1,1,4294967295,0,0
objRailDown,11004,1384,001AB5DF,0,1,1,4294967295,0,0
objRailLong,11148,1432,002997D5,0,1,1,4294967295,0,0
objRailDown,11052,1400,002D893A,0,1,1,4294967295,0,0
objRailDown,11100,1416,001B891A,0,1,1,4294967295,0,0
objRailEnd2,11292,1432,00349B98,0,1,1,4294967295,0,0
objLayerSwitch,12500,1172,0025DDBA,0,1,1,4294967295,0,0
objLayerToHigh,12760,1400,00091823,0,1,1,4294967295,0,0
objLayerToHigh,12760,1352,0028B80A,0,1,1,4294967295,0,0
objLayerToHigh,12760,1448,000AB271,0,1,1,4294967295,0,0
objLayerToLow,12240,1428,00241DD4,0,1,1,4294967295,0,0
objLayerToLow,12240,1476,00115A27,0,1,1,4294967295,0,0
objLayerToLow,12240,1380,000686AB,0,1,1,4294967295,0,0
objSmRamp,15600,1500,0009A4C2,0,1,1,4294967295,0,0
objWarningSign,15580,1484,001154B1,0,1,1,4294967295,0,0
objTestDuck,11440,1592,0028125C,0,1,1,4294967295,0,0
objZip,21284,1828,00119051,0,1,1,4294967295,0,0
objZip,22016,1828,002C1CCF,0,1,1,4294967295,0,0
objHandleLR,21284,1852,00279023,0,1,1,4294967295,0,0
objSpringHook,22104,1904,0003BC24,0,1,1,4294967295,0,0
objSprike,22300,1636,0038C0C9,0,1,1,4294967295,0,0
objSprike,22108,1292,001DA2AA,0,1,1,4294967295,0,0
objSprike,22352,1020,0036B5E8,0,1,1,4294967295,0,0
objSprike,22072,760,002C844D,0,1,1,4294967295,0,0
objSprike,22392,416,0024DB76,0,1,1,4294967295,0,0
objCheckpointOpen,14416,1433,002C70EA,0,1,1,4294967295,0,0
objRailLong,24080,88,003507D5,0,1,1,4294967295,0,0
objRailLong,24224,88,00159948,0,1,1,4294967295,0,0
objRailLong,24324,88,003ECAD3,0,1,1,4294967295,0,0
objRailEnd,24052,88,000DEBC1,0,1,1,4294967295,0,0
objSpikeBall,24028,108,00384F39,0,1,1,4294967295,0,0
object644,24552,128,00094F0A,0,1,1,4294967295,0,0
object656,24513,88,003BFD03,0,1,1,4294967295,0,0
objRailMain,24468,88,0011DEA2,0,1,1,4294967295,0,0
object644,24552,176,000AE895,0,1,1,4294967295,0,0
object644,24552,224,001F85D3,0,1,1,4294967295,0,0
object644,24552,272,00316177,0,1,1,4294967295,0,0
object644,24552,316,00265A15,0,1,1,4294967295,0,0
object644,24552,360,0021A8D8,0,1,1,4294967295,0,0
object644,24552,408,00119808,0,1,1,4294967295,0,0
object644,24552,452,0033991F,0,1,1,4294967295,0,0
object644,24552,500,00271336,0,1,1,4294967295,0,0
object644,24552,548,00013664,0,1,1,4294967295,0,0
object644,24552,592,000AF1D4,0,1,1,4294967295,0,0
object644,24552,636,00212559,0,1,1,4294967295,0,0
object644,24552,680,003DE65D,0,1,1,4294967295,0,0
object644,24552,728,003CB595,0,1,1,4294967295,0,0
object644,24552,776,0022BA5A,0,1,1,4294967295,0,0
object644,24552,824,00020DA5,0,1,1,4294967295,0,0
object644,24552,872,002A302A,0,1,1,4294967295,0,0
object644,24552,920,00380BE7,0,1,1,4294967295,0,0
object644,24552,968,003F831B,0,1,1,4294967295,0,0
object644,24552,1016,00371F53,0,1,1,4294967295,0,0
object644,24552,1060,0018F598,0,1,1,4294967295,0,0
object644,24552,1108,003A4276,0,1,1,4294967295,0,0
object644,24552,1156,0033C6C2,0,1,1,4294967295,0,0
object644,24552,1200,0002256D,0,1,1,4294967295,0,0
object644,24552,1244,000174BB,0,1,1,4294967295,0,0
object644,24552,1292,001A6ED2,0,1,1,4294967295,0,0
object644,24552,1340,003259FE,0,1,1,4294967295,0,0
object644,24552,1388,0008603B,0,1,1,4294967295,0,0
object644,24552,1436,000FF2D9,0,1,1,4294967295,0,0
object644,24552,1484,00307282,0,1,1,4294967295,0,0
object644,24552,1532,00080D49,0,1,1,4294967295,0,0
object644,24552,1580,00309F70,0,1,1,4294967295,0,0
object644,24552,1628,0033A42E,0,1,1,4294967295,0,0
object657,24552,1675,0037BFE3,0,1,1,4294967295,0,0
objRailLong,24596,1708,001CDAB7,0,1,1,4294967295,0,0
objRailLong,24740,1708,00201865,0,1,1,4294967295,0,0
objRailLong,24884,1708,00383F71,0,1,1,4294967295,0,0
objRailLong,25028,1708,002BA2DB,0,1,1,4294967295,0,0
objRailLong,25172,1708,0006EDF1,0,1,1,4294967295,0,0
objRailLong,25316,1708,001E7F7E,0,1,1,4294967295,0,0
objRailLong,25460,1708,0021EB5A,0,1,1,4294967295,0,0
objRailLong,24748,1964,002CC64A,0,1,1,4294967295,0,0
objRailLong,24892,1964,00148A7F,0,1,1,4294967295,0,0
objRailDown2,25036,1948,0039FDC0,0,1,1,4294967295,0,0
objRailDown2,25084,1932,0011B6EE,0,1,1,4294967295,0,0
objRailDown2,25132,1916,0013ACEA,0,1,1,4294967295,0,0
objRailDown2,25180,1900,00359437,0,1,1,4294967295,0,0
objRailDown2,25228,1884,0018B800,0,1,1,4294967295,0,0
objRailDown2,25276,1868,0009FE06,0,1,1,4294967295,0,0
objRailLong,25324,1868,0024BD15,0,1,1,4294967295,0,0
objRailLong,25468,1868,0007EC0B,0,1,1,4294967295,0,0
objRailLong,25612,1868,0033B917,0,1,1,4294967295,0,0
objRailLong,25756,1868,003A751D,0,1,1,4294967295,0,0
objRailLong,25900,1868,0025CE53,0,1,1,4294967295,0,0
objRailEnd2,26044,1868,0015B1F6,0,1,1,4294967295,0,0
objRailLong,25604,1708,00014110,0,1,1,4294967295,0,0
objRailLong,25748,1708,0008DC83,0,1,1,4294967295,0,0
objRailLong,25892,1708,002BF1D5,0,1,1,4294967295,0,0
objRailLong,26036,1708,001FCC15,0,1,1,4294967295,0,0
objRailLong,26180,1708,00316ED1,0,1,1,4294967295,0,0
objRailLong,26324,1708,0022257F,0,1,1,4294967295,0,0
objRailLong,26468,1708,0000F932,0,1,1,4294967295,0,0
objRailLong,26612,1708,002A10C1,0,1,1,4294967295,0,0
objRailLong,26392,1868,001E5FA4,0,1,1,4294967295,0,0
objRailLong,26536,1868,0022BC7A,0,1,1,4294967295,0,0
objRailLong,26680,1868,00170908,0,1,1,4294967295,0,0
objRailLong,26824,1868,00034FBC,0,1,1,4294967295,0,0
objRailLong,26968,1868,0035AADD,0,1,1,4294967295,0,0
objRailLong,27112,1868,000619EF,0,1,1,4294967295,0,0
objRailEnd,26348,1868,0008BFEA,0,1,1,4294967295,0,0
objRailLong,26756,1708,001B5FF1,0,1,1,4294967295,0,0
objRailLong,26900,1708,001BE977,0,1,1,4294967295,0,0
objRailLong,27256,1868,000EAE8D,0,1,1,4294967295,0,0
objRailLong,27400,1868,003F2FF8,0,1,1,4294967295,0,0
objJustAnArrow,24608,80,00022111,0,1,1,4294967295,0,0
objInvWall,-28,1728,002DCE8F,0,1,1,4294967295,0,0
objInvWall,-28,1600,002E5130,0,1,1,4294967295,0,0
objInvWall,-28,1472,001942D0,0,1,1,4294967295,0,0
objInvWall,-28,1344,0004873E,0,1,1,4294967295,0,0
objInvWall,-28,1216,0002B900,0,1,1,4294967295,0,0
objInvWall,-28,1088,0007672B,0,1,1,4294967295,0,0
objInvWall,-28,960,000FDFDB,0,1,1,4294967295,0,0
objInvWall,-28,832,00203EBF,0,1,1,4294967295,0,0
objInvWall,-28,704,0032B8BB,0,1,1,4294967295,0,0
objInvWall,-28,576,002E81F6,0,1,1,4294967295,0,0
objRailEnd2,27044,1708,00112A0F,0,1,1,4294967295,0,0
objPoleTwirl,27732,1172,00212BE6,0,1,1,4294967295,0,0
objPoleTwirl,27892,1172,0022F53B,0,1,1,4294967295,0,0
objPoleTwirl,27892,1252,001E5DC8,0,1,1,4294967295,0,0
objPoleTwirl,28048,1172,002CA2EA,0,1,1,4294967295,0,0
objPoleTwirl,28048,1252,0006CB1F,0,1,1,4294967295,0,0
objPoleTwirl,27732,1252,003CD102,0,1,1,4294967295,0,0
objPoleTwirl,27892,1332,002D67EB,0,1,1,4294967295,0,0
objPoleTwirl,27732,1332,002F6E37,0,1,1,4294967295,0,0
objPoleTwirl,27892,1412,001FCEBE,0,1,1,4294967295,0,0
objPoleTwirl,28048,1332,003174EE,0,1,1,4294967295,0,0
objPoleTwirl,28048,1412,00137FE7,0,1,1,4294967295,0,0
objPoleTwirl,28048,1492,0025E58F,0,1,1,4294967295,0,0
object586,27544,1868,001A2256,0,1,1,4294967295,0,0
object586,27688,1916,000C4D57,0,1,1,4294967295,0,0
objRailLong,27832,1964,002DD7B0,0,1,1,4294967295,0,0
objRailLong,27976,1964,00038924,0,1,1,4294967295,0,0
objRailLong,28120,1964,0019C0B8,0,1,1,4294967295,0,0
objRailLong,28264,1964,001B0A4D,0,1,1,4294967295,0,0
objRailLong,28408,1964,00320764,0,1,1,4294967295,0,0
objRailLong,28552,1964,0006113E,0,1,1,4294967295,0,0
objRailLong,28696,1964,00314BEA,0,1,1,4294967295,0,0
objRailLong,28840,1964,000688DC,0,1,1,4294967295,0,0
objDuckSign,28164,1924,001CAE65,0,1,1,4294967295,0,0
objRailLong,28984,1964,0034D1CC,0,1,1,4294967295,0,0
objRailLong,29128,1964,002D91A2,0,1,1,4294967295,0,0
objRailLong,29272,1964,000AEA1F,0,1,1,4294967295,0,0
objRailLong,29416,1964,002F17BB,0,1,1,4294967295,0,0
objRailLong,29560,1964,0030C7EC,0,1,1,4294967295,0,0
objRailLong,29704,1964,00338A7C,0,1,1,4294967295,0,0
objRailLong,29848,1964,00050FC6,0,1,1,4294967295,0,0
objRailLong,29992,1964,00230D61,0,1,1,4294967295,0,0
objRailLong,30136,1964,00192BD2,0,1,1,4294967295,0,0
objRailLong,30280,1964,003DA732,0,1,1,4294967295,0,0
objRailLong,30424,1964,0024BDC1,0,1,1,4294967295,0,0
objRailDown2,30568,1948,000E9D44,0,1,1,4294967295,0,0
objRailDown2,30616,1932,0014CF7B,0,1,1,4294967295,0,0
objRailDown2,30664,1916,00193CC2,0,1,1,4294967295,0,0
objRailDown2,30712,1900,001ADB56,0,1,1,4294967295,0,0
objRailDown2,30760,1884,003BC350,0,1,1,4294967295,0,0
objRailLong,30808,1884,00251F82,0,1,1,4294967295,0,0
objRailLong,30952,1884,00134412,0,1,1,4294967295,0,0
objRailLong,31096,1884,0032A7BA,0,1,1,4294967295,0,0
objRailLong,31240,1884,000B122F,0,1,1,4294967295,0,0
objRailLong,31384,1884,0035B77C,0,1,1,4294967295,0,0
objRailLong,31528,1884,0010E6D4,0,1,1,4294967295,0,0
objRailLong,31672,1884,000C19EF,0,1,1,4294967295,0,0
objRailEnd2,31816,1884,000D0184,0,1,1,4294967295,0,0
objExtended,10309,1950,002B4593,0,1,1,4294967295,0,0
objNegaGUN,18750,1764,002646A9,0,1,1,4294967295,0,0
objNegaGUN,19100,1764,000811E8,0,1,1,4294967295,0,0
objNegaGUN,19450,1764,0000B896,0,1,1,4294967295,0,0
objWarningSign,18680,1760,0004D2A8,0,1,1,4294967295,0,0
objTramp,33616,1190,00078CBE,0,1,1,4294967295,0,0
objTramp,33556,1190,003B97D6,0,1,1,4294967295,0,0
objTramp,33496,1190,00077C25,0,1,1,4294967295,0,0
objPoleGrab,33640,812,00329623,0,1,1,4294967295,0,0
objSpringDiagonalTR,33636,1556,00064350,0,1,1,4294967295,0,0
objSpringDiagonalTL,32576,1740,0018B5F2,0,1,1,4294967295,0,0
objCheckpointOpen,29900,1452,001E3F83,0,1,1,4294967295,0,0
objDasherRight,33428,1732,00130973,0,1,1,4294967295,0,0
objDasherLeft,32752,1912,00160C74,0,1,1,4294967295,0,0
objDasherLeft,32784,1552,00094DAC,0,1,1,4294967295,0,0
objDasherLeft,32108,1552,0006C207,0,1,1,4294967295,0,0
objTripper,32600,1204,001F67AE,0,1,1,4294967295,0,0
objTrickJump,36972,1176,002B6AC8,0,1,1,4294967295,0,0
objSprike,35640,1504,00015AC8,0,1,1,4294967295,0,0
object656,40890,1336,0017BE44,0,1,1,4294967295,0,0
object644,40928,1376,00120051,0,1,1,4294967295,0,0
object644,40928,1424,00118157,0,1,1,4294967295,0,0
object644,40928,1472,00295C6B,0,1,1,4294967295,0,0
object644,40928,1520,00381E26,0,1,1,4294967295,0,0
object657,40928,1567,00315B85,0,1,1,4294967295,0,0
objRailLong,40972,1600,002765BB,0,1,1,4294967295,0,0
objRailLong,41116,1600,0007E0F0,0,1,1,4294967295,0,0
objRailLong,41260,1600,001FAA19,0,1,1,4294967295,0,0
objRailLong,41404,1600,002CF857,0,1,1,4294967295,0,0
objRailLong,41548,1600,0000A722,0,1,1,4294967295,0,0
objRailLong,41692,1600,0029A9EB,0,1,1,4294967295,0,0
objRailLong,41836,1600,0003401A,0,1,1,4294967295,0,0
object656,41978,1600,0013B27C,0,1,1,4294967295,0,0
object644,42016,1640,003DFC79,0,1,1,4294967295,0,0
object644,42016,1688,000C7483,0,1,1,4294967295,0,0
object644,42016,1736,0021DA7D,0,1,1,4294967295,0,0
object644,42016,1784,00334112,0,1,1,4294967295,0,0
object657,42016,1831,0034D5C6,0,1,1,4294967295,0,0
objRailLong,42060,1864,003032A2,0,1,1,4294967295,0,0
objRailLong,42204,1864,003A8D01,0,1,1,4294967295,0,0
objRailLong,42348,1864,0003F58A,0,1,1,4294967295,0,0
objRailLong,42492,1864,001E8ACB,0,1,1,4294967295,0,0
objRailLong,42636,1864,0030A78A,0,1,1,4294967295,0,0
objRailLong,42780,1864,0003B0B9,0,1,1,4294967295,0,0
objRailLong,42924,1864,0018272E,0,1,1,4294967295,0,0
objRailLong,43068,1864,00057775,0,1,1,4294967295,0,0
objRailLong,43212,1864,002A8111,0,1,1,4294967295,0,0
objRailLong,43356,1864,00099365,0,1,1,4294967295,0,0
objRailLong,43500,1864,000A7751,0,1,1,4294967295,0,0
objRailLong,43644,1864,00042148,0,1,1,4294967295,0,0
objRailLong,43788,1864,00311877,0,1,1,4294967295,0,0
objRailLong,43932,1864,00288B97,0,1,1,4294967295,0,0
objRailLong,44076,1864,00066A30,0,1,1,4294967295,0,0
objRailLong,44220,1864,003392AE,0,1,1,4294967295,0,0
objRailLong,44364,1864,00327E36,0,1,1,4294967295,0,0
objRailLong,44508,1864,002E83DA,0,1,1,4294967295,0,0
objRailLong,44652,1864,0007C313,0,1,1,4294967295,0,0
objRailLong,44796,1864,0037D92D,0,1,1,4294967295,0,0
objRailLong,44940,1864,0034B951,0,1,1,4294967295,0,0
objRailLong,45084,1864,003849C5,0,1,1,4294967295,0,0
objRailLong,45224,1864,0007392F,0,1,1,4294967295,0,0
objRailLong,45368,1864,002B9B1B,0,1,1,4294967295,0,0
objRailLong,45512,1864,00265D76,0,1,1,4294967295,0,0
objRailLong,45656,1864,0030F58F,0,1,1,4294967295,0,0
objRailLong,45800,1864,001669CA,0,1,1,4294967295,0,0
objRailLong,45944,1864,0036C12A,0,1,1,4294967295,0,0
objRailLong,46088,1864,000E5B4D,0,1,1,4294967295,0,0
objRailLong,46232,1864,002C55E5,0,1,1,4294967295,0,0
objRailLong,46376,1864,003DD553,0,1,1,4294967295,0,0
objRailLong,46520,1864,0030BCDE,0,1,1,4294967295,0,0
objRailLong,46664,1864,003599DE,0,1,1,4294967295,0,0
objRailLong,46808,1864,0021B9BD,0,1,1,4294967295,0,0
objRailLong,46952,1864,003E77B1,0,1,1,4294967295,0,0
objRailLong,47096,1864,003422C4,0,1,1,4294967295,0,0
objRailLong,47240,1864,001F50A0,0,1,1,4294967295,0,0
objRailLong,47384,1864,00362C02,0,1,1,4294967295,0,0
objRailLong,47528,1864,0028648C,0,1,1,4294967295,0,0
objRailLong,47672,1864,00207F7B,0,1,1,4294967295,0,0
objRailLong,47816,1864,001C2E62,0,1,1,4294967295,0,0
objRailLong,47960,1864,000641B0,0,1,1,4294967295,0,0
objRailLong,48104,1864,003AD902,0,1,1,4294967295,0,0
objRailLong,48248,1864,002820DC,0,1,1,4294967295,0,0
objRailLong,48392,1864,0020BF3E,0,1,1,4294967295,0,0
objRailLong,48536,1864,00097D3D,0,1,1,4294967295,0,0
objRailLong,48680,1864,000B9D9B,0,1,1,4294967295,0,0
objRailLong,48824,1864,002D9D14,0,1,1,4294967295,0,0
objRailLong,48968,1864,000BDD23,0,1,1,4294967295,0,0
objRailLong,49112,1864,0001AFD3,0,1,1,4294967295,0,0
objRailLong,49256,1864,00193C06,0,1,1,4294967295,0,0
objRailLong,49400,1864,001883AD,0,1,1,4294967295,0,0
objRailLong,49544,1864,000CBEB0,0,1,1,4294967295,0,0
objRailLong,49688,1864,00156A47,0,1,1,4294967295,0,0
objRailLong,49832,1864,003C5174,0,1,1,4294967295,0,0
objRailLong,49976,1864,0010EAF7,0,1,1,4294967295,0,0
objRailLong,50120,1864,0036F5BF,0,1,1,4294967295,0,0
objRailLong,50264,1864,00117BA5,0,1,1,4294967295,0,0
objRailLong,50408,1864,003FD773,0,1,1,4294967295,0,0
objRailLong,50552,1864,003133C8,0,1,1,4294967295,0,0
objRailLong,50696,1864,0028922E,0,1,1,4294967295,0,0
objRailLong,50840,1864,000643A4,0,1,1,4294967295,0,0
objRailLong,50984,1864,003CB90B,0,1,1,4294967295,0,0
object658,51126,1863,00096980,0,1,1,4294967295,0,0
object644,51164,1784,000AD727,0,1,1,4294967295,0,0
object644,51164,1736,00217B02,0,1,1,4294967295,0,0
object644,51164,1688,002711C8,0,1,1,4294967295,0,0
object644,51164,1640,0021ABF8,0,1,1,4294967295,0,0
object644,51164,1592,00014076,0,1,1,4294967295,0,0
object644,51164,1544,0037F2AC,0,1,1,4294967295,0,0
object644,51164,1496,000DC3A2,0,1,1,4294967295,0,0
object644,51164,1448,0030BC5D,0,1,1,4294967295,0,0
object644,51164,1400,00304106,0,1,1,4294967295,0,0
object644,51164,1352,00036BAB,0,1,1,4294967295,0,0
object644,51164,1304,001A55D8,0,1,1,4294967295,0,0
object644,51164,1256,001871B7,0,1,1,4294967295,0,0
object644,51164,1208,00114A1E,0,1,1,4294967295,0,0
object644,51164,1160,00279D49,0,1,1,4294967295,0,0
object644,51164,1112,002FF7C6,0,1,1,4294967295,0,0
object644,51164,1064,003F47CC,0,1,1,4294967295,0,0
object644,51164,1016,001E7F5D,0,1,1,4294967295,0,0
object644,51164,968,001D157B,0,1,1,4294967295,0,0
object644,51164,920,0019B36C,0,1,1,4294967295,0,0
object644,51164,872,0030D20F,0,1,1,4294967295,0,0
object644,51164,828,0026C06F,0,1,1,4294967295,0,0
objUpRail,51040,1644,003D0409,0,1,1,4294967295,0,0
objUpRail,51040,1344,000686D1,0,1,1,4294967295,0,0
objUpRail,51040,1044,00051768,0,1,1,4294967295,0,0
objUpRail,51040,824,0037A506,0,1,1,4294967295,0,0
objUpRailOff,51024,780,0028457E,0,1,1,4294967295,0,0
objUpRailOff,51208,780,00210EA8,0,1,1,4294967295,0,0
objUpRailOff,50824,780,0014D8BC,0,1,1,4294967295,0,0
objUpRailOff,50628,780,000FE5E9,0,1,1,4294967295,0,0
objChaserStop,49976,1736,00240AF7,0,1,1,4294967295,0,0
objChaserStop,49976,1528,0022BC02,0,1,1,4294967295,0,0
objChaserStop,49968,1984,0016FF44,0,1,1,4294967295,0,0
objChaserCreator,44480,1716,00249753,0,1,1,4294967295,0,0
objChaserCreator,44480,1448,00091CF9,0,1,1,4294967295,0,0
objChaserCreator,44480,1148,0012E85F,0,1,1,4294967295,0,0
objChopDestroyer,52448,1136,0014E7FC,0,1,1,4294967295,0,0
objChopperJCreator,51136,1600,000B8B91,0,1,1,4294967295,0,0
objChopperJSpd,51060,832,003DB51A,0,1,1,4294967295,0,0
objChopperChomp,51428,152,002E899A,0,1,1,4294967295,0,0
objSprike,35628,1868,002D2A5D,0,1,1,4294967295,0,0
objSprike,34376,1684,00387A77,0,1,1,4294967295,0,0
objSprike,34368,1324,0037E76C,0,1,1,4294967295,0,0
objRailLong,55716,536,0007966B,0,1,1,4294967295,0,0
objRailLong,55860,536,0031056D,0,1,1,4294967295,0,0
object658,56002,535,003C53FF,0,1,1,4294967295,0,0
object644,56040,456,0021DA23,0,1,1,4294967295,0,0
object644,56040,408,003EE22D,0,1,1,4294967295,0,0
object644,56040,360,0038B029,0,1,1,4294967295,0,0
objDasherLeft,55628,520,00150DCB,0,1,1,4294967295,0,0
objGravityWheel,57072,180,003CC984,0,1,1,4294967295,0,0
objSmRamp,59636,924,004014FF,0,1,1,4294967295,0,0
objSmRamp,59480,496,0017383C,0,1,1,4294967295,0,0
objDasherLeft,57340,504,001FFAE5,0,1,1,4294967295,0,0
objLayerSwitch,57960,172,00384EB5,0,1,1,4294967295,0,0
objLayerToLow,57696,468,0007B51F,0,1,1,4294967295,0,0
objLayerToLow,57696,420,002BB64E,0,1,1,4294967295,0,0
objLayerToLow,57696,372,0016212C,0,1,1,4294967295,0,0
objLayerToLow,57696,324,00029AFF,0,1,1,4294967295,0,0
objLayerToHigh,58216,468,003BE181,0,1,1,4294967295,0,0
objLayerToHigh,58216,420,0016F8A2,0,1,1,4294967295,0,0
objLayerToHigh,58216,372,000CDE8C,0,1,1,4294967295,0,0
objLayerToHigh,58216,324,00227F2F,0,1,1,4294967295,0,0
objSpike,57316,1948,003650EF,0,1,1,4294967295,0,0
objSpike,57348,1948,0036143F,0,1,1,4294967295,0,0
objSpike,57380,1948,003E41EB,0,1,1,4294967295,0,0
objSpike,57412,1948,003CB83F,0,1,1,4294967295,0,0
objSpike,57444,1948,003582ED,0,1,1,4294967295,0,0
objSpike,57476,1948,0006546E,0,1,1,4294967295,0,0
objSpike,57508,1948,0030C0F4,0,1,1,4294967295,0,0
objSpike,57540,1948,003C7D15,0,1,1,4294967295,0,0
objSpike,57572,1948,002BBA88,0,1,1,4294967295,0,0
objSpike,57604,1948,0035125C,0,1,1,4294967295,0,0
objSpike,57636,1948,00288AFA,0,1,1,4294967295,0,0
objSpike,57668,1948,001DD5A6,0,1,1,4294967295,0,0
objSpike,57700,1948,00002600,0,1,1,4294967295,0,0
objSpike,57732,1948,001D43A5,0,1,1,4294967295,0,0
objSpike,57764,1948,00141CCB,0,1,1,4294967295,0,0
objSpike,57796,1948,002EC6A9,0,1,1,4294967295,0,0
objSpike,57828,1948,001FEF93,0,1,1,4294967295,0,0
objSpike,57860,1948,00183A61,0,1,1,4294967295,0,0
objSpike,57892,1948,003FE006,0,1,1,4294967295,0,0
objSpike,57924,1948,00288329,0,1,1,4294967295,0,0
objSpike,57956,1948,000B9F27,0,1,1,4294967295,0,0
objSpike,57988,1948,0002F9D6,0,1,1,4294967295,0,0
objSpike,58020,1948,0023BC5B,0,1,1,4294967295,0,0
objSpike,58052,1948,0016F1C1,0,1,1,4294967295,0,0
objSpike,58084,1948,0025AD2D,0,1,1,4294967295,0,0
objSpike,58116,1948,003A1A64,0,1,1,4294967295,0,0
objSpike,58148,1948,0037187B,0,1,1,4294967295,0,0
objSpike,58180,1948,000E2C7D,0,1,1,4294967295,0,0
objSpike,58212,1948,0009C7F3,0,1,1,4294967295,0,0
objSpike,58244,1948,0011AF37,0,1,1,4294967295,0,0
objSpike,58276,1948,003AF8BD,0,1,1,4294967295,0,0
objSpike,58340,1948,0002773B,0,1,1,4294967295,0,0
objSpike,58308,1948,00133603,0,1,1,4294967295,0,0
objSpike,58372,1948,002B4C3F,0,1,1,4294967295,0,0
objSpike,58404,1948,0007FBE0,0,1,1,4294967295,0,0
objSpike,58436,1948,00261B53,0,1,1,4294967295,0,0
objSpike,58468,1948,003AD1B4,0,1,1,4294967295,0,0
objSpike,58500,1948,000B8F6C,0,1,1,4294967295,0,0
objSpike,58532,1948,00343AFD,0,1,1,4294967295,0,0
objSpike,58564,1948,003E6BE7,0,1,1,4294967295,0,0
objSpike,58596,1948,000FD01A,0,1,1,4294967295,0,0
objSpike,58660,1948,00348420,0,1,1,4294967295,0,0
objSpike,58628,1948,00356BA3,0,1,1,4294967295,0,0
objSpike,58692,1948,00357B66,0,1,1,4294967295,0,0
objSpike,58724,1948,001AABD8,0,1,1,4294967295,0,0
objSpike,58788,1948,0006200C,0,1,1,4294967295,0,0
objSpike,58756,1948,003D3A0F,0,1,1,4294967295,0,0
objSpike,58852,1948,0039A1B3,0,1,1,4294967295,0,0
objSpike,58820,1948,0004047D,0,1,1,4294967295,0,0
objSpike,58884,1948,00097D11,0,1,1,4294967295,0,0
objSpike,58916,1948,000F53E0,0,1,1,4294967295,0,0
objSpike,58948,1948,000D6AC7,0,1,1,4294967295,0,0
objSpike,58980,1948,0035EEE4,0,1,1,4294967295,0,0
objSpike,59012,1948,0008334C,0,1,1,4294967295,0,0
objSpike,59044,1948,002E1E7A,0,1,1,4294967295,0,0
objSpike,59076,1948,003DF3D6,0,1,1,4294967295,0,0
objSpike,59108,1948,002F2603,0,1,1,4294967295,0,0
objSpike,59140,1948,0032EC9F,0,1,1,4294967295,0,0
objSpike,59172,1948,003F6349,0,1,1,4294967295,0,0
objSpike,59204,1948,003D2085,0,1,1,4294967295,0,0
objSpike,59236,1948,001E74B8,0,1,1,4294967295,0,0
objSpike,59300,1948,001C5C8F,0,1,1,4294967295,0,0
objSpike,59268,1948,002610F8,0,1,1,4294967295,0,0
objSpike,59332,1948,003A4D1A,0,1,1,4294967295,0,0
objSpike,59364,1948,001F0A94,0,1,1,4294967295,0,0
objInvWall,67096,1460,0028C527,0,1,1,4294967295,0,0
objInvWall,67096,1332,0013E629,0,1,1,4294967295,0,0
objInvWall,67096,1204,00151536,0,1,1,4294967295,0,0
objInvWall,67096,1076,000804CC,0,1,1,4294967295,0,0
objInvWall,67096,948,00170FDC,0,1,1,4294967295,0,0
objZipLift,61844,620,002AAEC4,0,1,1,4294967295,0,0
objHandleU2,61844,952,002272B3,0,1,1,4294967295,0,0
objSpringHigh,59411,1964,000E71EB,0,1,1,4294967295,0,0
objPlayerPosition,56,1832,00249DFC,0,1,1,4294967295,0,0
objNegaFish,13164,1664,00148746,0,1,1,4294967295,0,0
objNegaFish,13384,1732,00030494,0,1,1,4294967295,0,0
objNegaFish,11128,1892,00065BD9,0,1,1,4294967295,0,0
objNegaShark,42468,1968,00118AF1,0,1,1,4294967295,0,0
objNegaShark,42696,1976,000BCA1A,0,1,1,4294967295,0,0
objNegaShark,42976,1968,00229DCC,0,1,1,4294967295,0,0
objNegaShark,43176,1972,00250F87,0,1,1,4294967295,0,0
objNegaShark,43376,1964,0024F98C,0,1,1,4294967295,0,0
objNegaShark,43564,1964,00160ADF,0,1,1,4294967295,0,0
objNegaShark,43720,1968,003DD22C,0,1,1,4294967295,0,0
objNegaShark,43928,1964,003032F0,0,1,1,4294967295,0,0
objEnemyBlock,42460,1992,0017D9D6,0,1,1,4294967295,0,0
objEnemyBlock,42688,1992,000C0643,0,1,1,4294967295,0,0
objEnemyBlock,42972,1992,00265466,0,1,1,4294967295,0,0
objEnemyBlock,43168,1992,001C0497,0,1,1,4294967295,0,0
objEnemyBlock,43372,1992,0025E487,0,1,1,4294967295,0,0
objEnemyBlock,43560,1992,001522BD,0,1,1,4294967295,0,0
objEnemyBlock,43716,1992,000613DF,0,1,1,4294967295,0,0
objEnemyBlock,43924,1988,002597C8,0,1,1,4294967295,0,0
objDuckDeath,28200,1940,000B15AD,0,1,1,4294967295,0,0
objDuckDeath,30032,1944,000BC9FA,0,1,1,4294967295,0,0
objSpringDiagonalLeft,52004,736,00342FB5,0,1,1,4294967295,0,0
objRingD,31372,668,0007A0FA,0,1,1,4294967295,0,0
objRingD,31420,668,000D3FE3,0,1,1,4294967295,0,0
objRingD,31472,668,001427F7,0,1,1,4294967295,0,0
objRingD,31576,668,003E56AD,0,1,1,4294967295,0,0
objRingD,31524,668,003C1B86,0,1,1,4294967295,0,0
objRingD,31628,668,00386D21,0,1,1,4294967295,0,0
objRingD,31684,668,0039E46B,0,1,1,4294967295,0,0
objRingD,31736,668,001CE1D0,0,1,1,4294967295,0,0
objRingD,31784,668,0003E624,0,1,1,4294967295,0,0
objRingD,31832,668,000B8CD2,0,1,1,4294967295,0,0
objRingD,31884,668,003D20E2,0,1,1,4294967295,0,0
objRingD,31936,668,0010C16F,0,1,1,4294967295,0,0
objRingD,31988,668,000C1548,0,1,1,4294967295,0,0
objRingD,32040,668,00222997,0,1,1,4294967295,0,0
objRingD,32092,668,000640DF,0,1,1,4294967295,0,0
objRingD,32144,668,003F7088,0,1,1,4294967295,0,0
objRingD,32196,668,00053253,0,1,1,4294967295,0,0
objBalloon,32340,696,002FD42E,0,1,1,4294967295,0,0
objBalloon,32640,612,0006ACC1,0,1,1,4294967295,0,0
objBalloon,32948,628,003015D9,0,1,1,4294967295,0,0
objBalloon,33252,588,0025693E,0,1,1,4294967295,0,0
objDasherLeft,35604,1192,0040032B,0,1,1,4294967295,0,0
objDasherLeft,28328,1464,001BFB21,0,1,1,4294967295,0,0
objNegaStandard,34500,1908,001F0177,0,1,1,4294967295,0,0
objNegaStandard,34872,1908,000D5BCC,0,1,1,4294967295,0,0
objNegaStandard,35152,1908,002FC833,0,1,1,4294967295,0,0
objNegaStandard,34960,1548,0020087B,0,1,1,4294967295,0,0
objNegaStandard,35196,1548,00260F5D,0,1,1,4294967295,0,0
objGHole,34620,1744,002444CC,0,1,1,4294967295,0,0
objGHole2,35380,1744,002F7B9C,0,1,1,4294967295,0,0
objNegaGUN,34972,1724,001AB5B1,0,1,1,4294967295,0,0
objNegaGUN,34640,1364,001018B7,0,1,1,4294967295,0,0
objNegaGUN,34992,1364,00046506,0,1,1,4294967295,0,0
objDisc,34772,1640,0024F778,0,1,1,4294967295,0,0
objDisc,35180,1636,001C551D,0,1,1,4294967295,0,0
objNegaStandard,34856,1188,003AE2DB,0,1,1,4294967295,0,0
objNegaStandard,35124,1188,002DA6EE,0,1,1,4294967295,0,0
objNegaBuzzer,34580,916,001BCFBC,0,1,1,4294967295,0,0
objNegaBuzzer,34860,980,001827BF,0,1,1,4294967295,0,0
objNegaBuzzer,35072,900,0036D96C,0,1,1,4294967295,0,0
objNegaBuzzer,35288,992,0035E889,0,1,1,4294967295,0,0
objNegaBuzzer,34408,728,003CD3C5,0,1,1,4294967295,0,0
objNegaBuzzer,34792,788,00265DD8,0,1,1,4294967295,0,0
objNegaBuzzer,34500,536,002D30C2,0,1,1,4294967295,0,0
objNegaBuzzer,35028,544,000D440A,0,1,1,4294967295,0,0
objNegaGUN,35060,808,00179DE5,0,1,1,4294967295,0,0
objNegaGUN,34804,628,00237222,0,1,1,4294967295,0,0
objNegaGUN,35204,628,0019EC1C,0,1,1,4294967295,0,0
objCheckpointOpen,36240,1180,0030B754,0,1,1,4294967295,0,0
objSpringPropel,22087,1915,001C63BC,0,1,1,4294967295,0,0
objSpringTrapUp,31012,1336,0035959C,0,1,1,4294967295,0,0
objSpikeTrap,30884,1072,00004B1E,0,1,1,4294967295,0,0
objSpring3Set,31348,1332,003987E7,0,1,1,4294967295,0,0
objSpikeBomb,33616,672,002B561A,0,1,1,4294967295,0,0
objPendulum,33336,1432,000CC07B,0,1,1,4294967295,0,0
objDasherLeft,20184,1868,000B7136,0,1,1,4294967295,0,0
objRailDuck,28200,1948,000D24C0,0,1,1,4294967295,0,0
objRailDuck,28328,1948,003A2499,0,1,1,4294967295,0,0
objRailDuck,28456,1948,0007F037,0,1,1,4294967295,0,0
objRailDuck,28584,1948,001DBAFA,0,1,1,4294967295,0,0
objRailDuck,28716,1948,0038AB6F,0,1,1,4294967295,0,0
objRailDuck,28844,1948,001754F8,0,1,1,4294967295,0,0
objRailDuck,28964,1948,00320D91,0,1,1,4294967295,0,0
objRailDuck,29092,1948,00233D25,0,1,1,4294967295,0,0
objRailDuck,29220,1948,001584E9,0,1,1,4294967295,0,0
objRailDuck,29348,1948,00288241,0,1,1,4294967295,0,0
objRailDuck,29476,1948,0020DEB9,0,1,1,4294967295,0,0
objRailDuck,29604,1948,00092E07,0,1,1,4294967295,0,0
objRailDuck,29732,1948,002D4EF8,0,1,1,4294967295,0,0
objRailDuck,29860,1948,000B1006,0,1,1,4294967295,0,0
objRailDuck,29936,1948,000D66FA,0,1,1,4294967295,0,0
objRailDuck,28636,1948,000E01DA,0,1,1,4294967295,0,0
objExtended,22452,60,0012440D,0,1,1,4294967295,0,0
objJumpSign,23928,112,0017E5C8,0,1,1,4294967295,0,0
objJumpSign,31840,1864,00093BB8,0,1,1,4294967295,0,0
objDasherLeft,38920,1322,002BD6F1,0,1,1,4294967295,0,0
objJumpSign,30968,1332,00047005,0,1,1,4294967295,0,0
objRing,100,1830,000ECE17,0,1,1,4294967295,0,0
objRing,140,1830,000AD92D,0,1,1,4294967295,0,0
objRing,180,1830,0031F52A,0,1,1,4294967295,0,0
objRing,220,1830,003BD456,0,1,1,4294967295,0,0
objRing,260,1830,000A3160,0,1,1,4294967295,0,0
objRing,330,1770,001727BA,0,1,1,4294967295,0,0
objRing,370,1770,002FF870,0,1,1,4294967295,0,0
objRing,410,1770,0008EDD0,0,1,1,4294967295,0,0
objRing,500,1830,00222950,0,1,1,4294967295,0,0
objRing,620,1830,001EBC24,0,1,1,4294967295,0,0
objRing,740,1830,00247905,0,1,1,4294967295,0,0
objRing,560,1830,000E3ED0,0,1,1,4294967295,0,0
objRing,680,1830,003B9541,0,1,1,4294967295,0,0
objRing,800,1830,00368DD3,0,1,1,4294967295,0,0
objRing,860,1830,00339B5A,0,1,1,4294967295,0,0
objWaterSteamer,13704,1784,001987FB,0,1,1,4294967295,0,0
objWallJumpI,16968,1412,000E3C12,0,1,1,4294967295,0,0
objWallJumpI,16968,1460,0021FA3F,0,1,1,4294967295,0,0
objWallJumpI,16968,1508,00373655,0,1,1,4294967295,0,0
objWallJumpI,16968,1556,0003F13E,0,1,1,4294967295,0,0
objRing,1350,1830,003DF0B1,0,1,1,4294967295,0,0
objRing,1300,1830,00375ADC,0,1,1,4294967295,0,0
objRing,1250,1830,000D1D9B,0,1,1,4294967295,0,0
objRing,1400,1830,0004245E,0,1,1,4294967295,0,0
objRing,1450,1830,002CDF27,0,1,1,4294967295,0,0
objRing,3950,1860,00325BAD,0,1,1,4294967295,0,0
objRing,4000,1860,0015F203,0,1,1,4294967295,0,0
objRing,4050,1860,0031104D,0,1,1,4294967295,0,0
objRing,4100,1860,000A631D,0,1,1,4294967295,0,0
objRing,5900,1370,001FB92E,0,1,1,4294967295,0,0
objRing,5950,1370,002585AA,0,1,1,4294967295,0,0
objRing,6000,1370,00053D22,0,1,1,4294967295,0,0
objRing,6050,1370,00219D0A,0,1,1,4294967295,0,0
objRing,6100,1370,0015B78A,0,1,1,4294967295,0,0
objRing,6150,1370,003B8CF0,0,1,1,4294967295,0,0
objRing,6200,1370,000410E6,0,1,1,4294967295,0,0
objRing,6250,1370,0005B0FF,0,1,1,4294967295,0,0
objRing,8050,1413,0001C16F,0,1,1,4294967295,0,0
objRing,8000,1397,00246743,0,1,1,4294967295,0,0
objRing,7950,1380,002A10C6,0,1,1,4294967295,0,0
objRing,8800,1340,00096497,0,1,1,4294967295,0,0
objRing,8900,1270,0022D797,0,1,1,4294967295,0,0
objRing,9000,1210,0037766B,0,1,1,4294967295,0,0
objRing,9100,1170,002CB745,0,1,1,4294967295,0,0
objRing,9200,1130,0037C440,0,1,1,4294967295,0,0
objRing,9300,1100,00157790,0,1,1,4294967295,0,0
objRing,9400,1080,0032AB5E,0,1,1,4294967295,0,0
objRing,9500,1080,0017421C,0,1,1,4294967295,0,0
objRing,9600,1080,001C802E,0,1,1,4294967295,0,0
objRing,9700,1090,002C22F3,0,1,1,4294967295,0,0
objRing,9800,1120,000A9148,0,1,1,4294967295,0,0
objRing,9900,1150,00223410,0,1,1,4294967295,0,0
objRing,10000,1190,0037F644,0,1,1,4294967295,0,0
objRing,10100,1250,0015F531,0,1,1,4294967295,0,0
objRing,11550,1965,000EE960,0,1,1,4294967295,0,0
objRing,11600,1965,00350716,0,1,1,4294967295,0,0
objRing,11650,1965,000437B0,0,1,1,4294967295,0,0
objRing,11700,1965,00304317,0,1,1,4294967295,0,0
objRing,11750,1965,00168145,0,1,1,4294967295,0,0
objRing,11800,1965,00122C66,0,1,1,4294967295,0,0
objRing,12100,1965,000E6B37,0,1,1,4294967295,0,0
objRing,12100,1945,002446A6,0,1,1,4294967295,0,0
objRing,12150,1965,00381435,0,1,1,4294967295,0,0
objRing,12150,1945,003C6B48,0,1,1,4294967295,0,0
objRing,12200,1965,0026A290,0,1,1,4294967295,0,0
objRing,12200,1945,000DAE95,0,1,1,4294967295,0,0
objRing,12450,1965,001FF00C,0,1,1,4294967295,0,0
objRing,12500,1965,0030D5B8,0,1,1,4294967295,0,0
objRing,12550,1965,00084132,0,1,1,4294967295,0,0
objRing,12600,1965,002C9E52,0,1,1,4294967295,0,0
objRing,12650,1965,0028E18F,0,1,1,4294967295,0,0
objRing,12700,1965,002B3FFD,0,1,1,4294967295,0,0
objRing,13020,1952,002357E2,0,1,1,4294967295,0,0
objRing,13020,1912,003B570C,0,1,1,4294967295,0,0
objRing,13020,1868,0026DE75,0,1,1,4294967295,0,0
objRing,13020,1828,002D39F5,0,1,1,4294967295,0,0
objRing,13020,1788,003F6A3C,0,1,1,4294967295,0,0
objRing,13020,1748,0010638D,0,1,1,4294967295,0,0
objRing,12000,1500,002B332C,0,1,1,4294967295,0,0
objRing,12050,1500,001ACE1F,0,1,1,4294967295,0,0
objRing,12100,1500,00072584,0,1,1,4294967295,0,0
objRing,12150,1500,00028EB7,0,1,1,4294967295,0,0
objRing,12200,1500,0011A5BF,0,1,1,4294967295,0,0
objRing,12250,1500,000B0A72,0,1,1,4294967295,0,0
objRing,12300,1500,001678DC,0,1,1,4294967295,0,0
objRing,12680,1350,00148DB8,0,1,1,4294967295,0,0
objRing,12335,1350,003C3A41,0,1,1,4294967295,0,0
objRing,12645,1450,003AB07D,0,1,1,4294967295,0,0
objRing,12515,1500,00325370,0,1,1,4294967295,0,0
objRing,12635,1235,0001B530,0,1,1,4294967295,0,0
objRing,12510,1195,002CE635,0,1,1,4294967295,0,0
objRing,12380,1460,001F7C6E,0,1,1,4294967295,0,0
objRing,12385,1235,002B2C17,0,1,1,4294967295,0,0
objRing,12675,1285,00129D5D,0,1,1,4294967295,0,0
objRing,12675,1405,0005D013,0,1,1,4294967295,0,0
objRing,12585,1485,002EFF51,0,1,1,4294967295,0,0
objRing,12575,1210,0031BAD1,0,1,1,4294967295,0,0
objRing,12445,1205,002DDE40,0,1,1,4294967295,0,0
objRing,12345,1290,003DDE28,0,1,1,4294967295,0,0
objRing,12350,1415,00312F25,0,1,1,4294967295,0,0
objRing,12435,1490,003872FD,0,1,1,4294967295,0,0
objRing,15000,1500,002F47E4,0,1,1,4294967295,0,0
objRing,15100,1500,002D4B5D,0,1,1,4294967295,0,0
objRing,15200,1500,00145234,0,1,1,4294967295,0,0
objRing,15300,1500,000E9C91,0,1,1,4294967295,0,0
objRing,15400,1500,001B0264,0,1,1,4294967295,0,0
objRing,16488,1320,002A8568,0,1,1,4294967295,0,0
objRing,16536,1320,003DE851,0,1,1,4294967295,0,0
objRing,16584,1320,003006BB,0,1,1,4294967295,0,0
objRing,16664,1320,001379A9,0,1,1,4294967295,0,0
objRing,16712,1320,00328088,0,1,1,4294967295,0,0
objRing,16756,1320,00263C51,0,1,1,4294967295,0,0
objRing,16836,1320,0010BC51,0,1,1,4294967295,0,0
objRing,16880,1320,00090ADA,0,1,1,4294967295,0,0
objRing,22300,1580,00352FC7,0,1,1,4294967295,0,0
objRing,22300,1520,0023129A,0,1,1,4294967295,0,0
objRing,22300,1460,000690C5,0,1,1,4294967295,0,0
objRing,22300,1400,002B9A08,0,1,1,4294967295,0,0
objRing,22300,1340,00270B8D,0,1,1,4294967295,0,0
objRing,22110,1240,0009617B,0,1,1,4294967295,0,0
objRing,22110,1180,00342641,0,1,1,4294967295,0,0
objRing,22110,1120,0032EC5C,0,1,1,4294967295,0,0
objRing,22110,1060,000ADF8D,0,1,1,4294967295,0,0
objRing,22110,1000,002B3B5B,0,1,1,4294967295,0,0
objRing,22356,960,00349A9E,0,1,1,4294967295,0,0
objRing,22356,900,0027BF5C,0,1,1,4294967295,0,0
objRing,22356,840,00372B1F,0,1,1,4294967295,0,0
objRing,22356,780,003BF125,0,1,1,4294967295,0,0
objRing,22075,700,001376E5,0,1,1,4294967295,0,0
objRing,22075,640,0021C64D,0,1,1,4294967295,0,0
objRing,22075,580,0028338E,0,1,1,4294967295,0,0
objRing,22075,520,003E0AA8,0,1,1,4294967295,0,0
objRing,22075,460,002932BB,0,1,1,4294967295,0,0
objRing,22395,360,0002B44C,0,1,1,4294967295,0,0
objRing,22395,300,00066A77,0,1,1,4294967295,0,0
objRing,22395,240,00265E02,0,1,1,4294967295,0,0
objRing,22395,180,00077BE0,0,1,1,4294967295,0,0
objRing,22395,120,000643EC,0,1,1,4294967295,0,0
objRing,24200,60,000EC7AD,0,1,1,4294967295,0,0
objRing,24300,60,00358259,0,1,1,4294967295,0,0
objRing,24150,60,00346F83,0,1,1,4294967295,0,0
objRing,24250,60,000BE2E1,0,1,1,4294967295,0,0
objRing,24350,60,00229F1C,0,1,1,4294967295,0,0
objRing,24400,60,0014714F,0,1,1,4294967295,0,0
objRing,24450,60,003889C4,0,1,1,4294967295,0,0
objRing,20260,1860,0013C47C,0,1,1,4294967295,0,0
objRing,20340,1860,0012976B,0,1,1,4294967295,0,0
objRing,20420,1860,00171DC3,0,1,1,4294967295,0,0
objRing,20500,1860,002240FF,0,1,1,4294967295,0,0
objRing,20580,1860,00346D00,0,1,1,4294967295,0,0
objRing,20660,1860,00071164,0,1,1,4294967295,0,0
objRing,20740,1860,000EE27E,0,1,1,4294967295,0,0
objRing,20820,1860,002453D8,0,1,1,4294967295,0,0
objRing,20900,1860,001FCF98,0,1,1,4294967295,0,0
objRing,20980,1860,00381A9C,0,1,1,4294967295,0,0
objRing,21060,1860,000BBA3F,0,1,1,4294967295,0,0
objWallJumpI,31892,1840,0021206A,0,1,1,4294967295,0,0
objWallJumpI,31892,1792,0038365E,0,1,1,4294967295,0,0
objWallJumpI,31892,1744,001A7D9F,0,1,1,4294967295,0,0
objWallJumpI,31892,1696,0019F3EB,0,1,1,4294967295,0,0
objWallJumpI,31892,1648,00066511,0,1,1,4294967295,0,0
objWallJumpI,31892,1600,00279743,0,1,1,4294967295,0,0
objWallJumpI,31716,1732,0018D075,0,1,1,4294967295,0,0
objWallJumpI,31716,1684,001B2E8D,0,1,1,4294967295,0,0
objWallJumpI,31716,1636,00014655,0,1,1,4294967295,0,0
objWallJumpI,31716,1588,002EBD7A,0,1,1,4294967295,0,0
objWallJumpI,31716,1540,001AE2C5,0,1,1,4294967295,0,0
objWallJumpI,31716,1492,002717D7,0,1,1,4294967295,0,0
objWallJumpI,31892,1572,0012514B,0,1,1,4294967295,0,0
objLeafToken,57972,104,0035A891,0,1,1,4294967295,0,0
objLeafToken,51644,808,0013F5F9,0,1,1,4294967295,0,0
objRing,39392,1316,0003F988,0,1,1,4294967295,0,0
objRing,39436,1284,00281102,0,1,1,4294967295,0,0
objRing,39480,1256,001AE7E0,0,1,1,4294967295,0,0
objRing,39528,1240,0019B569,0,1,1,4294967295,0,0
objRing,39912,1240,003A8800,0,1,1,4294967295,0,0
objRing,40296,1240,00281F9F,0,1,1,4294967295,0,0
objRing,40680,1240,003D5725,0,1,1,4294967295,0,0
objRing,39584,1260,001D969D,0,1,1,4294967295,0,0
objRing,39636,1300,00302F96,0,1,1,4294967295,0,0
objRing,39720,1320,00392955,0,1,1,4294967295,0,0
objRing,39784,1304,003164BD,0,1,1,4294967295,0,0
objRing,39840,1264,003AA066,0,1,1,4294967295,0,0
objRing,39980,1268,003677AD,0,1,1,4294967295,0,0
objRing,40036,1312,000FF5CA,0,1,1,4294967295,0,0
objRing,40104,1320,00148FA6,0,1,1,4294967295,0,0
objRing,40180,1304,001F2C59,0,1,1,4294967295,0,0
objRing,40228,1260,003DC4D1,0,1,1,4294967295,0,0
objRing,40368,1268,003ADF7E,0,1,1,4294967295,0,0
objRing,40424,1312,001B8CF9,0,1,1,4294967295,0,0
objRing,40488,1320,000FBC43,0,1,1,4294967295,0,0
objRing,40556,1312,0029EFC6,0,1,1,4294967295,0,0
objRing,40604,1264,00395C4B,0,1,1,4294967295,0,0
objRing,40752,1264,000C8230,0,1,1,4294967295,0,0
objRing,40812,1316,003BFF4D,0,1,1,4294967295,0,0
objRing,40872,1316,0025F666,0,1,1,4294967295,0,0
objRing,35752,1184,00048603,0,1,1,4294967295,0,0
objRing,35820,1184,0024E766,0,1,1,4294967295,0,0
objRing,35884,1184,00232398,0,1,1,4294967295,0,0
objRing,35948,1184,00252B84,0,1,1,4294967295,0,0
objRing,36004,1184,0015242A,0,1,1,4294967295,0,0
objRing,36064,1184,00025F09,0,1,1,4294967295,0,0
objRing,36124,1184,0023DF5F,0,1,1,4294967295,0,0
objRing,33616,1120,0016E795,0,1,1,4294967295,0,0
objRing,33616,1056,003FB963,0,1,1,4294967295,0,0
objRing,33616,992,0002DD8D,0,1,1,4294967295,0,0
objRing,33616,932,000FF57D,0,1,1,4294967295,0,0
objRing,33616,872,003C6F7A,0,1,1,4294967295,0,0
objRing,33616,808,003CBE5C,0,1,1,4294967295,0,0
objRing,33512,696,0035AA3E,0,1,1,4294967295,0,0
objRing,33512,648,002434FC,0,1,1,4294967295,0,0
objRing,33512,604,00266B2C,0,1,1,4294967295,0,0
objRing,34180,628,003E3BA5,0,1,1,4294967295,0,0
objRing,34180,596,000FC9EA,0,1,1,4294967295,0,0
objRing,34220,628,000B1989,0,1,1,4294967295,0,0
objRing,34220,596,0035395E,0,1,1,4294967295,0,0
objRing,53104,468,000405C0,0,1,1,4294967295,0,0
objRing,53180,488,002438DD,0,1,1,4294967295,0,0
objRing,53256,508,0029C9CE,0,1,1,4294967295,0,0
objRing,53320,524,003D2295,0,1,1,4294967295,0,0
objRing,53392,540,0035D218,0,1,1,4294967295,0,0
objRing,53468,556,00289411,0,1,1,4294967295,0,0
objRing,53544,576,003CE652,0,1,1,4294967295,0,0
objRing,53624,596,000AB3C6,0,1,1,4294967295,0,0
objRing,53036,452,000F81A9,0,1,1,4294967295,0,0
objRing,55300,516,002CE3E6,0,1,1,4294967295,0,0
objRing,55340,516,0025992E,0,1,1,4294967295,0,0
objRing,55380,516,000C5277,0,1,1,4294967295,0,0
objRing,55300,488,000C4DE2,0,1,1,4294967295,0,0
objRing,55340,488,00302347,0,1,1,4294967295,0,0
objRing,55380,488,000EBA73,0,1,1,4294967295,0,0
objRing,55752,516,0035E6A3,0,1,1,4294967295,0,0
objRing,55812,516,00396CD1,0,1,1,4294967295,0,0
objRing,55872,516,0012BF9E,0,1,1,4294967295,0,0
objRing,55936,516,00254B6E,0,1,1,4294967295,0,0
objRing,56016,464,0008DAA4,0,1,1,4294967295,0,0
objRing,56016,416,0039E86D,0,1,1,4294967295,0,0
objRing,56016,368,00366A0D,0,1,1,4294967295,0,0
objRing,55940,228,002F9CB5,0,1,1,4294967295,0,0
objRing,55880,176,0037F674,0,1,1,4294967295,0,0
objRing,55824,124,000D9F85,0,1,1,4294967295,0,0
objRing,57964,496,0027481E,0,1,1,4294967295,0,0
objRing,58040,484,001F5C0A,0,1,1,4294967295,0,0
objRing,58096,460,0027AD40,0,1,1,4294967295,0,0
objRing,58136,416,003CE968,0,1,1,4294967295,0,0
objRing,58148,360,0002C2EE,0,1,1,4294967295,0,0
objRing,58144,292,0007C46A,0,1,1,4294967295,0,0
objRing,58116,240,002BC42A,0,1,1,4294967295,0,0
objRing,58068,208,001A6750,0,1,1,4294967295,0,0
objRing,58016,192,0015E94B,0,1,1,4294967295,0,0
objRing,57968,188,0033C1BF,0,1,1,4294967295,0,0
objRing,57920,192,001FF88B,0,1,1,4294967295,0,0
objRing,57868,208,0024BF5F,0,1,1,4294967295,0,0
objRing,57828,236,0003DC12,0,1,1,4294967295,0,0
objRing,57800,276,0025AE12,0,1,1,4294967295,0,0
objRing,57788,320,00190C5F,0,1,1,4294967295,0,0
objRing,57788,380,0011D11C,0,1,1,4294967295,0,0
objRing,57808,436,00163456,0,1,1,4294967295,0,0
objRing,57852,472,001FB228,0,1,1,4294967295,0,0
objRing,57904,492,0031E48C,0,1,1,4294967295,0,0
objRing,57072,100,002EF149,0,1,1,4294967295,0,0
objRing,57116,112,002145F0,0,1,1,4294967295,0,0
objRing,57144,144,001A1832,0,1,1,4294967295,0,0
objRing,57152,192,000C6210,0,1,1,4294967295,0,0
objRing,57160,276,000265F7,0,1,1,4294967295,0,0
objRing,57196,312,0040000B,0,1,1,4294967295,0,0
objRing,57232,348,00270608,0,1,1,4294967295,0,0
objRing,57272,388,002F5F58,0,1,1,4294967295,0,0
objRing,59476,924,0037DEC2,0,1,1,4294967295,0,0
objRing,59532,924,0032D878,0,1,1,4294967295,0,0
objRing,59588,924,000C2607,0,1,1,4294967295,0,0
objRing,55384,604,00332DDA,0,1,1,4294967295,0,0
objRing,55432,604,00225021,0,1,1,4294967295,0,0
objRing,55480,604,0003B17C,0,1,1,4294967295,0,0
objRing,55648,604,002F9A51,0,1,1,4294967295,0,0
objRing,55704,604,000A9C05,0,1,1,4294967295,0,0
objRing,55760,604,00006DC4,0,1,1,4294967295,0,0
objRing,54728,604,001BB12B,0,1,1,4294967295,0,0
objRing,54776,604,003F374D,0,1,1,4294967295,0,0
objRing,54828,604,003ADA9A,0,1,1,4294967295,0,0
objRing,54676,604,002E0721,0,1,1,4294967295,0,0
objRing,28596,1456,00093225,0,1,1,4294967295,0,0
objRing,28532,1456,00120A2B,0,1,1,4294967295,0,0
objRing,28656,1456,00284E58,0,1,1,4294967295,0,0
objRing,28720,1456,00085E1D,0,1,1,4294967295,0,0
objRing,29160,1456,0009598A,0,1,1,4294967295,0,0
objRing,29204,1456,000C232F,0,1,1,4294967295,0,0
objRing,29160,1428,0035B4B2,0,1,1,4294967295,0,0
objRing,29204,1428,001C78B1,0,1,1,4294967295,0,0
objRing,29248,1456,002E9364,0,1,1,4294967295,0,0
objRing,29248,1428,001EA33E,0,1,1,4294967295,0,0
objRing,29552,1456,00343CDB,0,1,1,4294967295,0,0
objRing,29608,1456,003A2E2B,0,1,1,4294967295,0,0
objRing,29660,1456,00163EC5,0,1,1,4294967295,0,0
objRing,22600,1948,001209BC,0,1,1,4294967295,0,0
objRing,22648,1948,00021F9E,0,1,1,4294967295,0,0
objRing,22696,1948,00267102,0,1,1,4294967295,0,0
objRing,22744,1948,002DA72F,0,1,1,4294967295,0,0
objRing,23000,1948,00149E62,0,1,1,4294967295,0,0
objRing,23040,1948,003C5C98,0,1,1,4294967295,0,0
objRing,23000,1920,002CC40F,0,1,1,4294967295,0,0
objRing,23040,1920,001051C1,0,1,1,4294967295,0,0
objRing,23348,1948,00165536,0,1,1,4294967295,0,0
objRing,23400,1948,00377E29,0,1,1,4294967295,0,0
objRing,23452,1948,00214251,0,1,1,4294967295,0,0
objRing,23372,1924,0025795C,0,1,1,4294967295,0,0
objRing,23424,1924,000F886A,0,1,1,4294967295,0,0
objRing,23996,1948,000DFB7C,0,1,1,4294967295,0,0
objRing,23944,1948,003A0461,0,1,1,4294967295,0,0
objRing,24044,1948,0024A67C,0,1,1,4294967295,0,0
objRing,24624,1944,001C51E2,0,1,1,4294967295,0,0
objRing,24668,1944,0013C2E2,0,1,1,4294967295,0,0
objRing,24712,1944,002EE960,0,1,1,4294967295,0,0
objRing,24756,1944,00068ADB,0,1,1,4294967295,0,0
objRing,24800,1944,00273703,0,1,1,4294967295,0,0
objRing,24848,1944,00189D5D,0,1,1,4294967295,0,0
objRing,24896,1944,0026B269,0,1,1,4294967295,0,0
objRing,31328,996,002D8DA6,0,1,1,4294967295,0,0
objRing,31328,956,002F51F9,0,1,1,4294967295,0,0
objRing,31328,880,00325713,0,1,1,4294967295,0,0
objRing,31328,840,00009A24,0,1,1,4294967295,0,0
objRing,31328,772,002453FB,0,1,1,4294967295,0,0
objRing,31328,732,0003B027,0,1,1,4294967295,0,0
objRing,31328,692,00125845,0,1,1,4294967295,0,0
objRing,31328,1060,0020EBEE,0,1,1,4294967295,0,0
objRing,31328,1096,0025F550,0,1,1,4294967295,0,0
objRing,30132,1948,0020C423,0,1,1,4294967295,0,0
objRing,30184,1948,000124C8,0,1,1,4294967295,0,0
objRing,30232,1948,002FA06D,0,1,1,4294967295,0,0
objRing,30284,1948,0028F934,0,1,1,4294967295,0,0
objRing,30340,1948,0026F9F0,0,1,1,4294967295,0,0
objRing,30604,1932,00230218,0,1,1,4294967295,0,0
objRing,30660,1912,0010C599,0,1,1,4294967295,0,0
objRing,30712,1896,00001ADA,0,1,1,4294967295,0,0
objRing,30764,1876,003B5B47,0,1,1,4294967295,0,0
objRing,31856,1780,003F3F12,0,1,1,4294967295,0,0
objRing,31812,1740,00266B44,0,1,1,4294967295,0,0
objRing,31772,1704,002F65C4,0,1,1,4294967295,0,0
objRing,31816,1656,002780B7,0,1,1,4294967295,0,0
objRing,31864,1616,0011253B,0,1,1,4294967295,0,0
objRing,31816,1572,003E643A,0,1,1,4294967295,0,0
objRing,31768,1532,0020F494,0,1,1,4294967295,0,0
objRing,33304,1728,00283316,0,1,1,4294967295,0,0
objRing,33368,1728,0039AD4F,0,1,1,4294967295,0,0
objRing,33240,1728,002229BE,0,1,1,4294967295,0,0
objRing,33176,1728,003F98CC,0,1,1,4294967295,0,0
objRing,33108,1728,002213B7,0,1,1,4294967295,0,0
objRing,33032,1728,0034EF7C,0,1,1,4294967295,0,0
objRing,32916,1548,0009EEE2,0,1,1,4294967295,0,0
objRing,32984,1548,003DCDE6,0,1,1,4294967295,0,0
objRing,33052,1548,000A6C54,0,1,1,4294967295,0,0
objRing,33116,1548,0011D4B7,0,1,1,4294967295,0,0
objRing,33188,1548,0004DA3D,0,1,1,4294967295,0,0
objRing,33256,1548,002F6279,0,1,1,4294967295,0,0
objRing,32872,1908,001D96B5,0,1,1,4294967295,0,0
objRing,32940,1908,002CA04E,0,1,1,4294967295,0,0
objRing,33008,1908,003B8317,0,1,1,4294967295,0,0
objRing,33076,1908,00200196,0,1,1,4294967295,0,0
objRing,33140,1908,000D0D95,0,1,1,4294967295,0,0
objRing,33204,1908,00048A18,0,1,1,4294967295,0,0
objRing,33264,1908,003DAD99,0,1,1,4294967295,0,0
objRing,33328,1908,0027D8D4,0,1,1,4294967295,0,0
objRing,35628,1820,00237D55,0,1,1,4294967295,0,0
objRing,35628,1780,0017C85E,0,1,1,4294967295,0,0
objRing,35628,1740,00215DF2,0,1,1,4294967295,0,0
objRing,35640,1460,000C4D06,0,1,1,4294967295,0,0
objRing,35640,1420,00251E35,0,1,1,4294967295,0,0
objRing,35640,1380,0035B779,0,1,1,4294967295,0,0
objRing,34376,1640,00026C24,0,1,1,4294967295,0,0
objRing,34376,1600,000D8E81,0,1,1,4294967295,0,0
objRing,34376,1560,000BF141,0,1,1,4294967295,0,0
objRing,34368,1280,001497CF,0,1,1,4294967295,0,0
objRing,34368,1240,0007FD19,0,1,1,4294967295,0,0
objRing,34368,1200,000CE550,0,1,1,4294967295,0,0
objRing,35636,624,0007FB90,0,1,1,4294967295,0,0
objRing,35636,684,003FBE7C,0,1,1,4294967295,0,0
objRing,35636,740,0021FB75,0,1,1,4294967295,0,0
objRing,35636,796,000E1082,0,1,1,4294967295,0,0
objRing,35632,1000,003F09A6,0,1,1,4294967295,0,0
objRing,35632,1056,000178A3,0,1,1,4294967295,0,0
objRing,35632,1112,000222D1,0,1,1,4294967295,0,0
objRing,35632,1168,0016BF88,0,1,1,4294967295,0,0
objRing,34360,812,000845B8,0,1,1,4294967295,0,0
objRing,34360,872,002489C2,0,1,1,4294967295,0,0
objRing,34360,928,001025EF,0,1,1,4294967295,0,0
objRing,34360,988,00277011,0,1,1,4294967295,0,0
objRing,50132,1844,000384B4,0,1,1,4294967295,0,0
objRing,50196,1844,000656E0,0,1,1,4294967295,0,0
objRing,50376,1844,000D3B73,0,1,1,4294967295,0,0
objRing,50444,1844,003B5C1C,0,1,1,4294967295,0,0
objRing,50512,1844,00187B20,0,1,1,4294967295,0,0
objRing,50260,1844,0004DA0D,0,1,1,4294967295,0,0
objRing,50672,1844,00090F04,0,1,1,4294967295,0,0
objRing,50748,1844,001CE375,0,1,1,4294967295,0,0
objRing,50824,1844,000FE15D,0,1,1,4294967295,0,0
objRing,50900,1844,00207DE3,0,1,1,4294967295,0,0
objRing,50976,1844,0017D5DA,0,1,1,4294967295,0,0
objSpd5,31348,1332,003B57AD,0,1,1,4294967295,0,0
objRing,47816,1844,00376523,0,1,1,4294967295,0,0
objRing,47868,1844,003BB0DC,0,1,1,4294967295,0,0
objRing,47920,1844,0035A4D4,0,1,1,4294967295,0,0
objRing,47972,1844,003F5186,0,1,1,4294967295,0,0
objRing,46548,1840,0039F6BC,0,1,1,4294967295,0,0
objRing,46592,1840,0036F79E,0,1,1,4294967295,0,0
objRing,46636,1840,001E0265,0,1,1,4294967295,0,0
objRing,46680,1840,003EC384,0,1,1,4294967295,0,0
objRing,47300,1820,000A75BC,0,1,1,4294967295,0,0
objRing,47348,1820,001D6192,0,1,1,4294967295,0,0
objRing,47396,1820,00363AE5,0,1,1,4294967295,0,0
objRing,14644,1444,0006B9AF,0,1,1,4294967295,0,0
objRing,14704,1460,00048CA3,0,1,1,4294967295,0,0
objRing,14768,1476,00241B68,0,1,1,4294967295,0,0
objRing,14832,1492,00159C7F,0,1,1,4294967295,0,0
objRing,18388,1768,0009BE70,0,1,1,4294967295,0,0
objRing,18444,1768,003AB160,0,1,1,4294967295,0,0
objRing,18500,1768,000FA579,0,1,1,4294967295,0,0
objRing,18332,1768,00109EE7,0,1,1,4294967295,0,0
objRing,18564,1768,000987CA,0,1,1,4294967295,0,0
objRing,41232,1580,0039B8E9,0,1,1,4294967295,0,0
objRing,41316,1580,002412B3,0,1,1,4294967295,0,0
objRing,41400,1580,002FBA9E,0,1,1,4294967295,0,0
objRing,41480,1580,002C277D,0,1,1,4294967295,0,0
objRing,41700,1580,0019EECD,0,1,1,4294967295,0,0
objRing,41764,1580,000F55E6,0,1,1,4294967295,0,0
objRing,41828,1580,0014DA55,0,1,1,4294967295,0,0
objRailBooster,4616,1832,0032F5C3,0,1,1,4294967295,0,0
objRailBooster,24940,1968,00018027,0,1,1,4294967295,0,0
objRailBooster,24788,1712,00156380,0,1,1,4294967295,0,0
objRailBooster,27952,1968,001EBEE9,0,1,1,4294967295,0,0
objWaterStarter,12988,1984,0021E6F1,0,1,1,4294967295,0,0
objZipHolder,16996,1328,00116D5B,0,1,1,4294967295,0,0
objZipHolder2,18024,1716,000C3292,0,1,1,4294967295,0,0
objZipHolder,60568,312,00254554,0,1,1,4294967295,0,0
objZipHolder2,61888,552,002FE500,0,1,1,4294967295,0,0
objGRingRight,5200,1792,0003336E,0,1,1,4294967295,0,0
objGRingRight,5200,1728,000EF7B6,0,1,1,4294967295,0,0
objRingDashRU,4708,1592,00023E52,0,1,1,4294967295,0,0
objRainbowRingR,5016,1288,002B5D31,0,1,1,4294967295,0,0
objGRingRight,16448,1324,000FF4CD,0,1,1,4294967295,0,0
objGRingRight,16624,1324,001876A8,0,1,1,4294967295,0,0
objGRingRight,16792,1324,0023E0A9,0,1,1,4294967295,0,0
objGRingRight,22388,60,000FF202,0,1,1,4294967295,0,0
objGRingRight,22512,60,0004A958,0,1,1,4294967295,0,0
objGRingRight,22264,60,00091C15,0,1,1,4294967295,0,0
objGRingRight,23964,64,0035A98A,0,1,1,4294967295,0,0
objRingDashRU,25884,1792,001667EC,0,1,1,4294967295,0,0
objRingDashRU,27112,1632,003E7ECF,0,1,1,4294967295,0,0
objGRingUp,31328,916,002BF4E3,0,1,1,4294967295,0,0
objGRingUp,31328,808,0003489C,0,1,1,4294967295,0,0
objGRingUp,31328,1032,0019A388,0,1,1,4294967295,0,0
objRainbowRT,11608,1252,00116738,0,1,1,4294967295,0,0
objGRingUp,33512,740,001B24FC,0,1,1,4294967295,0,0
objGRingUp,51140,748,0001B7E3,0,1,1,4294967295,0,0
objGRingUp,51136,648,003DDF09,0,1,1,4294967295,0,0
objGRingUp,51136,544,003736C7,0,1,1,4294967295,0,0
objRainbowRT,51132,432,003B91B8,0,1,1,4294967295,0,0
objGRingRight,26072,1568,003C17E6,0,1,1,4294967295,0,0
objGRingRight,27568,1192,0011FCE2,0,1,1,4294967295,0,0
objGRingRight,34376,1504,0024209C,0,1,1,4294967295,0,0
objGRingRight,34364,1140,000C5276,0,1,1,4294967295,0,0
objGRingLeft,35640,1332,00362DC9,0,1,1,4294967295,0,0
objGRingLeft,35632,1688,003A7EF6,0,1,1,4294967295,0,0
objRingDashLU,56012,292,000273FB,0,1,1,4294967295,0,0
objGRingRight,55800,84,00248C3B,0,1,1,4294967295,0,0
objRingDashRD,57132,248,0023EDBC,0,1,1,4294967295,0,0
objGRingRight,60372,740,0039F89F,0,1,1,4294967295,0,0
objGRingRight,60524,740,00148304,0,1,1,4294967295,0,0
objGRingRight,60664,740,003A3132,0,1,1,4294967295,0,0
objGRingRight,60812,740,00215ACB,0,1,1,4294967295,0,0
objRainbowRingR,61104,744,000A9263,0,1,1,4294967295,0,0
objGRingRight,60960,740,0016996B,0,1,1,4294967295,0,0
objGRingRight,33400,492,002C6CD2,0,1,1,4294967295,0,0
objGRingUp,5200,1876,002CCF7F,0,1,1,4294967295,0,0
objGRingDown,4536,1764,003DB84D,0,1,1,4294967295,0,0
objGRingDown,4460,1764,0009956E,0,1,1,4294967295,0,0
objGRingDown,4384,1764,001044EE,0,1,1,4294967295,0,0
objGRingUp,16448,1416,0031E90B,0,1,1,4294967295,0,0
objGRingUp,16448,1500,002C6FCF,0,1,1,4294967295,0,0
objGRingUp,16448,1584,001A93B6,0,1,1,4294967295,0,0
objGREENWaterFT,212,1220,00135C20,0,1,1,4294967295,0,0
objGREENWaterFT,148,1220,0003F00F,0,1,1,4294967295,0,0
objGREENWaterFT,84,1220,0019E44C,0,1,1,4294967295,0,0
objGREENWaterFT,22424,1032,002F4551,0,1,1,4294967295,0,0
objGREENWaterFT,22360,1032,0017B4F8,0,1,1,4294967295,0,0
objGREENWaterFTB2,84,1284,0037CAAA,0,1,1,4294967295,0,0
objGREENWaterFTM2,22360,1096,002B3B7E,0,1,1,4294967295,0,0
objGREENWaterFTM2,22360,1288,002F2862,0,1,1,4294967295,0,0
objGREENWaterFTM2,22360,1480,003CCDE8,0,1,1,4294967295,0,0
objGREENWaterFTM2,22360,1672,00184362,0,1,1,4294967295,0,0
objGREENWaterFTM2,22360,1864,00342715,0,1,1,4294967295,0,0
objGREENWaterFTM2,30988,1648,002FB05B,0,1,1,4294967295,0,0
objGREENWaterFTM2,30988,1840,0016940D,0,1,1,4294967295,0,0
objGREENWaterFTM2,31440,1784,000BD4B1,0,1,1,4294967295,0,0
objGREENWaterFTM2,31440,1976,0022F844,0,1,1,4294967295,0,0
objGREENWaterFTM2,38696,660,003A0C13,0,1,1,4294967295,0,0
objGREENWaterFTM2,38696,852,00292DBB,0,1,1,4294967295,0,0
objGREENWaterFTM2,38696,1044,0001967A,0,1,1,4294967295,0,0
objGREENWaterFTM2,38696,1236,002634A9,0,1,1,4294967295,0,0
objGREENWaterFTM2,38696,1428,003220D7,0,1,1,4294967295,0,0
objGREENWaterFTM2,38696,1620,00065336,0,1,1,4294967295,0,0
objGREENWaterFTM2,38696,1812,001B3AA1,0,1,1,4294967295,0,0
objWaterLine,10248,1608,00364D61,0,1,1,4294967295,0,0
objWaterLine,10600,1608,00361C07,0,1,1,4294967295,0,0
objWaterLine,10952,1608,0006FE4D,0,1,1,4294967295,0,0
objWaterLine,11304,1608,000F2BF5,0,1,1,4294967295,0,0
objWaterLine,11656,1608,003FD920,0,1,1,4294967295,0,0
objWaterLine,12008,1608,001C18B1,0,1,1,4294967295,0,0
objWaterLine,12360,1608,001D2C43,0,1,1,4294967295,0,0
objWaterLine,12712,1608,0014F4D5,0,1,1,4294967295,0,0
objWaterLine,13064,1608,0038868F,0,1,1,4294967295,0,0
objWaterLine,13416,1608,00070CA8,0,1,1,4294967295,0,0
objBGChanger,24044,1828,00158A0E,0,1,1,4294967295,0,0
objBGChangerT,24516,648,00376C57,0,1,1,4294967295,0,0
objFlasher,38760,1248,0039E52D,0,1,1,4294967295,0,0
objBGChanger,39796,1200,0017C76C,0,1,1,4294967295,0,0
objBGChangerT,50984,1132,002ACBA8,0,1,1,4294967295,0,0
objBGChangerT,50784,1132,003E1C13,0,1,1,4294967295,0,0
objBGChangerT,50584,1132,000C5DC3,0,1,1,4294967295,0,0
objBGChangerT,51184,1132,0011F3AA,0,1,1,4294967295,0,0
objWaterLine,57316,948,001BAA17,0,1,1,4294967295,0,0
objWaterLine,57668,948,002CDD72,0,1,1,4294967295,0,0
objWaterLine,58020,948,001F926D,0,1,1,4294967295,0,0
objWaterLine,58372,948,001D65D4,0,1,1,4294967295,0,0
objWaterLine,58724,948,000A2F76,0,1,1,4294967295,0,0
objWaterLine,59076,948,002758E7,0,1,1,4294967295,0,0
objBGChangerEnd,28968,1848,0036FF19,0,1,1,4294967295,0,0
objBGChangerEnd,28952,1348,0017E0D3,0,1,1,4294967295,0,0
objController,8,1200,00197F1E,0,1,1,4294967295,0,0
