objBGPORT2,32,0,0039C5E5,0,1,1,4294967295,0,0
objWaterfallSm,896,-32,0005C915,0,1,1,4294967295,0,0
objWaterfallSm2,896,96,001A6D4B,0,1,1,4294967295,0,0
objWaterfallSm2,896,224,003A0F59,0,1,1,4294967295,0,0
objWaterfallSm2,896,352,0016D608,0,1,1,4294967295,0,0
objWaterfallSm2,896,480,0027A707,0,1,1,4294967295,0,0
objWaterfallSm2,896,640,0019ECF9,0,1,1,4294967295,0,0
objMonitorRings,354,550,00155C68,0,1,1,4294967295,0,0
objRailMain,1172,568,000F1349,0,1,1,4294967295,0,0
objRailMain,1220,568,0029CEE5,0,1,1,4294967295,0,0
objRailMain,1268,568,00264DB6,0,1,1,4294967295,0,0
objRailMain,1316,568,0027754E,0,1,1,4294967295,0,0
objRailMain,1364,568,000D572C,0,1,1,4294967295,0,0
objTestDuck,672,552,000CE2EC,0,1,1,4294967295,0,0
objTestDuck,736,552,000410CB,0,1,1,4294967295,0,0
objRailMain,1412,568,00400252,0,1,1,4294967295,0,0
objRailMain,1460,568,00294F04,0,1,1,4294967295,0,0
objRailMain,1508,568,0020463B,0,1,1,4294967295,0,0
objRailMain,1556,568,002CCEC8,0,1,1,4294967295,0,0
objRailMain,1604,568,00114D87,0,1,1,4294967295,0,0
objRailMain,1652,568,003A6D52,0,1,1,4294967295,0,0
objRailMain,1700,568,000E23C1,0,1,1,4294967295,0,0
objRailMain,1748,568,002AD5AD,0,1,1,4294967295,0,0
objRailMain,1796,568,00107BE1,0,1,1,4294967295,0,0
objRailMain,1844,568,0030879B,0,1,1,4294967295,0,0
objSpringUp,1868,552,0001DD96,0,1,1,4294967295,0,0
objCheckpointOpen,2080,536,0030B26D,0,1,1,4294967295,0,0
objDisc,2880,508,002CEDB6,0,1,1,4294967295,0,0
objDisc,3056,436,002BFC51,0,1,1,4294967295,0,0
objDisc,3196,360,000B957F,0,1,1,4294967295,0,0
objSpringUp,7948,1812,0029384E,0,1,1,4294967295,0,0
objRailMain,7432,1672,00320ACD,0,1,1,4294967295,0,0
objRailMain,7480,1672,00202585,0,1,1,4294967295,0,0
objRailMain,7528,1672,003A915B,0,1,1,4294967295,0,0
objRailMain,7576,1672,00174EC0,0,1,1,4294967295,0,0
objRailMain,7624,1672,0030A6E8,0,1,1,4294967295,0,0
objRailMain,7672,1672,001C5549,0,1,1,4294967295,0,0
objRailMain,7720,1672,00341CEA,0,1,1,4294967295,0,0
objRailMain,7768,1672,0026B712,0,1,1,4294967295,0,0
objRailMain,7816,1672,001E14AE,0,1,1,4294967295,0,0
objRailEnd2,7848,1672,00252588,0,1,1,4294967295,0,0
objGoal,7248,1636,001FF877,0,1,1,4294967295,0,0
objCheckpointOpen,5424,1360,002073C3,0,1,1,4294967295,0,0
objCheckpointOpen,3144,1252,002993F1,0,1,1,4294967295,0,0
objSpringUp,4524,1648,0019A521,0,1,1,4294967295,0,0
objSpringUp,4448,1484,000E23E1,0,1,1,4294967295,0,0
objSpringUp,4372,1336,0007CA9E,0,1,1,4294967295,0,0
objSpringDiagonalLeft,4244,1200,0015364D,0,1,1,4294967295,0,0
objDisc,4496,992,002FFDE7,0,1,1,4294967295,0,0
objDisc,4384,872,000F8113,0,1,1,4294967295,0,0
objDisc,4284,744,0031010F,0,1,1,4294967295,0,0
objDisc,4456,680,003429C6,0,1,1,4294967295,0,0
objDisc,4624,620,00227450,0,1,1,4294967295,0,0
objDisc,4804,600,00073708,0,1,1,4294967295,0,0
objDisc,4964,616,003422EC,0,1,1,4294967295,0,0
objNegaStandard,2460,920,003922F7,0,1,1,4294967295,0,0
objNegaStandard,2332,920,003B4D3A,0,1,1,4294967295,0,0
objNegaStandard,2120,920,000CC62D,0,1,1,4294967295,0,0
objNegaStandard,1852,920,0032B0A4,0,1,1,4294967295,0,0
objNegaStandard,1728,920,0018A873,0,1,1,4294967295,0,0
objNegaStandard,984,920,0036192F,0,1,1,4294967295,0,0
objDasherLeft,40,1260,00044BAF,0,1,1,4294967295,0,0
objPlayerPosition,24,44,002E759A,0,1,1,4294967295,0,0
objSmRamp,3240,1252,000AF3DD,0,1,1,4294967295,0,0
objSpringDiagonalRight,712,936,0005EC70,0,1,1,4294967295,0,0
objFallStart,3708,1228,0025DF74,0,1,1,4294967295,0,0
objFallStop,3708,1424,000768C8,0,1,1,4294967295,0,0
objFallStop,5116,1832,000CD324,0,1,1,4294967295,0,0
objFallStop,5468,1832,0018D535,0,1,1,4294967295,0,0
objFallStop,4920,1832,00388F62,0,1,1,4294967295,0,0
objFallStop,5820,1832,0003772C,0,1,1,4294967295,0,0
objFallStop,6172,1832,000FDD45,0,1,1,4294967295,0,0
objFallStop,6524,1832,000259D0,0,1,1,4294967295,0,0
objFallStop,6876,1832,001ADE95,0,1,1,4294967295,0,0
objFallStop,4612,1616,001133AA,0,1,1,4294967295,0,0
objFallStart,4972,1456,00182266,0,1,1,4294967295,0,0
objFallStart,5324,1456,000D037C,0,1,1,4294967295,0,0
objFallStart,5676,1456,003E4622,0,1,1,4294967295,0,0
objFallStart,4856,1456,000AF4E4,0,1,1,4294967295,0,0
objGRingRight,1900,472,0016206C,0,1,1,4294967295,0,0
objGRingRight,2292,512,0037D90D,0,1,1,4294967295,0,0
objGRingRight,2396,512,000A6FBC,0,1,1,4294967295,0,0
objGRingRight,2504,512,000C579A,0,1,1,4294967295,0,0
objGRingRight,2616,512,001CAE18,0,1,1,4294967295,0,0
objRainbowRingR,3196,480,003ED361,0,1,1,4294967295,0,0
objGRingDown,64,680,0035EAA1,0,1,1,4294967295,0,0
objGRingDown,64,776,003C75A8,0,1,1,4294967295,0,0
objGRingDown,64,872,0020F2A0,0,1,1,4294967295,0,0
objGRingDown,64,972,0018A4A3,0,1,1,4294967295,0,0
objGRingRight,4980,864,00215FD7,0,1,1,4294967295,0,0
objGRingRight,5124,864,00400ADA,0,1,1,4294967295,0,0
objGRingRight,5268,864,00043FAB,0,1,1,4294967295,0,0
objGRingDown,5420,876,0023F5BF,0,1,1,4294967295,0,0
objGRingDown,5424,964,00275D20,0,1,1,4294967295,0,0
objGRingDown,5424,1080,001880A6,0,1,1,4294967295,0,0
objController,0,0,00197F1E,0,1,1,4294967295,0,0
