background333,5104,392,0,0,24,8,0,1,1,4294967295
background333,5200,152,0,0,24,8,0,1,1,4294967295
tl_NightH,20728,768,64,0,32,48,0,1,1,4294967295
tl_NightH,21304,764,32,0,32,48,0,1,1,4294967295
tl_NightH,20444,768,0,0,32,48,0,1,1,4294967295
tl_NightH,20524,752,64,0,32,48,0,1,1,4294967295
tl_NightH,20156,784,64,0,32,48,0,1,1,4294967295
tl_NightH,20284,784,0,0,32,48,0,1,1,4294967295
tl_NightH,21392,712,96,0,32,48,0,1,1,4294967295
tl_NightH,21424,712,128,0,32,48,0,1,1,4294967295
tl_NightH,21656,720,32,0,32,48,0,1,1,4294967295
tl_NightH,21224,720,64,0,32,48,0,1,1,4294967295
tl_NightH,21736,720,64,0,32,48,0,1,1,4294967295
tl_NightH,21888,320,32,0,32,48,0,1,1,4294967295
tl_NightH,21824,512,64,0,32,48,0,1,1,4294967295
tl_NightH,21832,600,96,0,32,48,0,1,1,4294967295
tl_NightH,21864,600,128,0,32,48,0,1,1,4294967295
tl_NightH,21824,704,32,0,32,48,0,1,1,4294967295
tl_NightH,21872,416,64,0,32,48,0,1,1,4294967295
tl_NightH,22032,352,0,0,32,48,0,1,1,4294967295
tl_NightH,22112,336,64,0,32,48,0,1,1,4294967295
tl_NightH,22208,368,32,0,32,48,0,1,1,4294967295
tl_NightH,22288,448,96,0,32,48,0,1,1,4294967295
tl_NightH,22320,448,128,0,32,48,0,1,1,4294967295
tl_NightH,22424,472,64,0,32,48,0,1,1,4294967295
tl_NightH,22512,464,32,0,32,48,0,1,1,4294967295
tl_NightH,22592,512,0,0,32,48,0,1,1,4294967295
tl_NightH,22656,480,64,0,32,48,0,1,1,4294967295
tl_NightH,22752,464,32,0,32,48,0,1,1,4294967295
tl_NightH,22824,488,64,0,32,48,0,1,1,4294967295
tl_NightH,22896,528,0,0,32,48,0,1,1,4294967295
tl_NightH,22872,584,32,0,32,48,0,1,1,4294967295
tl_NightH,22888,680,64,0,32,48,0,1,1,4294967295
tl_NightH,22872,760,0,0,32,48,0,1,1,4294967295
tl_NightH,23560,472,64,0,32,48,0,1,1,4294967295
tl_NightH,23600,576,64,0,32,48,0,1,1,4294967295
tl_NightH,23576,632,32,0,32,48,0,1,1,4294967295
tl_NightH,23592,728,0,0,32,48,0,1,1,4294967295
tl_NightH,23648,464,0,0,32,48,0,1,1,4294967295
tl_NightH,23736,488,64,0,32,48,0,1,1,4294967295
tl_NightH,23824,464,32,0,32,48,0,1,1,4294967295
tl_NightH,23904,480,96,0,32,48,0,1,1,4294967295
tl_NightH,23936,480,128,0,32,48,0,1,1,4294967295
tl_NightH,23992,536,64,0,32,48,0,1,1,4294967295
tl_NightH,24056,584,32,0,32,48,0,1,1,4294967295
tl_NightH,24136,600,0,0,32,48,0,1,1,4294967295
tl_NightH,24216,616,64,0,32,48,0,1,1,4294967295
tl_NightH,24240,688,32,0,32,48,0,1,1,4294967295
tl_NightH,24216,760,64,0,32,48,0,1,1,4294967295
tl_NightH,22732,232,64,0,32,48,0,1,1,4294967295
tl_NightH,22812,216,32,0,32,48,0,1,1,4294967295
tl_NightH,22932,272,64,0,32,48,0,1,1,4294967295
tl_NightH,23004,216,0,0,32,48,0,1,1,4294967295
tl_NightH,23108,224,64,0,32,48,0,1,1,4294967295
tl_NightH,23212,264,96,0,32,48,0,1,1,4294967295
tl_NightH,23244,264,128,0,32,48,0,1,1,4294967295
tl_NightH,23316,224,32,0,32,48,0,1,1,4294967295
tl_NightH,23404,264,0,0,32,48,0,1,1,4294967295
tl_NightH,23508,224,64,0,32,48,0,1,1,4294967295
tl_NightH,23580,264,96,0,32,48,0,1,1,4294967295
tl_NightH,23612,264,128,0,32,48,0,1,1,4294967295
tl_NightH,21036,148,0,0,32,48,0,1,1,4294967295
tl_NightH,21100,116,64,0,32,48,0,1,1,4294967295
tl_NightH,21172,108,32,0,32,48,0,1,1,4294967295
tl_NightH,21604,108,32,0,32,48,0,1,1,4294967295
tl_NightH,21668,92,64,0,32,48,0,1,1,4294967295
tl_NightH,21732,124,0,0,32,48,0,1,1,4294967295
tl_NightH,21844,176,0,0,32,48,0,1,1,4294967295
tl_NightH,22068,160,0,0,32,48,0,1,1,4294967295
tl_NightH,22316,168,0,0,32,48,0,1,1,4294967295
tl_NightH,22148,176,64,0,32,48,0,1,1,4294967295
tl_NightH,21916,168,64,0,32,48,0,1,1,4294967295
tl_NightH,22228,160,32,0,32,48,0,1,1,4294967295
tl_NightH,22464,36,32,0,32,48,0,1,1,4294967295
tl_NightH,22548,64,64,0,32,48,0,1,1,4294967295
tl_NightH,22356,80,0,0,32,48,0,1,1,4294967295
tl_NightH,25024,592,0,0,32,48,0,1,1,4294967295
tl_NightH,25072,656,64,0,32,48,0,1,1,4294967295
tl_NightH,25032,712,32,0,32,48,0,1,1,4294967295
tl_NightH,25136,592,64,0,32,48,0,1,1,4294967295
tl_NightH,25216,608,96,0,32,48,0,1,1,4294967295
tl_NightH,25248,608,128,0,32,48,0,1,1,4294967295
tl_NightH,25320,584,32,0,32,48,0,1,1,4294967295
tl_NightH,25432,544,0,0,32,48,0,1,1,4294967295
tl_NightH,25568,536,64,0,32,48,0,1,1,4294967295
tl_NightH,25504,568,32,0,32,48,0,1,1,4294967295
tl_NightH,25424,616,32,0,32,48,0,1,1,4294967295
tl_NightH,25656,328,32,0,32,48,0,1,1,4294967295
tl_NightH,25728,336,64,0,32,48,0,1,1,4294967295
tl_NightH,25856,368,64,0,32,48,0,1,1,4294967295
tl_NightH,25664,416,0,0,32,48,0,1,1,4294967295
tl_NightH,25648,496,64,0,32,48,0,1,1,4294967295
tl_NightH,25992,472,64,0,32,48,0,1,1,4294967295
tl_NightH,25904,432,32,0,32,48,0,1,1,4294967295
tl_NightH,25792,336,32,0,32,48,0,1,1,4294967295
tl_NightH,26048,528,0,0,32,48,0,1,1,4294967295
tl_NightH,26136,584,32,0,32,48,0,1,1,4294967295
tl_NightH,26064,592,64,0,32,48,0,1,1,4294967295
tl_NightH,26424,600,64,0,32,48,0,1,1,4294967295
tl_NightH,26232,600,0,0,32,48,0,1,1,4294967295
tl_NightH,26304,592,96,0,32,48,0,1,1,4294967295
tl_NightH,26336,592,128,0,32,48,0,1,1,4294967295
tl_NightH,26432,672,32,0,32,48,0,1,1,4294967295
tl_NightH,26496,608,0,0,32,48,0,1,1,4294967295
tl_NightH,26788,660,64,0,32,48,0,1,1,4294967295
tl_NightH,27792,760,64,0,32,48,0,1,1,4294967295
tl_NightH,27744,432,64,0,32,48,0,1,1,4294967295
tl_NightH,27920,176,64,0,32,48,0,1,1,4294967295
tl_NightH,27784,184,32,0,32,48,0,1,1,4294967295
tl_NightH,27760,288,0,0,32,48,0,1,1,4294967295
tl_NightH,27792,368,96,0,32,48,0,1,1,4294967295
tl_NightH,27824,368,128,0,32,48,0,1,1,4294967295
tl_NightH,27904,704,0,0,32,48,0,1,1,4294967295
tl_NightH,27976,760,64,0,32,48,0,1,1,4294967295
tl_NightH,28616,696,64,0,32,48,0,1,1,4294967295
tl_NightH,28616,480,32,0,32,48,0,1,1,4294967295
tl_NightH,28232,392,32,0,32,48,0,1,1,4294967295
tl_NightH,28344,344,64,0,32,48,0,1,1,4294967295
tl_NightH,28424,312,0,0,32,48,0,1,1,4294967295
tl_NightH,28600,368,0,0,32,48,0,1,1,4294967295
tl_NightH,28684,176,0,0,32,48,0,1,1,4294967295
tl_NightH,28624,232,64,0,32,48,0,1,1,4294967295
tl_NightH,28696,512,64,0,32,48,0,1,1,4294967295
tl_NightH,28608,296,96,0,32,48,0,1,1,4294967295
tl_NightH,28640,296,128,0,32,48,0,1,1,4294967295
tl_NightH,28328,184,32,0,32,48,0,1,1,4294967295
tl_NightH,28240,160,64,0,32,48,0,1,1,4294967295
tl_NightH,28008,168,0,0,32,48,0,1,1,4294967295
tl_NightH,28104,184,0,0,32,48,0,1,1,4294967295
tl_NightH,28136,456,64,0,32,48,0,1,1,4294967295
tl_NightH,28016,448,0,0,32,48,0,1,1,4294967295
tl_NightH,28544,720,0,0,32,48,0,1,1,4294967295
tl_NightH,28688,720,0,0,32,48,0,1,1,4294967295
tl_NightH,28816,168,0,0,32,48,0,1,1,4294967295
tl_NightH,28936,176,64,0,32,48,0,1,1,4294967295
tl_NightH,29128,272,64,0,32,48,0,1,1,4294967295
tl_NightH,29072,504,96,0,32,48,0,1,1,4294967295
tl_NightH,29104,504,128,0,32,48,0,1,1,4294967295
tl_NightH,28856,496,32,0,32,48,0,1,1,4294967295
tl_NightH,28968,512,0,0,32,48,0,1,1,4294967295
tl_NightH,28776,512,0,0,32,48,0,1,1,4294967295
tl_NightH,29128,384,0,0,32,48,0,1,1,4294967295
tl_NightH,29112,176,0,0,32,48,0,1,1,4294967295
tl_NightH,29024,168,32,0,32,48,0,1,1,4294967295
tl_NightH,29440,544,32,0,32,48,0,1,1,4294967295
tl_NightH,29496,536,64,0,32,48,0,1,1,4294967295
tl_NightH,29296,608,0,0,32,48,0,1,1,4294967295
tl_NightH,29352,584,64,0,32,48,0,1,1,4294967295
tl_NightH,29576,696,64,0,32,48,0,1,1,4294967295
tl_NightH,29592,568,0,0,32,48,0,1,1,4294967295
tl_NightH,29288,488,0,0,32,48,0,1,1,4294967295
tl_NightH,29296,384,64,0,32,48,0,1,1,4294967295
tl_NightH,29336,168,32,0,32,48,0,1,1,4294967295
tl_NightH,29304,248,96,0,32,48,0,1,1,4294967295
tl_NightH,29336,248,128,0,32,48,0,1,1,4294967295
tl_NightH,29576,168,64,0,32,48,0,1,1,4294967295
tl_NightH,29840,304,64,0,32,48,0,1,1,4294967295
tl_NightH,29464,216,64,0,32,48,0,1,1,4294967295
tl_NightH,29680,192,0,0,32,48,0,1,1,4294967295
tl_NightH,29752,264,0,0,32,48,0,1,1,4294967295
tl_NightH,29936,304,0,0,32,48,0,1,1,4294967295
tl_NightH,29976,392,32,0,32,48,0,1,1,4294967295
tl_NightH,29952,480,64,0,32,48,0,1,1,4294967295
tl_NightH,29992,568,0,0,32,48,0,1,1,4294967295
tl_NightH,29952,624,0,0,32,48,0,1,1,4294967295
tl_NightH,29984,688,32,0,32,48,0,1,1,4294967295
tl_NightH,29952,752,64,0,32,48,0,1,1,4294967295
tl_NightH,31100,520,64,0,32,48,0,1,1,4294967295
tl_NightH,31188,464,64,0,32,48,0,1,1,4294967295
tl_NightH,31100,232,64,0,32,48,0,1,1,4294967295
tl_NightH,31196,136,32,0,32,48,0,1,1,4294967295
tl_NightH,31188,544,0,0,32,48,0,1,1,4294967295
tl_NightH,31100,408,0,0,32,48,0,1,1,4294967295
tl_NightH,31196,296,0,0,32,48,0,1,1,4294967295
tl_NightH,31108,304,32,0,32,48,0,1,1,4294967295
tl_NightH,31448,760,64,0,32,48,0,1,1,4294967295
tl_NightH,31560,760,32,0,32,48,0,1,1,4294967295
tl_NightH,31648,768,0,0,32,48,0,1,1,4294967295
tl_NightH,31824,464,64,0,32,48,0,1,1,4294967295
tl_NightH,31736,416,32,0,32,48,0,1,1,4294967295
tl_NightH,31736,496,0,0,32,48,0,1,1,4294967295
tl_NightH,32352,408,0,0,32,48,0,1,1,4294967295
tl_NightH,32528,456,0,0,32,48,0,1,1,4294967295
tl_NightH,32368,536,64,0,32,48,0,1,1,4294967295
tl_NightH,32456,400,64,0,32,48,0,1,1,4294967295
tl_NightH,31840,760,32,0,32,48,0,1,1,4294967295
tl_NightH,32008,712,0,0,32,48,0,1,1,4294967295
tl_NightH,32096,704,64,0,32,48,0,1,1,4294967295
tl_NightH,32176,720,32,0,32,48,0,1,1,4294967295
tl_NightH,32312,712,0,0,32,48,0,1,1,4294967295
tl_NightH,32400,720,64,0,32,48,0,1,1,4294967295
tl_NightH,32528,704,64,0,32,48,0,1,1,4294967295
tl_NightH,32608,720,0,0,32,48,0,1,1,4294967295
tl_NightH,32696,712,0,0,32,48,0,1,1,4294967295
tl_NightH,31520,144,0,0,32,48,0,1,1,4294967295
tl_NightH,31608,104,0,0,32,48,0,1,1,4294967295
tl_NightH,31688,104,64,0,32,48,0,1,1,4294967295
tl_NightH,31880,104,64,0,32,48,0,1,1,4294967295
tl_NightH,31784,152,0,0,32,48,0,1,1,4294967295
tl_NightH,32768,592,0,0,32,48,0,1,1,4294967295
tl_NightH,32824,696,64,0,32,48,0,1,1,4294967295
tl_NightH,32768,768,32,0,32,48,0,1,1,4294967295
tl_NightH,32768,448,32,0,32,48,0,1,1,4294967295
tl_NightH,32824,376,64,0,32,48,0,1,1,4294967295
tl_NightH,32768,288,0,0,32,48,0,1,1,4294967295
tl_NightH,32816,176,64,0,32,48,0,1,1,4294967295
tl_NightH,32576,96,64,0,32,48,0,1,1,4294967295
tl_NightH,32984,104,64,0,32,48,0,1,1,4294967295
tl_NightH,32960,192,64,0,32,48,0,1,1,4294967295
tl_NightH,33080,104,32,0,32,48,0,1,1,4294967295
tl_NightH,33192,152,32,0,32,48,0,1,1,4294967295
tl_NightH,32064,96,0,0,32,48,0,1,1,4294967295
tl_NightH,32168,152,0,0,32,48,0,1,1,4294967295
tl_NightH,32328,104,32,0,32,48,0,1,1,4294967295
tl_NightH,32424,104,96,0,32,48,0,1,1,4294967295
tl_NightH,32456,104,128,0,32,48,0,1,1,4294967295
tl_NightH,32648,136,32,0,32,48,0,1,1,4294967295
tl_NightH,32752,96,0,0,32,48,0,1,1,4294967295
tl_NightH,33096,280,0,0,32,48,0,1,1,4294967295
tl_NightH,33320,232,0,0,32,48,0,1,1,4294967295
tl_NightH,33416,232,64,0,32,48,0,1,1,4294967295
tl_NightH,33208,280,64,0,32,48,0,1,1,4294967295
tl_NightH,32896,456,0,0,32,48,0,1,1,4294967295
tl_NightH,32976,456,64,0,32,48,0,1,1,4294967295
tl_NightH,33040,488,32,0,32,48,0,1,1,4294967295
tl_NightH,35380,660,0,0,32,48,0,1,1,4294967295
tl_NightH,35420,756,64,0,32,48,0,1,1,4294967295
tl_NightH,35500,684,32,0,32,48,0,1,1,4294967295
tl_NightH,35572,740,0,0,32,48,0,1,1,4294967295
tl_NightH,35764,660,0,0,32,48,0,1,1,4294967295
tl_NightH,35868,668,64,0,32,48,0,1,1,4294967295
tl_NightH,35980,668,96,0,32,48,0,1,1,4294967295
tl_NightH,36012,668,128,0,32,48,0,1,1,4294967295
tl_NightH,36140,684,32,0,32,48,0,1,1,4294967295
tl_NightH,36244,708,0,0,32,48,0,1,1,4294967295
tl_NightH,36348,732,64,0,32,48,0,1,1,4294967295
tl_NightH,36612,740,64,0,32,48,0,1,1,4294967295
tl_NightH,36468,740,32,0,32,48,0,1,1,4294967295
tl_NightH,36708,740,0,0,32,48,0,1,1,4294967295
tl_NightH,36844,764,0,0,32,48,0,1,1,4294967295
tl_NightH,37036,780,32,0,32,48,0,1,1,4294967295
tl_NightH,37132,780,64,0,32,48,0,1,1,4294967295
tl_NightH,37372,780,64,0,32,48,0,1,1,4294967295
tl_NightH,37500,780,32,0,32,48,0,1,1,4294967295
tl_NightH,37692,780,0,0,32,48,0,1,1,4294967295
tl_NightH,37836,780,64,0,32,48,0,1,1,4294967295
tl_NightH,38028,668,64,0,32,48,0,1,1,4294967295
tl_NightH,38004,724,32,0,32,48,0,1,1,4294967295
tl_NightH,38148,660,0,0,32,48,0,1,1,4294967295
tl_NightH,38244,676,64,0,32,48,0,1,1,4294967295
tl_NightH,38364,668,32,0,32,48,0,1,1,4294967295
tl_NightH,38484,660,0,0,32,48,0,1,1,4294967295
tl_NightH,38588,668,64,0,32,48,0,1,1,4294967295
tl_NightH,38732,668,96,0,32,48,0,1,1,4294967295
tl_NightH,38764,668,128,0,32,48,0,1,1,4294967295
tl_NightH,38876,684,0,0,32,48,0,1,1,4294967295
tl_NightH,39012,708,64,0,32,48,0,1,1,4294967295
tl_NightH,39100,716,32,0,32,48,0,1,1,4294967295
tl_NightH,39228,716,0,0,32,48,0,1,1,4294967295
tl_NightH,39308,716,64,0,32,48,0,1,1,4294967295
tl_NightH,39532,732,64,0,32,48,0,1,1,4294967295
tl_NightH,39412,708,32,0,32,48,0,1,1,4294967295
tl_NightH,47024,232,64,0,32,48,0,1,1,4294967295
tl_NightH,47388,712,0,0,32,48,0,1,1,4294967295
tl_NightH,47484,728,64,0,32,48,0,1,1,4294967295
tl_NightH,47596,712,32,0,32,48,0,1,1,4294967295
tl_NightH,47708,744,64,0,32,48,0,1,1,4294967295
tl_NightH,47876,552,64,0,32,48,0,1,1,4294967295
tl_NightH,47804,656,32,0,32,48,0,1,1,4294967295
tl_NightH,47804,752,0,0,32,48,0,1,1,4294967295
tl_NightH,47980,560,0,0,32,48,0,1,1,4294967295
tl_NightH,48100,552,96,0,32,48,0,1,1,4294967295
tl_NightH,48132,552,128,0,32,48,0,1,1,4294967295
tl_NightH,48284,560,32,0,32,48,0,1,1,4294967295
tl_NightH,48340,648,0,0,32,48,0,1,1,4294967295
tl_NightH,48324,728,64,0,32,48,0,1,1,4294967295
tl_NightH,48196,552,64,0,32,48,0,1,1,4294967295
tl_NightH,47924,600,64,0,32,48,0,1,1,4294967295
tl_NightH,48044,592,32,0,32,48,0,1,1,4294967295
tl_NightH,48180,600,32,0,32,48,0,1,1,4294967295
tl_NightV,31132,628,0,0,96,66,0,1,1,4294967295
tl_NightV,31096,628,0,0,96,66,0,1,1,4294967295
tl_NightV,32192,576,96,0,96,66,0,1,1,4294967295
tl_NightV,32288,576,0,0,96,66,0,1,1,4294967295
tl_NightV,32384,576,96,0,96,66,0,1,1,4294967295
tl_NightV,32480,576,0,0,96,66,0,1,1,4294967295
tl_NightV,21896,220,0,0,96,66,0,1,1,4294967295
tl_NightV,21992,220,96,0,96,66,0,1,1,4294967295
tl_NightV,22812,316,96,0,96,66,0,1,1,4294967295
tl_NightV,27736,500,0,0,96,66,0,1,1,4294967295
tl_NightV,27832,500,96,0,96,66,0,1,1,4294967295
tl_NightV,28024,500,96,0,96,66,0,1,1,4294967295
tl_NightV,28120,500,0,0,96,66,0,1,1,4294967295
tl_NightV,28184,500,96,0,96,66,0,1,1,4294967295
tl_NightV,32952,324,0,0,96,66,0,1,1,4294967295
tl_NightV,33048,324,96,0,96,66,0,1,1,4294967295
tl_NightV,33240,324,96,0,96,66,0,1,1,4294967295
tl_NightV,33336,324,0,0,96,66,0,1,1,4294967295
tl_NightV,33404,324,96,0,96,66,0,1,1,4294967295
tl_NightV,32880,548,96,0,96,66,0,1,1,4294967295
tl_NightV,32976,548,0,0,96,66,0,1,1,4294967295
tl_NightV,32200,196,0,0,96,66,0,1,1,4294967295
tl_NightV,32296,196,96,0,96,66,0,1,1,4294967295
tl_NightV,32456,196,0,0,96,66,0,1,1,4294967295
tl_NightV,32552,196,96,0,96,66,0,1,1,4294967295
tl_NightV,32648,196,0,0,96,66,0,1,1,4294967295
tl_NightV,31956,196,0,0,96,66,0,1,1,4294967295
tl_NightH,24928,780,64,0,32,48,0,1,1,4294967295
tl_NightH,24544,500,64,0,32,48,0,1,1,4294967295
tl_NightH,24608,500,64,0,32,48,0,1,1,4294967295
tl_NightH,24672,500,64,0,32,48,0,1,1,4294967295
tl_NightH,24736,500,64,0,32,48,0,1,1,4294967295
