tl_NightCastleFloor,0,576,0,0,192,164,0,1,1,4294967295
tl_NightCastleFloor,576,576,0,0,192,164,0,1,1,4294967295
tl_NightCastleFloor,384,576,0,0,192,164,0,1,1,4294967295
tl_NightCastleFloor,192,576,0,0,192,164,0,1,1,4294967295
tl_NightCastleFloor,576,740,0,0,192,164,0,1,1,4294967295
tl_NightCastleFloor,384,740,0,0,192,164,0,1,1,4294967295
tl_NightCastleFloor,192,740,0,0,192,164,0,1,1,4294967295
tl_NightCastleFloor,0,740,0,0,192,164,0,1,1,4294967295
tl_NightCastleFloor,960,640,0,0,192,164,0,1,1,4294967295
tl_NightCastleFloor,1344,704,0,0,192,164,0,1,1,4294967295
tl_NightCastleFloor2,768,572,0,0,32,192,0,1,1,4294967295
tl_NightCastleFloor2,768,764,0,0,32,192,0,1,1,4294967295
tl_NightCastleFloor2,848,600,0,0,32,192,0,1,1,4294967295
tl_NightCastleFloor2,928,624,0,0,32,192,0,1,1,4294967295
tl_NightCastleFloor2,848,792,0,0,32,192,0,1,1,4294967295
tl_NightCastleFloor2,1152,636,0,0,32,192,0,1,1,4294967295
tl_NightCastleFloor2,1312,688,0,0,32,192,0,1,1,4294967295
tl_NightCastleFloor2,1232,664,0,0,32,192,0,1,1,4294967295
background329,72,480,0,0,32,50,0,1,1,4294967295
background329,392,480,0,0,32,50,0,1,1,4294967295
background329,520,480,0,0,32,50,0,1,1,4294967295
background328,288,400,0,0,32,64,0,1,1,4294967295
background328,604,400,0,0,32,64,0,1,1,4294967295
background332,688,456,0,0,96,72,0,1,1,4294967295
background332,792,492,96,0,96,72,0,1,1,4294967295
background332,1228,576,96,0,96,72,0,1,1,4294967295
background332,1148,544,0,0,96,72,0,1,1,4294967295
background332,1424,584,0,0,96,72,0,1,1,4294967295
tl_NightCastleFloor,2560,640,0,0,192,164,0,1,1,4294967295
tl_NightCastleFloor,1984,704,0,0,192,164,0,1,1,4294967295
tl_NightCastleFloor,2176,704,0,0,192,164,0,1,1,4294967295
tl_NightCastleFloor2,2368,688,0,0,32,192,0,1,1,4294967295
tl_NightCastleFloor2,2528,636,0,0,32,192,0,1,1,4294967295
tl_NightCastleFloor2,2448,664,0,0,32,192,0,1,1,4294967295
tl_NightCastleFloor,2148,248,0,0,192,164,0,1,1,4294967295
tl_NightCastleFloor,2340,248,0,0,192,164,0,1,1,4294967295
tl_NightCastleFloor,2532,248,0,0,192,164,0,1,1,4294967295
tl_NightCastleFloor,2148,88,0,0,192,164,0,1,1,4294967295
tl_NightCastleFloor,2148,-72,0,0,192,164,0,1,1,4294967295
tl_NightCastleFloor,2340,88,0,0,192,164,0,1,1,4294967295
tl_NightCastleFloor,2532,88,0,0,192,164,0,1,1,4294967295
tl_NightCastleFloor,2340,-72,0,0,192,164,0,1,1,4294967295
tl_NightCastleFloor,2532,-72,0,0,192,164,0,1,1,4294967295
tl_NightCastleFloor,2564,248,0,0,192,164,0,1,1,4294967295
tl_NightCastleFloor,2564,88,0,0,192,164,0,1,1,4294967295
tl_NightCastleFloor,2564,-72,0,0,192,164,0,1,1,4294967295
tl_NightCastleFloor,3392,592,0,0,192,164,0,1,1,4294967295
tl_NightCastleFloor,3392,756,0,0,192,164,0,1,1,4294967295
tl_NightCastleFloor,3584,592,0,0,192,164,0,1,1,4294967295
tl_NightCastleFloor,3584,756,0,0,192,164,0,1,1,4294967295
tl_NightCastleFloor2,3776,588,0,0,32,192,0,1,1,4294967295
tl_NightCastleFloor2,3776,780,0,0,32,192,0,1,1,4294967295
tl_NightCastleFloor2,3848,612,0,0,32,192,0,1,1,4294967295
tl_NightCastleFloor2,3924,636,0,0,32,192,0,1,1,4294967295
tl_NightCastleFloor2,4000,664,0,0,32,192,0,1,1,4294967295
tl_NightCastleFloor2,4320,768,0,0,32,192,0,1,1,4294967295
tl_NightCastleFloor2,4236,740,0,0,32,192,0,1,1,4294967295
tl_NightCastleFloor2,4152,712,0,0,32,192,0,1,1,4294967295
tl_NightCastleFloor2,4076,688,0,0,32,192,0,1,1,4294967295
tl_NightCastleFloor,4352,784,0,0,192,164,0,1,1,4294967295
tl_NightCastleFloor,4544,784,0,0,192,164,0,1,1,4294967295
tl_NightCastleFloor,4736,784,0,0,192,164,0,1,1,4294967295
tl_NightCastleFloor,4928,784,0,0,192,164,0,1,1,4294967295
tl_NightCastleFloor,5152,720,0,0,192,164,0,1,1,4294967295
tl_NightCastleFloor,5344,720,0,0,192,164,0,1,1,4294967295
tl_NightCastleFloor,5568,656,0,0,192,164,0,1,1,4294967295
tl_NightCastleFloor,5760,656,0,0,192,164,0,1,1,4294967295
tl_NightCastleFloor,5952,656,0,0,192,164,0,1,1,4294967295
tl_NightCastleFloor,6528,784,0,0,192,164,0,1,1,4294967295
tl_NightCastleFloor,6720,784,0,0,192,164,0,1,1,4294967295
tl_NightCastleFloor,7104,784,0,0,192,164,0,1,1,4294967295
tl_NightCastleFloor,6912,784,0,0,192,164,0,1,1,4294967295
tl_NightCastleFloor,7328,464,0,0,192,164,0,1,1,4294967295
tl_NightCastleFloor,7520,464,0,0,192,164,0,1,1,4294967295
tl_NightCastleFloor,7328,628,0,0,192,164,0,1,1,4294967295
tl_NightCastleFloor,7520,628,0,0,192,164,0,1,1,4294967295
tl_NightCastleFloor,7328,792,0,0,192,164,0,1,1,4294967295
tl_NightCastleFloor,7520,792,0,0,192,164,0,1,1,4294967295
tl_NightCastleFloor2,6144,652,0,0,32,192,0,1,1,4294967295
tl_NightCastleFloor2,6212,676,0,0,32,192,0,1,1,4294967295
tl_NightCastleFloor2,6284,700,0,0,32,192,0,1,1,4294967295
tl_NightCastleFloor2,6360,724,0,0,32,192,0,1,1,4294967295
tl_NightCastleFloor2,6496,768,0,0,32,192,0,1,1,4294967295
tl_NightCastleFloor2,6432,748,0,0,32,192,0,1,1,4294967295
tl_NightCastleFloor,7328,-56,0,0,192,164,0,1,1,4294967295
tl_NightCastleFloor,7520,-56,0,0,192,164,0,1,1,4294967295
tl_NightCastleFloor,7712,-56,0,0,192,164,0,1,1,4294967295
tl_NightCastleFloor,7904,-56,0,0,192,164,0,1,1,4294967295
background354,7308,328,0,0,128,128,0,1,1,4294967295
background354,7308,148,0,0,128,128,0,1,1,4294967295
background354,7436,140,0,0,128,128,0,1,1,4294967295
background354,7436,328,0,0,128,128,0,1,1,4294967295
background354,7564,132,0,0,128,128,0,1,1,4294967295
background354,7564,336,0,0,128,128,0,1,1,4294967295
tl_NightCastleW3,7724,160,0,0,192,160,0,1,1,4294967295
tl_NightCastleW3,7724,320,0,0,192,160,0,1,1,4294967295
tl_NightCastleW3,7740,480,0,0,192,160,0,1,1,4294967295
tl_NightCastleW3,7724,640,0,0,192,160,0,1,1,4294967295
tl_NightCastleFloor,9040,720,0,0,192,164,0,1,1,4294967295
tl_NightCastleFloor,9232,720,0,0,192,164,0,1,1,4294967295
tl_NightCastleFloor,9424,720,0,0,192,164,0,1,1,4294967295
tl_NightCastleFloor,9648,280,0,0,192,164,0,1,1,4294967295
tl_NightCastleFloor,9840,280,0,0,192,164,0,1,1,4294967295
tl_NightCastleFloor,9648,444,0,0,192,164,0,1,1,4294967295
tl_NightCastleFloor,9648,608,0,0,192,164,0,1,1,4294967295
tl_NightCastleFloor,9648,772,0,0,192,164,0,1,1,4294967295
tl_NightCastleFloor,9840,444,0,0,192,164,0,1,1,4294967295
tl_NightCastleFloor,9840,608,0,0,192,164,0,1,1,4294967295
tl_NightCastleFloor,9840,772,0,0,192,164,0,1,1,4294967295
tl_NightCastleFloor,10064,720,0,0,192,164,0,1,1,4294967295
tl_NightCastleFloor,10256,720,0,0,192,164,0,1,1,4294967295
tl_NightCastleFloor,10896,592,0,0,192,164,0,1,1,4294967295
tl_NightCastleFloor,11120,720,0,0,192,164,0,1,1,4294967295
tl_NightCastleFloor,11344,528,0,0,192,164,0,1,1,4294967295
tl_NightCastleFloor,11344,692,0,0,192,164,0,1,1,4294967295
tl_NightCastleFloor,11568,720,0,0,192,164,0,1,1,4294967295
tl_NightCastleFloor,11792,208,0,0,192,164,0,1,1,4294967295
tl_NightCastleFloor,11792,372,0,0,192,164,0,1,1,4294967295
tl_NightCastleFloor,11792,536,0,0,192,164,0,1,1,4294967295
tl_NightCastleFloor,11792,700,0,0,192,164,0,1,1,4294967295
background332,7884,700,0,0,96,72,0,1,1,4294967295
background332,8636,700,0,0,96,72,0,1,1,4294967295
background332,8420,700,96,0,96,72,0,1,1,4294967295
background332,8864,700,96,0,96,72,0,1,1,4294967295
background332,8180,704,0,0,96,72,0,1,1,4294967295
background332,7700,700,96,0,96,72,0,1,1,4294967295
tl_NightCastleFloor,12976,692,0,0,192,164,0,1,1,4294967295
tl_NightCastleFloor,13168,692,0,0,192,164,0,1,1,4294967295
tl_NightCastleFloor,13360,692,0,0,192,164,0,1,1,4294967295
tl_NightCastleFloor,13552,692,0,0,192,164,0,1,1,4294967295
tl_NightCastleFloor2,13744,688,0,0,32,192,0,1,1,4294967295
tl_NightCastleFloor2,13820,712,0,0,32,192,0,1,1,4294967295
tl_NightCastleFloor2,13904,740,0,0,32,192,0,1,1,4294967295
tl_NightCastleFloor,13936,756,0,0,192,164,0,1,1,4294967295
tl_NightCastleFloor,14128,756,0,0,192,164,0,1,1,4294967295
tl_NightCastleFloor,14320,756,0,0,192,164,0,1,1,4294967295
tl_NightCastleW3,13544,436,0,0,192,160,0,1,1,4294967295
tl_NightCastleW3,13640,436,0,0,192,160,0,1,1,4294967295
tl_NightCastleFloor,14512,756,0,0,192,164,0,1,1,4294967295
tl_NightCastleFloor,14704,756,0,0,192,164,0,1,1,4294967295
tl_NightCastleFloor,14896,756,0,0,192,164,0,1,1,4294967295
tl_NightCastleFloor,15088,756,0,0,192,164,0,1,1,4294967295
tl_NightCastleFloor,15280,756,0,0,192,164,0,1,1,4294967295
tl_NightCastleFloor,16464,368,0,0,192,164,0,1,1,4294967295
tl_NightCastleFloor,16608,368,0,0,192,164,0,1,1,4294967295
tl_NightCastleFloor,16464,532,0,0,192,164,0,1,1,4294967295
tl_NightCastleFloor,16464,696,0,0,192,164,0,1,1,4294967295
tl_NightCastleFloor,16608,532,0,0,192,164,0,1,1,4294967295
tl_NightCastleFloor,16608,696,0,0,192,164,0,1,1,4294967295
tl_NightCastleFloor,16832,752,0,0,192,164,0,1,1,4294967295
tl_NightCastleFloor,17024,752,0,0,192,164,0,1,1,4294967295
tl_NightCastleFloor,16240,692,0,0,192,164,0,1,1,4294967295
tl_NightCastleFloor,16048,692,0,0,192,164,0,1,1,4294967295
tl_NightCastleFloor,15856,692,0,0,192,164,0,1,1,4294967295
tl_NightCastleFloor,15472,756,0,0,192,164,0,1,1,4294967295
tl_NightCastleFloor2,15664,740,0,0,32,192,0,1,1,4294967295
tl_NightCastleFloor2,15744,716,0,0,32,192,0,1,1,4294967295
tl_NightCastleFloor2,15824,688,0,0,32,192,0,1,1,4294967295
tl_NightCastleFloor2,12944,688,0,0,32,192,0,1,1,4294967295
tl_NightCastleFloor,12592,756,0,0,192,164,0,1,1,4294967295
tl_NightCastleFloor2,12784,740,0,0,32,192,0,1,1,4294967295
tl_NightCastleFloor2,12864,716,0,0,32,192,0,1,1,4294967295
tl_NightCastleFloor2,12560,752,0,0,32,192,0,1,1,4294967295
tl_NightCastleFloor2,12484,776,0,0,32,192,0,1,1,4294967295
tl_NightCastleFloor,10896,756,0,0,192,164,0,1,1,4294967295
tl_NightM,20868,60,0,0,128,128,0,1,1,4294967295
tl_NightM,20740,60,0,0,128,128,0,1,1,4294967295
tl_NightM,20636,68,0,0,128,128,0,1,1,4294967295
tl_NightM,20876,-60,0,0,128,128,0,1,1,4294967295
tl_NightM,20748,-60,0,0,128,128,0,1,1,4294967295
tl_NightM,20636,-60,0,0,128,128,0,1,1,4294967295
tl_NightM,21812,88,0,0,128,128,0,1,1,4294967295
tl_NightM,21940,88,0,0,128,128,0,1,1,4294967295
tl_NightM,22068,88,0,0,128,128,0,1,1,4294967295
tl_NightM,22196,88,0,0,128,128,0,1,1,4294967295
tl_NightM,22260,88,0,0,128,128,0,1,1,4294967295
tl_NightM,21812,-40,0,0,128,128,0,1,1,4294967295
tl_NightM,21940,-40,0,0,128,128,0,1,1,4294967295
tl_NightM,22068,-40,0,0,128,128,0,1,1,4294967295
tl_NightM,22196,-40,0,0,128,128,0,1,1,4294967295
tl_NightM,22324,-40,0,0,128,128,0,1,1,4294967295
tl_NightM,22388,-24,0,0,128,128,0,1,1,4294967295
tl_NightM,22468,-24,0,0,128,128,0,1,1,4294967295
tl_NightM,21816,416,0,0,128,128,0,1,1,4294967295
tl_NightM,21816,544,0,0,128,128,0,1,1,4294967295
tl_NightM,21944,416,0,0,128,128,0,1,1,4294967295
tl_NightM,22072,416,0,0,128,128,0,1,1,4294967295
tl_NightM,22200,464,0,0,128,128,0,1,1,4294967295
tl_NightM,22232,464,0,0,128,128,0,1,1,4294967295
tl_NightM,21816,672,0,0,128,128,0,1,1,4294967295
tl_NightM,21944,544,0,0,128,128,0,1,1,4294967295
tl_NightM,22072,544,0,0,128,128,0,1,1,4294967295
tl_NightM,21944,672,0,0,128,128,0,1,1,4294967295
tl_NightM,22072,672,0,0,128,128,0,1,1,4294967295
tl_NightM,22200,672,0,0,128,128,0,1,1,4294967295
tl_NightM,22328,672,0,0,128,128,0,1,1,4294967295
tl_NightM,22456,672,0,0,128,128,0,1,1,4294967295
tl_NightM,22584,672,0,0,128,128,0,1,1,4294967295
tl_NightM,22712,672,0,0,128,128,0,1,1,4294967295
tl_NightM,22808,672,0,0,128,128,0,1,1,4294967295
tl_NightM,22808,544,0,0,128,128,0,1,1,4294967295
tl_NightM,22680,544,0,0,128,128,0,1,1,4294967295
tl_NightM,22552,544,0,0,128,128,0,1,1,4294967295
tl_NightM,22424,544,0,0,128,128,0,1,1,4294967295
tl_NightM,22296,544,0,0,128,128,0,1,1,4294967295
tl_NightM,22168,544,0,0,128,128,0,1,1,4294967295
tl_NightM,23560,544,0,0,128,128,0,1,1,4294967295
tl_NightM,23560,672,0,0,128,128,0,1,1,4294967295
tl_NightM,23688,544,0,0,128,128,0,1,1,4294967295
tl_NightM,23688,672,0,0,128,128,0,1,1,4294967295
tl_NightM,23816,672,0,0,128,128,0,1,1,4294967295
tl_NightM,23944,672,0,0,128,128,0,1,1,4294967295
tl_NightM,24072,672,0,0,128,128,0,1,1,4294967295
tl_NightM,24168,672,0,0,128,128,0,1,1,4294967295
tl_NightM,23816,544,0,0,128,128,0,1,1,4294967295
tl_NightM,23944,592,0,0,128,128,0,1,1,4294967295
tl_NightM,24072,592,0,0,128,128,0,1,1,4294967295
tl_NightM,25640,416,0,0,128,128,0,1,1,4294967295
tl_NightM,25640,544,0,0,128,128,0,1,1,4294967295
tl_NightM,25640,672,0,0,128,128,0,1,1,4294967295
tl_NightM,25768,416,0,0,128,128,0,1,1,4294967295
tl_NightM,25768,544,0,0,128,128,0,1,1,4294967295
tl_NightM,25768,672,0,0,128,128,0,1,1,4294967295
tl_NightM,25896,464,0,0,128,128,0,1,1,4294967295
tl_NightM,25896,592,0,0,128,128,0,1,1,4294967295
tl_NightM,25896,720,0,0,128,128,0,1,1,4294967295
tl_NightM,26024,592,0,0,128,128,0,1,1,4294967295
tl_NightM,26024,720,0,0,128,128,0,1,1,4294967295
tl_NightM,26152,672,0,0,128,128,0,1,1,4294967295
tl_NightM,26280,672,0,0,128,128,0,1,1,4294967295
tl_NightM,25424,624,0,0,128,128,0,1,1,4294967295
tl_NightM,25488,624,0,0,128,128,0,1,1,4294967295
tl_NightM,25424,752,0,0,128,128,0,1,1,4294967295
tl_NightM,25488,752,0,0,128,128,0,1,1,4294967295
tl_NightM,25016,672,0,0,128,128,0,1,1,4294967295
tl_NightM,25144,672,0,0,128,128,0,1,1,4294967295
tl_NightM,25272,672,0,0,128,128,0,1,1,4294967295
tl_NightM,26408,672,0,0,128,128,0,1,1,4294967295
tl_NightM,27736,768,0,0,128,128,0,1,1,4294967295
tl_NightM,27864,768,0,0,128,128,0,1,1,4294967295
tl_NightM,27736,256,0,0,128,128,0,1,1,4294967295
tl_NightM,27736,368,0,0,128,128,0,1,1,4294967295
tl_NightM,27864,256,0,0,128,128,0,1,1,4294967295
tl_NightM,27992,256,0,0,128,128,0,1,1,4294967295
tl_NightM,27864,368,0,0,128,128,0,1,1,4294967295
tl_NightM,27992,368,0,0,128,128,0,1,1,4294967295
tl_NightM,28120,304,0,0,128,128,0,1,1,4294967295
tl_NightM,28120,368,0,0,128,128,0,1,1,4294967295
tl_NightM,28152,368,0,0,128,128,0,1,1,4294967295
tl_NightM,28152,304,0,0,128,128,0,1,1,4294967295
tl_NightM,28120,256,0,0,128,128,0,1,1,4294967295
tl_NightM,28248,256,0,0,128,128,0,1,1,4294967295
tl_NightM,28352,264,0,0,128,128,0,1,1,4294967295
tl_NightM,28592,256,0,0,128,128,0,1,1,4294967295
tl_NightM,28592,384,0,0,128,128,0,1,1,4294967295
tl_NightM,28592,432,0,0,128,128,0,1,1,4294967295
tl_NightM,28720,256,0,0,128,128,0,1,1,4294967295
tl_NightM,28848,256,0,0,128,128,0,1,1,4294967295
tl_NightM,28976,256,0,0,128,128,0,1,1,4294967295
tl_NightM,29040,256,0,0,128,128,0,1,1,4294967295
tl_NightM,29040,384,0,0,128,128,0,1,1,4294967295
tl_NightM,29040,432,0,0,128,128,0,1,1,4294967295
tl_NightM,28912,384,0,0,128,128,0,1,1,4294967295
tl_NightM,28784,384,0,0,128,128,0,1,1,4294967295
tl_NightM,28720,384,0,0,128,128,0,1,1,4294967295
tl_NightM,28720,432,0,0,128,128,0,1,1,4294967295
tl_NightM,28848,432,0,0,128,128,0,1,1,4294967295
tl_NightM,28976,432,0,0,128,128,0,1,1,4294967295
tl_NightM,29288,256,0,0,128,128,0,1,1,4294967295
tl_NightM,29288,384,0,0,128,128,0,1,1,4294967295
tl_NightM,29288,432,0,0,128,128,0,1,1,4294967295
tl_NightM,29416,256,0,0,128,128,0,1,1,4294967295
tl_NightM,29544,256,0,0,128,128,0,1,1,4294967295
tl_NightM,29416,384,0,0,128,128,0,1,1,4294967295
tl_NightM,29416,432,0,0,128,128,0,1,1,4294967295
tl_NightM,29544,384,0,0,128,128,0,1,1,4294967295
tl_NightM,29544,432,0,0,128,128,0,1,1,4294967295
tl_NightM,29576,560,0,0,128,128,0,1,1,4294967295
tl_NightM,29576,688,0,0,128,128,0,1,1,4294967295
tl_NightM,29672,304,0,0,128,128,0,1,1,4294967295
tl_NightM,29672,432,0,0,128,128,0,1,1,4294967295
tl_NightM,29704,560,0,0,128,128,0,1,1,4294967295
tl_NightM,29704,688,0,0,128,128,0,1,1,4294967295
tl_NightM,29800,304,0,0,128,128,0,1,1,4294967295
tl_NightM,29800,432,0,0,128,128,0,1,1,4294967295
tl_NightM,29896,384,0,0,128,128,0,1,1,4294967295
tl_NightM,29896,512,0,0,128,128,0,1,1,4294967295
tl_NightM,29896,640,0,0,128,128,0,1,1,4294967295
tl_NightM,29896,768,0,0,128,128,0,1,1,4294967295
tl_NightM,29832,560,0,0,128,128,0,1,1,4294967295
tl_NightM,29832,688,0,0,128,128,0,1,1,4294967295
tl_NightM,29272,528,0,0,128,128,0,1,1,4294967295
tl_NightM,31100,128,0,0,128,128,0,1,1,4294967295
tl_NightM,31100,256,0,0,128,128,0,1,1,4294967295
tl_NightM,31100,384,0,0,128,128,0,1,1,4294967295
tl_NightM,31100,496,0,0,128,128,0,1,1,4294967295
tl_NightM,31712,416,0,0,128,128,0,1,1,4294967295
tl_NightM,31776,416,0,0,128,128,0,1,1,4294967295
tl_NightM,32192,448,0,0,128,128,0,1,1,4294967295
tl_NightM,32320,448,0,0,128,128,0,1,1,4294967295
tl_NightM,32448,448,0,0,128,128,0,1,1,4294967295
tl_NightM,32744,192,0,0,128,128,0,1,1,4294967295
tl_NightM,32744,320,0,0,128,128,0,1,1,4294967295
tl_NightM,32744,448,0,0,128,128,0,1,1,4294967295
tl_NightM,32744,576,0,0,128,128,0,1,1,4294967295
tl_NightM,32744,704,0,0,128,128,0,1,1,4294967295
tl_NightM,32952,192,0,0,128,128,0,1,1,4294967295
tl_NightM,33080,192,0,0,128,128,0,1,1,4294967295
tl_NightM,33184,200,0,0,128,128,0,1,1,4294967295
tl_NightM,35356,756,0,0,128,128,0,1,1,4294967295
tl_NightM,35484,756,0,0,128,128,0,1,1,4294967295
tl_NightM,35612,756,0,0,128,128,0,1,1,4294967295
tl_NightM,35740,756,0,0,128,128,0,1,1,4294967295
tl_NightM,35868,756,0,0,128,128,0,1,1,4294967295
tl_NightM,35996,756,0,0,128,128,0,1,1,4294967295
tl_NightM,36124,756,0,0,128,128,0,1,1,4294967295
tl_NightM,36244,780,0,0,128,128,0,1,1,4294967295
tl_NightT,20072,568,0,0,149,180,0,1,1,4294967295
tl_NightT,20348,552,0,0,149,180,0,1,1,4294967295
tl_NightT,20652,496,0,0,149,180,0,1,1,4294967295
tl_NightT,21220,496,0,0,149,180,0,1,1,4294967295
tl_NightT,21532,496,0,0,149,180,0,1,1,4294967295
tl_NightT,22540,240,0,0,149,180,0,1,1,4294967295
tl_NightT,22344,240,0,0,149,180,0,1,1,4294967295
tl_NightT,22968,576,0,0,149,180,0,1,1,4294967295
tl_NightT,23292,576,0,0,149,180,0,1,1,4294967295
tl_NightT,23748,240,0,0,149,180,0,1,1,4294967295
tl_NightT,24140,368,0,0,149,180,0,1,1,4294967295
tl_NightT,25044,368,0,0,149,180,0,1,1,4294967295
tl_NightT,25248,368,0,0,149,180,0,1,1,4294967295
tl_NightT,25460,320,0,0,149,180,0,1,1,4294967295
tl_NightT,25940,248,0,0,149,180,0,1,1,4294967295
tl_NightT,26164,368,0,0,149,180,0,1,1,4294967295
tl_NightT,26384,368,0,0,149,180,0,1,1,4294967295
tl_NightT,25712,112,0,0,149,180,0,1,1,4294967295
tl_NightT,26644,600,0,0,149,180,0,1,1,4294967295
tl_NightT,26968,600,0,0,149,180,0,1,1,4294967295
tl_NightT,27232,600,0,0,149,180,0,1,1,4294967295
tl_NightT,27456,600,0,0,149,180,0,1,1,4294967295
tl_NightT,27828,-48,0,0,149,180,0,1,1,4294967295
tl_NightT,28088,-48,0,0,149,180,0,1,1,4294967295
tl_NightT,28656,-48,0,0,149,180,0,1,1,4294967295
tl_NightT,28892,-48,0,0,149,180,0,1,1,4294967295
tl_NightT,29324,-48,0,0,149,180,0,1,1,4294967295
tl_NightT,29556,-48,0,0,149,180,0,1,1,4294967295
tl_NightT,29836,80,0,0,149,180,0,1,1,4294967295
tl_NightT,30776,600,0,0,149,180,0,1,1,4294967295
tl_NightT,30968,600,0,0,149,180,0,1,1,4294967295
tl_NightT,33316,12,0,0,149,180,0,1,1,4294967295
tl_NightT,34240,592,0,0,149,180,0,1,1,4294967295
tl_NightT,34516,592,0,0,149,180,0,1,1,4294967295
tl_NightT,34748,592,0,0,149,180,0,1,1,4294967295
tl_NightT,35124,592,0,0,149,180,0,1,1,4294967295
tl_NightT,35340,452,0,0,149,180,0,1,1,4294967295
tl_NightT,35612,452,0,0,149,180,0,1,1,4294967295
tl_NightT,35940,452,0,0,149,180,0,1,1,4294967295
tl_NightB,20140,708,0,0,125,40,0,1,1,4294967295
tl_NightB,20388,700,0,0,125,40,0,1,1,4294967295
tl_NightB,20568,644,0,0,125,40,0,1,1,4294967295
tl_NightB,21196,636,0,0,125,40,0,1,1,4294967295
tl_NightB,21464,636,0,0,125,40,0,1,1,4294967295
tl_NightB,21692,636,0,0,125,40,0,1,1,4294967295
tl_NightB,21952,252,0,0,125,40,0,1,1,4294967295
tl_NightB,22148,268,0,0,125,40,0,1,1,4294967295
tl_NightB,22452,380,0,0,125,40,0,1,1,4294967295
tl_NightB,22676,380,0,0,125,40,0,1,1,4294967295
tl_NightB,22796,148,0,0,125,40,0,1,1,4294967295
tl_NightB,23044,716,0,0,125,40,0,1,1,4294967295
tl_NightB,23288,716,0,0,125,40,0,1,1,4294967295
tl_NightB,23556,380,0,0,125,40,0,1,1,4294967295
tl_NightB,23836,380,0,0,125,40,0,1,1,4294967295
tl_NightB,23452,148,0,0,125,40,0,1,1,4294967295
tl_NightB,23028,148,0,0,125,40,0,1,1,4294967295
tl_NightB,24044,512,0,0,125,40,0,1,1,4294967295
tl_NightB,24568,368,0,0,125,40,0,1,1,4294967295
tl_NightB,24644,380,0,0,125,40,0,1,1,4294967295
tl_NightB,25008,520,0,0,125,40,0,1,1,4294967295
tl_NightB,25304,508,0,0,125,40,0,1,1,4294967295
tl_NightB,25408,460,0,0,125,40,0,1,1,4294967295
tl_NightB,25660,256,0,0,125,40,0,1,1,4294967295
tl_NightB,26068,508,0,0,125,40,0,1,1,4294967295
tl_NightB,25932,396,0,0,125,40,0,1,1,4294967295
tl_NightB,26372,508,0,0,125,40,0,1,1,4294967295
tl_NightB,26536,740,0,0,125,40,0,1,1,4294967295
tl_NightB,26884,740,0,0,125,40,0,1,1,4294967295
tl_NightB,27104,740,0,0,125,40,0,1,1,4294967295
tl_NightB,27372,740,0,0,125,40,0,1,1,4294967295
tl_NightB,27604,740,0,0,125,40,0,1,1,4294967295
tl_NightB,27740,604,0,0,125,40,0,1,1,4294967295
tl_NightB,27776,92,0,0,125,40,0,1,1,4294967295
tl_NightB,28024,92,0,0,125,40,0,1,1,4294967295
tl_NightB,28244,104,0,0,125,40,0,1,1,4294967295
tl_NightB,28616,92,0,0,125,40,0,1,1,4294967295
tl_NightB,28820,92,0,0,125,40,0,1,1,4294967295
tl_NightB,29036,92,0,0,125,40,0,1,1,4294967295
tl_NightB,29320,92,0,0,125,40,0,1,1,4294967295
tl_NightB,29616,108,0,0,125,40,0,1,1,4294967295
tl_NightB,29776,220,0,0,125,40,0,1,1,4294967295
tl_NightB,30960,740,0,0,125,40,0,1,1,4294967295
tl_NightB,31608,28,0,0,125,40,0,1,1,4294967295
tl_NightB,32028,28,0,0,125,40,0,1,1,4294967295
tl_NightB,32388,28,0,0,125,40,0,1,1,4294967295
tl_NightB,33284,156,0,0,125,40,0,1,1,4294967295
tl_NightB,33024,28,0,0,125,40,0,1,1,4294967295
background332,2408,568,96,0,96,72,0,1,1,4294967295
background332,2556,520,0,0,96,72,0,1,1,4294967295
background332,2048,588,0,0,96,72,0,1,1,4294967295
background332,2256,588,96,0,96,72,0,1,1,4294967295
background332,2836,680,96,0,96,72,0,1,1,4294967295
background332,3040,680,0,0,96,72,0,1,1,4294967295
background332,3212,680,0,0,96,72,0,1,1,4294967295
background332,2992,160,0,0,96,72,0,1,1,4294967295
background332,3232,64,0,0,96,72,0,1,1,4294967295
background332,3084,164,96,0,96,72,0,1,1,4294967295
background332,3340,64,96,0,96,72,0,1,1,4294967295
background332,3400,476,96,0,96,72,0,1,1,4294967295
background332,3540,472,0,0,96,72,0,1,1,4294967295
background332,3644,472,96,0,96,72,0,1,1,4294967295
background332,4264,668,96,0,96,72,0,1,1,4294967295
background332,3796,496,0,0,96,72,0,1,1,4294967295
background332,3932,556,96,0,96,72,0,1,1,4294967295
background332,4128,608,0,0,96,72,0,1,1,4294967295
background332,4440,664,0,0,96,72,0,1,1,4294967295
background332,4700,664,96,0,96,72,0,1,1,4294967295
background332,5040,664,96,0,96,72,0,1,1,4294967295
background329,4844,688,0,0,32,50,0,1,1,4294967295
background329,3612,496,0,0,32,50,0,1,1,4294967295
background329,3228,312,0,0,32,50,0,1,1,4294967295
background329,3356,312,0,0,32,50,0,1,1,4294967295
background329,3296,340,0,0,32,50,0,1,1,4294967295
background329,3848,312,0,0,32,50,0,1,1,4294967295
background329,10080,624,0,0,32,50,0,1,1,4294967295
background329,10116,304,0,0,32,50,0,1,1,4294967295
background332,10184,428,0,0,96,72,0,1,1,4294967295
background332,10020,284,96,0,96,72,0,1,1,4294967295
background332,10128,600,96,0,96,72,0,1,1,4294967295
background332,10036,428,96,0,96,72,0,1,1,4294967295
background332,10196,280,0,0,96,72,0,1,1,4294967295
background332,10292,280,96,0,96,72,0,1,1,4294967295
background332,11868,88,96,0,96,72,0,1,1,4294967295
background332,11552,600,0,0,96,72,0,1,1,4294967295
background332,11644,600,96,0,96,72,0,1,1,4294967295
background329,11772,112,0,0,32,50,0,1,1,4294967295
background329,8944,312,0,0,32,50,0,1,1,4294967295
background329,9272,624,0,0,32,50,0,1,1,4294967295
background332,9024,288,96,0,96,72,0,1,1,4294967295
background332,9036,600,96,0,96,72,0,1,1,4294967295
background332,9696,160,96,0,96,72,0,1,1,4294967295
background332,9908,160,0,0,96,72,0,1,1,4294967295
background332,9184,600,0,0,96,72,0,1,1,4294967295
background332,9548,600,0,0,96,72,0,1,1,4294967295
background332,9400,600,96,0,96,72,0,1,1,4294967295
background332,13840,456,96,0,96,72,0,1,1,4294967295
background332,13472,456,0,0,96,72,0,1,1,4294967295
background332,13324,456,96,0,96,72,0,1,1,4294967295
background332,13364,572,0,0,96,72,0,1,1,4294967295
background332,13496,572,96,0,96,72,0,1,1,4294967295
background332,13824,628,96,0,96,72,0,1,1,4294967295
background332,14112,636,0,0,96,72,0,1,1,4294967295
tl_NightB,31676,692,0,0,125,40,0,1,1,4294967295
tl_NightB,31372,692,0,0,125,40,0,1,1,4294967295
tl_NightB,31216,732,0,0,125,40,0,1,1,4294967295
tl_NightB,31884,636,0,0,125,40,0,1,1,4294967295
tl_NightB,32212,636,0,0,125,40,0,1,1,4294967295
tl_NightB,32284,656,0,0,125,40,0,1,1,4294967295
tl_NightB,32232,332,0,0,125,40,0,1,1,4294967295
tl_NightB,32420,332,0,0,125,40,0,1,1,4294967295
tl_NightB,31684,332,0,0,125,40,0,1,1,4294967295
tl_NightT,31508,552,0,0,149,180,0,1,1,4294967295
tl_NightT,32016,496,0,0,149,180,0,1,1,4294967295
tl_NightT,32312,192,0,0,149,180,0,1,1,4294967295
tl_NightT,31796,192,0,0,149,180,0,1,1,4294967295
tl_NightB,32632,636,0,0,125,40,0,1,1,4294967295
tl_NightB,32448,648,0,0,125,40,0,1,1,4294967295
tl_NightB,28016,732,0,0,125,40,0,1,1,4294967295
tl_NightB,28324,732,0,0,125,40,0,1,1,4294967295
tl_NightB,28416,744,0,0,125,40,0,1,1,4294967295
tl_NightB,28844,732,0,0,125,40,0,1,1,4294967295
tl_NightB,28928,752,0,0,125,40,0,1,1,4294967295
tl_NightB,29076,732,0,0,125,40,0,1,1,4294967295
tl_NightB,29432,732,0,0,125,40,0,1,1,4294967295
tl_NightT,28740,592,0,0,149,180,0,1,1,4294967295
tl_NightT,28140,592,0,0,149,180,0,1,1,4294967295
tl_NightT,22896,8,0,0,149,180,0,1,1,4294967295
tl_NightT,23144,8,0,0,149,180,0,1,1,4294967295
tl_NightT,23540,8,0,0,149,180,0,1,1,4294967295
tl_NightB,23376,168,0,0,125,40,0,1,1,4294967295
tl_NightB,23216,148,0,0,125,40,0,1,1,4294967295
tl_NightB,22880,168,0,0,125,40,0,1,1,4294967295
background332,7332,344,0,0,96,72,0,1,1,4294967295
background332,7320,152,0,0,96,72,0,1,1,4294967295
background332,7400,184,96,0,96,72,0,1,1,4294967295
background332,7424,376,96,0,96,72,0,1,1,4294967295
background332,7556,344,0,0,96,72,0,1,1,4294967295
background332,7612,364,96,0,96,72,0,1,1,4294967295
background332,7508,152,0,0,96,72,0,1,1,4294967295
background332,7588,160,96,0,96,72,0,1,1,4294967295
background332,7744,152,0,0,96,72,0,1,1,4294967295
background332,12064,700,0,0,96,72,0,1,1,4294967295
background332,12172,700,96,0,96,72,0,1,1,4294967295
background332,12320,700,0,0,96,72,0,1,1,4294967295
background329,12608,660,0,0,32,50,0,1,1,4294967295
background329,13124,596,0,0,32,50,0,1,1,4294967295
background329,14032,660,0,0,32,50,0,1,1,4294967295
background329,14708,660,0,0,32,50,0,1,1,4294967295
background332,12440,688,96,0,96,72,0,1,1,4294967295
background332,12668,636,96,0,96,72,0,1,1,4294967295
background332,12856,612,0,0,96,72,0,1,1,4294967295
background332,13208,572,0,0,96,72,0,1,1,4294967295
background332,12968,572,96,0,96,72,0,1,1,4294967295
background332,14300,636,96,0,96,72,0,1,1,4294967295
background332,14460,636,0,0,96,72,0,1,1,4294967295
background332,14764,636,96,0,96,72,0,1,1,4294967295
background332,14916,636,0,0,96,72,0,1,1,4294967295
background332,15056,636,96,0,96,72,0,1,1,4294967295
background332,15220,636,0,0,96,72,0,1,1,4294967295
background329,15392,660,0,0,32,50,0,1,1,4294967295
background329,15888,596,0,0,32,50,0,1,1,4294967295
background329,16084,596,0,0,32,50,0,1,1,4294967295
background332,15452,636,96,0,96,72,0,1,1,4294967295
background332,15616,636,0,0,96,72,0,1,1,4294967295
background332,15740,604,96,0,96,72,0,1,1,4294967295
background329,16180,596,0,0,32,50,0,1,1,4294967295
background329,16284,596,0,0,32,50,0,1,1,4294967295
background329,16388,596,0,0,32,50,0,1,1,4294967295
background329,16484,272,0,0,32,50,0,1,1,4294967295
background329,16972,656,0,0,32,50,0,1,1,4294967295
background329,15876,272,0,0,32,50,0,1,1,4294967295
background329,3468,88,0,0,32,50,0,1,1,4294967295
background329,3840,88,0,0,32,50,0,1,1,4294967295
background332,3580,64,0,0,96,72,0,1,1,4294967295
background332,3724,64,96,0,96,72,0,1,1,4294967295
background332,3900,64,0,0,96,72,0,1,1,4294967295
background332,4756,320,0,0,96,72,0,1,1,4294967295
background332,4900,324,96,0,96,72,0,1,1,4294967295
background332,5032,320,0,0,96,72,0,1,1,4294967295
background332,4732,80,96,0,96,72,0,1,1,4294967295
background332,4868,80,0,0,96,72,0,1,1,4294967295
background332,5132,80,0,0,96,72,0,1,1,4294967295
background332,5016,80,96,0,96,72,0,1,1,4294967295
background329,4688,104,0,0,32,50,0,1,1,4294967295
background329,6172,580,0,0,32,50,0,1,1,4294967295
background332,6252,588,0,0,96,72,0,1,1,4294967295
background332,6328,632,96,0,96,72,0,1,1,4294967295
background332,6452,660,0,0,96,72,0,1,1,4294967295
background332,15508,148,0,0,96,72,0,1,1,4294967295
background332,15592,188,96,0,96,72,0,1,1,4294967295
background332,15740,228,0,0,96,72,0,1,1,4294967295
background329,15704,232,0,0,32,50,0,1,1,4294967295
background332,10268,600,0,0,96,72,0,1,1,4294967295
background332,10340,600,96,0,96,72,0,1,1,4294967295
background332,10492,700,96,0,96,72,0,1,1,4294967295
background332,10624,700,0,0,96,72,0,1,1,4294967295
background332,10800,700,96,0,96,72,0,1,1,4294967295
background332,10724,700,0,0,96,72,0,1,1,4294967295
background332,10884,472,96,0,96,72,0,1,1,4294967295
background332,11004,472,0,0,96,72,0,1,1,4294967295
background332,11140,600,0,0,96,72,0,1,1,4294967295
background332,11232,600,96,0,96,72,0,1,1,4294967295
background332,11336,408,96,0,96,72,0,1,1,4294967295
background332,11456,408,0,0,96,72,0,1,1,4294967295
background332,16556,248,0,0,96,72,0,1,1,4294967295
background332,16644,248,96,0,96,72,0,1,1,4294967295
background332,16800,248,96,0,96,72,0,1,1,4294967295
background332,17028,632,0,0,96,72,0,1,1,4294967295
background332,17100,632,96,0,96,72,0,1,1,4294967295
background329,16928,272,0,0,32,50,0,1,1,4294967295
background332,19360,676,96,0,96,72,0,1,1,4294967295
background332,19732,676,0,0,96,72,0,1,1,4294967295
background332,18884,676,0,0,96,72,0,1,1,4294967295
tl_NightT,36204,492,0,0,149,180,0,1,1,4294967295
tl_NightT,36468,524,0,0,149,180,0,1,1,4294967295
tl_NightT,36728,532,0,0,149,180,0,1,1,4294967295
tl_NightT,37008,572,0,0,149,180,0,1,1,4294967295
tl_NightT,37356,572,0,0,149,180,0,1,1,4294967295
tl_NightT,37652,572,0,0,149,180,0,1,1,4294967295
tl_NightT,47304,496,0,0,149,180,0,1,1,4294967295
tl_NightT,47548,496,0,0,149,180,0,1,1,4294967295
tl_NightT,47904,336,0,0,149,180,0,1,1,4294967295
tl_NightT,48144,336,0,0,149,180,0,1,1,4294967295
tl_NightB,47368,644,0,0,125,40,0,1,1,4294967295
tl_NightB,47668,636,0,0,125,40,0,1,1,4294967295
tl_NightB,47448,660,0,0,125,40,0,1,1,4294967295
tl_NightB,47852,476,0,0,125,40,0,1,1,4294967295
tl_NightB,47928,500,0,0,125,40,0,1,1,4294967295
tl_NightB,48116,476,0,0,125,40,0,1,1,4294967295
tl_NightB,48208,488,0,0,125,40,0,1,1,4294967295
tl_NightB,48000,492,0,0,125,40,0,1,1,4294967295
tl_NightB,34312,744,0,0,125,40,0,1,1,4294967295
tl_NightB,34496,752,0,0,125,40,0,1,1,4294967295
tl_NightB,34668,732,0,0,125,40,0,1,1,4294967295
tl_NightB,34732,756,0,0,125,40,0,1,1,4294967295
tl_NightB,34944,732,0,0,125,40,0,1,1,4294967295
tl_NightB,35120,752,0,0,125,40,0,1,1,4294967295
tl_NightB,35216,740,0,0,125,40,0,1,1,4294967295
tl_NightB,35384,596,0,0,125,40,0,1,1,4294967295
tl_NightB,35588,612,0,0,125,40,0,1,1,4294967295
tl_NightB,35664,600,0,0,125,40,0,1,1,4294967295
tl_NightB,35900,600,0,0,125,40,0,1,1,4294967295
tl_NightB,35984,612,0,0,125,40,0,1,1,4294967295
tl_NightB,36196,644,0,0,125,40,0,1,1,4294967295
tl_NightB,36308,668,0,0,125,40,0,1,1,4294967295
tl_NightB,36536,668,0,0,125,40,0,1,1,4294967295
tl_NightB,36744,688,0,0,125,40,0,1,1,4294967295
tl_NightB,36992,720,0,0,125,40,0,1,1,4294967295
tl_NightB,37064,732,0,0,125,40,0,1,1,4294967295
tl_NightB,37352,712,0,0,125,40,0,1,1,4294967295
tl_NightB,37476,728,0,0,125,40,0,1,1,4294967295
tl_NightB,37720,712,0,0,125,40,0,1,1,4294967295
tl_NightB,37800,724,0,0,125,40,0,1,1,4294967295
tl_NightB,38088,584,0,0,125,40,0,1,1,4294967295
tl_NightB,38144,600,0,0,125,40,0,1,1,4294967295
tl_NightB,38304,584,0,0,125,40,0,1,1,4294967295
tl_NightB,38468,584,0,0,125,40,0,1,1,4294967295
tl_NightB,38388,604,0,0,125,40,0,1,1,4294967295
tl_NightB,38648,604,0,0,125,40,0,1,1,4294967295
tl_NightB,38724,584,0,0,125,40,0,1,1,4294967295
tl_NightB,38904,632,0,0,125,40,0,1,1,4294967295
tl_NightB,39144,632,0,0,125,40,0,1,1,4294967295
tl_NightB,39216,648,0,0,125,40,0,1,1,4294967295
tl_NightB,39372,632,0,0,125,40,0,1,1,4294967295
tl_NightCastleFloor,56520,676,0,0,192,164,0,1,1,4294967295
tl_NightCastleFloor,56712,676,0,0,192,164,0,1,1,4294967295
tl_NightCastleFloor,56904,676,0,0,192,164,0,1,1,4294967295
tl_NightCastleFloor,57096,676,0,0,192,164,0,1,1,4294967295
tl_NightCastleFloor,57288,676,0,0,192,164,0,1,1,4294967295
tl_NightCastleFloor,57480,676,0,0,192,164,0,1,1,4294967295
tl_NightCastleFloor,57672,676,0,0,192,164,0,1,1,4294967295
tl_NightCastleFloor,57864,676,0,0,192,164,0,1,1,4294967295
tl_NightCastleFloor,58056,676,0,0,192,164,0,1,1,4294967295
tl_NightCastleFloor,58248,676,0,0,192,164,0,1,1,4294967295
tl_NightCastleFloor,58440,676,0,0,192,164,0,1,1,4294967295
tl_NightCastleFloor,58632,676,0,0,192,164,0,1,1,4294967295
tl_NightCastleFloor,58824,676,0,0,192,164,0,1,1,4294967295
tl_NightCastleFloor,59016,676,0,0,192,164,0,1,1,4294967295
background332,56612,556,0,0,96,72,0,1,1,4294967295
background332,56800,556,96,0,96,72,0,1,1,4294967295
background332,56980,556,0,0,96,72,0,1,1,4294967295
background332,57212,556,96,0,96,72,0,1,1,4294967295
background329,56728,580,0,0,32,50,0,1,1,4294967295
background329,57068,580,0,0,32,50,0,1,1,4294967295
background329,58864,580,0,0,32,50,0,1,1,4294967295
background329,57464,580,0,0,32,50,0,1,1,4294967295
background329,57788,580,0,0,32,50,0,1,1,4294967295
background329,58208,580,0,0,32,50,0,1,1,4294967295
background329,58388,580,0,0,32,50,0,1,1,4294967295
background332,57340,556,0,0,96,72,0,1,1,4294967295
background332,57544,556,96,0,96,72,0,1,1,4294967295
background332,57684,556,0,0,96,72,0,1,1,4294967295
background332,57888,556,96,0,96,72,0,1,1,4294967295
background332,58040,556,0,0,96,72,0,1,1,4294967295
background332,58540,556,0,0,96,72,0,1,1,4294967295
background332,58648,556,96,0,96,72,0,1,1,4294967295
background332,58948,556,0,0,96,72,0,1,1,4294967295
background332,59048,556,96,0,96,72,0,1,1,4294967295
tl_NightCastleFloor,59208,-4,0,0,192,164,0,1,1,4294967295
tl_NightCastleFloor,59208,160,0,0,192,164,0,1,1,4294967295
tl_NightCastleFloor,59208,324,0,0,192,164,0,1,1,4294967295
tl_NightCastleFloor,59208,488,0,0,192,164,0,1,1,4294967295
tl_NightCastleFloor,59208,652,0,0,192,164,0,1,1,4294967295
tl_NightCastleFloor,59400,-4,0,0,192,164,0,1,1,4294967295
tl_NightCastleFloor,59400,160,0,0,192,164,0,1,1,4294967295
tl_NightCastleFloor,59400,324,0,0,192,164,0,1,1,4294967295
tl_NightCastleFloor,59400,488,0,0,192,164,0,1,1,4294967295
tl_NightCastleFloor,59400,652,0,0,192,164,0,1,1,4294967295
tl_NightM,29424,472,0,0,128,128,0,1,1,4294967295
tl_NightM,29408,472,0,0,128,128,0,1,1,4294967295
tl_NightCastleW3,1568,732,0,0,192,160,0,1,1,4294967295
tl_NightCastleW3,1760,732,0,0,192,160,0,1,1,4294967295
tl_NightB,20996,28,0,0,125,40,0,1,1,4294967295
tl_NightB,21044,44,0,0,125,40,0,1,1,4294967295
tl_NightB,21588,24,0,0,125,40,0,1,1,4294967295
tl_NightB,21680,40,0,0,125,40,0,1,1,4294967295
tl_NightB,21412,444,0,0,125,40,0,1,1,4294967295
tl_NightB,21468,460,0,0,125,40,0,1,1,4294967295
tl_NightB2,25216,524,0,0,64,24,0,1,1,4294967295
tl_NightB2,23728,396,0,0,64,24,0,1,1,4294967295
tl_NightB2,20724,652,0,0,64,24,0,1,1,4294967295
tl_NightB2,21840,268,0,0,64,24,0,1,1,4294967295
tl_NightB2,22948,732,0,0,64,24,0,1,1,4294967295
tl_NightB2,24244,524,0,0,64,24,0,1,1,4294967295
tl_NightB2,25328,268,0,0,64,24,0,1,1,4294967295
tl_NightB2,28504,444,0,0,64,24,0,1,1,4294967295
tl_NightB2,28740,748,0,0,64,24,0,1,1,4294967295
tl_NightB2,31592,444,0,0,64,24,0,1,1,4294967295
tl_NightB2,31856,348,0,0,64,24,0,1,1,4294967295
tl_NightB2,32964,396,0,0,64,24,0,1,1,4294967295
tl_NightB2,32864,748,0,0,64,24,0,1,1,4294967295
tl_NightB,32660,32,0,0,125,40,0,1,1,4294967295
tl_NightB2,47016,172,0,0,64,24,0,1,1,4294967295
background332,14760,120,0,0,96,72,0,1,1,4294967295
background332,14888,120,96,0,96,72,0,1,1,4294967295
background332,15088,120,0,0,96,72,0,1,1,4294967295
background332,15336,120,96,0,96,72,0,1,1,4294967295
background329,15264,144,0,0,32,50,0,1,1,4294967295
background329,15020,144,0,0,32,50,0,1,1,4294967295
background328,14884,68,0,0,32,64,0,1,1,4294967295
background328,15204,68,0,0,32,64,0,1,1,4294967295
tl_NightB2,24932,712,0,0,64,24,0,1,1,4294967295
tl_RailStands,14816,472,10,0,5,96,0,1,1,4294967295
tl_RailStands,14816,568,10,0,5,96,0,1,1,4294967295
tl_RailStands,14816,664,10,0,5,96,0,1,1,4294967295
tl_RailStands,34184,676,5,0,5,96,0,1,1,4294967295
tl_RailStands,34184,580,5,0,5,96,0,1,1,4294967295
tl_RailStands,34184,484,5,0,5,96,0,1,1,4294967295
tl_RailStands,34184,392,5,0,5,96,0,1,1,4294967295
tl_RailStands,34184,304,5,0,5,96,0,1,1,4294967295
tl_RailStands,34184,276,5,0,5,96,0,1,1,4294967295
tl_RailStands,34720,588,5,0,5,96,0,1,1,4294967295
tl_RailStands,34720,684,5,0,5,96,0,1,1,4294967295
