objElev1,64,248,0000766B,0,1,1,4294967295,0,0
objElev2,160,536,000B3849,0,1,1,4294967295,0,0
objElev2,160,632,0018DC06,0,1,1,4294967295,0,0
obj_Lvl0Hight02,1312,624,00303496,0,1,1,4294967295,0,0
obj_Lvl0Hight02,1576,144,001D1344,0,1,1,4294967295,0,0
objWhoosh,1336,592,0021995C,0,1,1,4294967295,0,0
objWhoosh,544,176,00233545,0,1,1,4294967295,0,0
objGoal,2032,624,002C9EA6,0,1,1,4294967295,0,0
obj_Lv0Block01,96,120,0003DD32,0,1,1,4294967295,0,0
obj_Lv0Block01,64,120,003CE4B6,0,1,1,4294967295,0,0
obj_Lv0Block01,32,120,001721B8,0,1,1,4294967295,0,0
obj_Lv0Block01,0,120,00003D8C,0,1,1,4294967295,0,0
obj_Lv0Block01,128,120,0038034E,0,1,1,4294967295,0,0
obj_Lv0Block01,0,152,001A8C14,0,1,1,4294967295,0,0
obj_Lv0Block01,160,120,000CC41F,0,1,1,4294967295,0,0
obj_Lv0Block01,0,184,0004680A,0,1,1,4294967295,0,0
obj_Lv0Block01,0,216,00097CE0,0,1,1,4294967295,0,0
obj_Lv0Block01,0,248,00229984,0,1,1,4294967295,0,0
obj_Lv0Block01,0,280,001DC336,0,1,1,4294967295,0,0
obj_Lv0Block01,0,312,000AA8FE,0,1,1,4294967295,0,0
obj_Lv0Block01,32,312,001BF5DC,0,1,1,4294967295,0,0
obj_Lv0Block01,176,312,0026D08C,0,1,1,4294967295,0,0
obj_Lv0Block01,192,312,00037FAF,0,1,1,4294967295,0,0
obj_Lv0Block01,192,280,0002A76D,0,1,1,4294967295,0,0
obj_Lv0Block01,192,248,001A2964,0,1,1,4294967295,0,0
obj_Lv0Block01,192,216,001D150D,0,1,1,4294967295,0,0
obj_Lv0Block01,192,184,00142162,0,1,1,4294967295,0,0
obj_Lv0Block01,192,152,003223EF,0,1,1,4294967295,0,0
obj_Lv0Block01,192,120,000A1835,0,1,1,4294967295,0,0
obj_Lv0Block01,32,408,00291D11,0,1,1,4294967295,0,0
obj_Lv0Block01,32,440,000D819B,0,1,1,4294967295,0,0
obj_Lv0Block01,176,408,003D3361,0,1,1,4294967295,0,0
obj_Lv0Block01,176,440,00377B9D,0,1,1,4294967295,0,0
obj_Lv0Block01,32,376,001C993B,0,1,1,4294967295,0,0
obj_Lv0Block01,32,344,0036003B,0,1,1,4294967295,0,0
obj_Lv0Block01,176,376,001123D9,0,1,1,4294967295,0,0
obj_Lv0Block01,176,344,004010B3,0,1,1,4294967295,0,0
obj_Lv0Block01,32,472,0026BF88,0,1,1,4294967295,0,0
obj_Lv0Block01,32,504,002106D9,0,1,1,4294967295,0,0
obj_Lv0Block01,32,536,000E1A0E,0,1,1,4294967295,0,0
obj_Lv0Block01,32,568,001FEE93,0,1,1,4294967295,0,0
obj_Lv0Block01,32,600,00377366,0,1,1,4294967295,0,0
obj_Lv0Block01,192,504,003FFAF0,0,1,1,4294967295,0,0
obj_Lv0Block01,192,472,001E0C7C,0,1,1,4294967295,0,0
obj_Lv0Block01,192,440,002573F1,0,1,1,4294967295,0,0
obj_Lv0Block01,192,408,002F625F,0,1,1,4294967295,0,0
obj_Lv0Block01,192,376,002BD7EF,0,1,1,4294967295,0,0
obj_Lv0Block01,192,344,003AE7FB,0,1,1,4294967295,0,0
obj_Lv0Block01,192,600,00080DF7,0,1,1,4294967295,0,0
obj_Lv0Block01,224,600,0003223F,0,1,1,4294967295,0,0
obj_Lv0Block01,256,600,0031BC7B,0,1,1,4294967295,0,0
obj_Lv0Block01,288,600,00306972,0,1,1,4294967295,0,0
obj_Lv0Block01,320,600,00304121,0,1,1,4294967295,0,0
obj_Lv0Block01,352,600,00088E5C,0,1,1,4294967295,0,0
obj_Lvl0Block05,384,552,002EC7A1,0,1,1,4294967295,0,0
obj_Lv0Block01,480,552,003A7D75,0,1,1,4294967295,0,0
obj_Lv0Block01,512,552,000630CC,0,1,1,4294967295,0,0
obj_Lv0Block01,864,552,00340566,0,1,1,4294967295,0,0
obj_Lv0Block01,896,552,00232FE0,0,1,1,4294967295,0,0
obj_Lv0Block01,832,552,002C8D97,0,1,1,4294967295,0,0
object68,544,552,00396545,0,1,1,4294967295,0,0
object69,760,552,001E9746,0,1,1,4294967295,0,0
obj_Lv0Block01,544,616,002D004E,0,1,1,4294967295,0,0
obj_Lv0Block01,576,616,0024169B,0,1,1,4294967295,0,0
obj_Lv0Block01,608,616,0032FDA6,0,1,1,4294967295,0,0
obj_Lv0Block01,640,616,003C967D,0,1,1,4294967295,0,0
obj_Lv0Block01,704,616,002DC6D8,0,1,1,4294967295,0,0
obj_Lv0Block01,736,616,001283AD,0,1,1,4294967295,0,0
obj_Lv0Block01,768,616,0007B637,0,1,1,4294967295,0,0
obj_Lv0Block01,800,616,003707E2,0,1,1,4294967295,0,0
obj_Lv0Block01,832,584,002F67BA,0,1,1,4294967295,0,0
obj_Lv0Block01,512,584,003FAEEE,0,1,1,4294967295,0,0
obj_Lv0Block01,512,616,003D5222,0,1,1,4294967295,0,0
obj_Lv0Block01,480,584,00356966,0,1,1,4294967295,0,0
obj_Lv0Block01,480,616,00298F2D,0,1,1,4294967295,0,0
obj_Lv0Block01,448,600,00312760,0,1,1,4294967295,0,0
obj_Lv0Block01,416,600,000F27DE,0,1,1,4294967295,0,0
obj_Lv0Block01,384,600,00294FEC,0,1,1,4294967295,0,0
obj_Lv0Block01,864,584,001BD18D,0,1,1,4294967295,0,0
obj_Lv0Block01,832,616,0039FDC4,0,1,1,4294967295,0,0
obj_Lv0Block01,864,616,00338353,0,1,1,4294967295,0,0
obj_Lv0Block01,896,584,00061C68,0,1,1,4294967295,0,0
obj_Lv0Block01,896,616,003F3595,0,1,1,4294967295,0,0
obj_Lvl0Block02,928,552,003C001D,0,1,1,4294967295,0,0
obj_Lvl0Block02,1024,600,0021B680,0,1,1,4294967295,0,0
obj_Lvl0Block02,1120,648,001AE726,0,1,1,4294967295,0,0
obj_Lv0Block01,992,600,0020D797,0,1,1,4294967295,0,0
obj_Lv0Block01,960,600,003E90E7,0,1,1,4294967295,0,0
obj_Lv0Block01,1088,648,003F7207,0,1,1,4294967295,0,0
obj_Lv0Block01,1088,680,0013FAF2,0,1,1,4294967295,0,0
obj_Lv0Block01,1120,696,000C70CA,0,1,1,4294967295,0,0
obj_Lv0Block01,1152,696,0006F26E,0,1,1,4294967295,0,0
obj_Lv0Block01,1184,696,00168120,0,1,1,4294967295,0,0
obj_Lv0Block01,928,600,003EE581,0,1,1,4294967295,0,0
obj_Lv0Block01,1216,696,0034A9BF,0,1,1,4294967295,0,0
obj_Lv0Block01,1248,696,0033D206,0,1,1,4294967295,0,0
obj_Lv0Block01,1376,696,001649E2,0,1,1,4294967295,0,0
obj_Lv0Block01,1344,696,0032AF0B,0,1,1,4294967295,0,0
obj_Lv0Block01,1312,696,001F0843,0,1,1,4294967295,0,0
obj_Lv0Block01,1280,696,0025D1E5,0,1,1,4294967295,0,0
object66,1336,552,00248EB3,0,1,1,4294967295,0,0
object67,1408,552,0019106C,0,1,1,4294967295,0,0
obj_Lv0Block01,1304,592,002883B6,0,1,1,4294967295,0,0
obj_Lv0Block01,1480,592,001C5338,0,1,1,4294967295,0,0
obj_Lv0Block01,1480,560,001E28DD,0,1,1,4294967295,0,0
obj_Lv0Block01,1304,560,001AA557,0,1,1,4294967295,0,0
obj_Lv0Block01,1304,528,000005AC,0,1,1,4294967295,0,0
obj_Lv0Block01,1480,528,002D4E8E,0,1,1,4294967295,0,0
obj_Lv0Block01,1336,520,00306730,0,1,1,4294967295,0,0
obj_Lv0Block01,1368,520,000771BE,0,1,1,4294967295,0,0
obj_Lv0Block01,1400,520,001080BE,0,1,1,4294967295,0,0
obj_Lv0Block01,1448,520,001BB46F,0,1,1,4294967295,0,0
obj_Lv0Block01,1432,520,0004EC77,0,1,1,4294967295,0,0
obj_Lv0Block01,1480,520,0023BD4E,0,1,1,4294967295,0,0
obj_Lv0Block01,1304,520,00173019,0,1,1,4294967295,0,0
obj_Lv0Block01,1504,696,001B66E5,0,1,1,4294967295,0,0
obj_Lv0Block01,1536,696,000EBDE3,0,1,1,4294967295,0,0
obj_Lv0Block01,1568,696,000CDE97,0,1,1,4294967295,0,0
objLayerSwitch,1400,552,003EF684,0,1,1,4294967295,0,0
objLayerToLow,1296,648,001F21E3,0,1,1,4294967295,0,0
objLayerToHigh,1504,648,000E05FF,0,1,1,4294967295,0,0
obj_Lv0Block01,1408,696,0001C06A,0,1,1,4294967295,0,0
obj_Lv0Block01,1440,696,001EB202,0,1,1,4294967295,0,0
obj_Lv0Block01,1472,696,00220C52,0,1,1,4294967295,0,0
object69,1600,632,003B9DBC,0,1,1,4294967295,0,0
obj_Lv0Block01,1600,696,002130D9,0,1,1,4294967295,0,0
obj_Lv0Block01,1632,696,00127FE0,0,1,1,4294967295,0,0
obj_Lv0Block01,1672,664,002A8A31,0,1,1,4294967295,0,0
obj_Lv0Block01,1672,696,0011BC40,0,1,1,4294967295,0,0
obj_Lv0Block01,1664,696,0007AAAE,0,1,1,4294967295,0,0
obj_Lv0Block01,1672,632,002DA27D,0,1,1,4294967295,0,0
obj_Lv0Block01,1672,600,001560A3,0,1,1,4294967295,0,0
obj_Lv0Block01,1672,568,0002BB3F,0,1,1,4294967295,0,0
obj_Lv0Block01,1672,536,0004F5BA,0,1,1,4294967295,0,0
obj_Lv0Block01,1672,504,001BC1FB,0,1,1,4294967295,0,0
obj_Lv0Block01,1672,472,000925B1,0,1,1,4294967295,0,0
obj_Lv0Block01,1672,440,0032558C,0,1,1,4294967295,0,0
obj_Lv0Block01,1672,408,002C727F,0,1,1,4294967295,0,0
obj_Lv0Block01,1480,488,0014AF1D,0,1,1,4294967295,0,0
obj_Lv0Block01,1272,520,003F8238,0,1,1,4294967295,0,0
obj_Lv0Block01,1240,520,0020C371,0,1,1,4294967295,0,0
obj_Lvl0Block02,1144,472,001A3F91,0,1,1,4294967295,0,0
obj_Lv0Block01,1208,520,00128523,0,1,1,4294967295,0,0
obj_Lv0Block01,1176,520,002344F4,0,1,1,4294967295,0,0
obj_Lv0Block01,1144,520,00038634,0,1,1,4294967295,0,0
obj_Lv0Block01,1112,488,0014F3AF,0,1,1,4294967295,0,0
obj_Lv0Block01,1112,520,0010429A,0,1,1,4294967295,0,0
obj_Lvl0Block03,1080,408,0015FB5F,0,1,1,4294967295,0,0
obj_Lvl0Block04,1048,344,0012BBD6,0,1,1,4294967295,0,0
obj_Lv0Block01,1016,312,003F3EA0,0,1,1,4294967295,0,0
obj_Lv0Block01,1016,280,002287F8,0,1,1,4294967295,0,0
obj_Lv0Block01,1112,472,0035C24E,0,1,1,4294967295,0,0
obj_Lv0Block01,1080,472,00289E72,0,1,1,4294967295,0,0
obj_Lv0Block01,1048,408,0022FDCC,0,1,1,4294967295,0,0
obj_Lv0Block01,1016,344,000D13CC,0,1,1,4294967295,0,0
obj_Lv0Block01,1080,504,0016B63D,0,1,1,4294967295,0,0
obj_Lv0Block01,1048,440,001EA71B,0,1,1,4294967295,0,0
obj_Lv0Block01,1016,376,002E8C7B,0,1,1,4294967295,0,0
obj_Lv0Block01,1016,408,0009E3D4,0,1,1,4294967295,0,0
obj_Lv0Block01,1048,472,002FD944,0,1,1,4294967295,0,0
obj_Lv0Block01,1016,440,00227790,0,1,1,4294967295,0,0
obj_Lv0Block01,1048,504,00059A01,0,1,1,4294967295,0,0
objDasherLeft,608,600,0001E9BF,0,1,1,4294967295,0,0
objDasherLeft,904,536,0004E5BA,0,1,1,4294967295,0,0
objDasherLeft,1584,680,000C7855,0,1,1,4294967295,0,0
obj_Lvl0Platform01,640,520,0023C392,0,1,1,4294967295,0,0
obj_Lv0Block01,1688,280,000D7D65,0,1,1,4294967295,0,0
obj_Lv0Block01,1720,280,00340785,0,1,1,4294967295,0,0
obj_Lvl0Block02,1752,280,0015CE9F,0,1,1,4294967295,0,0
obj_Lvl0Block03,1848,328,00106A0D,0,1,1,4294967295,0,0
obj_Lvl0Block03,1912,392,001D2E91,0,1,1,4294967295,0,0
obj_Lv0Block01,1944,456,000D2B56,0,1,1,4294967295,0,0
obj_Lv0Block01,2072,504,00157E05,0,1,1,4294967295,0,0
obj_Lv0Block01,2040,504,00026D1E,0,1,1,4294967295,0,0
obj_Lv0Block01,2008,504,003F95DD,0,1,1,4294967295,0,0
obj_Lv0Block01,1976,504,003C86D9,0,1,1,4294967295,0,0
obj_Lv0Block01,1944,488,0002C4DD,0,1,1,4294967295,0,0
obj_Lv0Block01,1912,456,00143EC8,0,1,1,4294967295,0,0
obj_Lv0Block01,1880,392,000579E2,0,1,1,4294967295,0,0
obj_Lv0Block01,1848,392,000BA7C5,0,1,1,4294967295,0,0
obj_Lv0Block01,1880,424,0005C9D9,0,1,1,4294967295,0,0
obj_Lv0Block01,1880,456,0002A1A7,0,1,1,4294967295,0,0
obj_Lv0Block01,1912,488,001ABA41,0,1,1,4294967295,0,0
obj_Lv0Block01,1944,520,00243710,0,1,1,4294967295,0,0
obj_Lv0Block01,1976,536,0031B916,0,1,1,4294967295,0,0
obj_Lv0Block01,2008,536,003DF0AE,0,1,1,4294967295,0,0
obj_Lv0Block01,2040,536,00306F3E,0,1,1,4294967295,0,0
obj_Lv0Block01,2072,536,00379A5F,0,1,1,4294967295,0,0
obj_Lv0Block01,1912,520,001380CC,0,1,1,4294967295,0,0
obj_Lv0Block01,1880,488,00204792,0,1,1,4294967295,0,0
obj_Lv0Block01,1848,424,00330697,0,1,1,4294967295,0,0
obj_Lv0Block01,1816,328,0013F7F8,0,1,1,4294967295,0,0
obj_Lv0Block01,1816,360,0012657E,0,1,1,4294967295,0,0
obj_Lv0Block01,1816,392,0037470D,0,1,1,4294967295,0,0
obj_Lv0Block01,1816,424,000A0EEE,0,1,1,4294967295,0,0
obj_Lv0Block01,1784,328,003132FF,0,1,1,4294967295,0,0
obj_Lv0Block01,1784,360,00286FB2,0,1,1,4294967295,0,0
obj_Lv0Block01,1784,392,000EE58E,0,1,1,4294967295,0,0
obj_Lv0Block01,1752,328,00374C2C,0,1,1,4294967295,0,0
obj_Lv0Block01,1752,360,00130CE2,0,1,1,4294967295,0,0
obj_Lv0Block01,1752,392,00124C4D,0,1,1,4294967295,0,0
obj_Lv0Block01,1720,312,000DD987,0,1,1,4294967295,0,0
obj_Lv0Block01,1688,312,0034983B,0,1,1,4294967295,0,0
obj_Lv0Block01,1720,344,0035C9C8,0,1,1,4294967295,0,0
obj_Lv0Block01,1688,344,0020B11C,0,1,1,4294967295,0,0
obj_Lv0Block01,1720,376,00329838,0,1,1,4294967295,0,0
obj_Lv0Block01,1688,376,0009AA88,0,1,1,4294967295,0,0
obj_Lv0Block01,1720,408,003C37DF,0,1,1,4294967295,0,0
obj_Lv0Block01,1688,408,00237304,0,1,1,4294967295,0,0
obj_Lv0Block01,1720,440,001CD745,0,1,1,4294967295,0,0
obj_Lv0Block01,1688,440,00173006,0,1,1,4294967295,0,0
obj_Lv0Block01,1752,440,0035B9FF,0,1,1,4294967295,0,0
obj_Lv0Block01,1784,440,003D8D71,0,1,1,4294967295,0,0
obj_Lv0Block01,1752,424,001A3F61,0,1,1,4294967295,0,0
obj_Lv0Block01,1784,424,002B67AC,0,1,1,4294967295,0,0
obj_Lv0Block01,1816,440,0015DE87,0,1,1,4294967295,0,0
obj_Lv0Block01,1848,440,00394DBC,0,1,1,4294967295,0,0
obj_Lv0Block01,1944,536,0039FB9C,0,1,1,4294967295,0,0
obj_Lv0Block01,1912,536,0005A821,0,1,1,4294967295,0,0
obj_Lv0Block01,1880,536,000F8401,0,1,1,4294967295,0,0
obj_Lv0Block01,1880,520,000A9F78,0,1,1,4294967295,0,0
obj_Lv0Block01,1848,472,00010C01,0,1,1,4294967295,0,0
obj_Lv0Block01,1848,504,003AA148,0,1,1,4294967295,0,0
obj_Lv0Block01,1816,472,001094A0,0,1,1,4294967295,0,0
obj_Lv0Block01,1848,536,00390DA9,0,1,1,4294967295,0,0
obj_Lv0Block01,1816,504,0027ED98,0,1,1,4294967295,0,0
obj_Lv0Block01,1784,472,0038B925,0,1,1,4294967295,0,0
obj_Lv0Block01,2200,504,002F5F35,0,1,1,4294967295,0,0
obj_Lv0Block01,2232,504,003A47BA,0,1,1,4294967295,0,0
obj_Lv0Block01,2264,504,00118D89,0,1,1,4294967295,0,0
obj_Lv0Block01,2264,472,0006E128,0,1,1,4294967295,0,0
obj_Lv0Block01,2264,440,002672CD,0,1,1,4294967295,0,0
obj_Lv0Block01,2264,408,001E29D4,0,1,1,4294967295,0,0
obj_Lv0Block01,2264,376,000CA408,0,1,1,4294967295,0,0
obj_Lv0Block01,2264,344,001A9A60,0,1,1,4294967295,0,0
obj_Lv0Block01,2264,312,00106F28,0,1,1,4294967295,0,0
obj_Lv0Block01,2264,280,00314FB3,0,1,1,4294967295,0,0
obj_Lv0Block01,2264,248,002D52FE,0,1,1,4294967295,0,0
obj_Lv0Block01,2264,216,003938B1,0,1,1,4294967295,0,0
obj_Lv0Block01,2232,216,002043B3,0,1,1,4294967295,0,0
obj_Lv0Block01,2200,216,0012DA6A,0,1,1,4294967295,0,0
objSpikeRight,1280,552,002AF6F1,0,1,1,4294967295,0,0
objSpikeRight,1280,584,002A7D03,0,1,1,4294967295,0,0
objSpikeRight,1456,488,0025C4E5,0,1,1,4294967295,0,0
objMonitorRings,712,500,000B8A05,0,1,1,4294967295,0,0
obj_Lv0Block01,2072,216,00391FF7,0,1,1,4294967295,0,0
obj_Lv0Block01,2040,216,000D1682,0,1,1,4294967295,0,0
obj_Lv0Block01,2008,216,003F2125,0,1,1,4294967295,0,0
obj_Lv0Block01,1976,216,003C3EEA,0,1,1,4294967295,0,0
obj_Lv0Block01,1976,184,001FA619,0,1,1,4294967295,0,0
obj_Lv0Block01,1976,152,002FEA6D,0,1,1,4294967295,0,0
obj_Lv0Block01,1976,120,00235556,0,1,1,4294967295,0,0
obj_Lv0Block01,1976,88,00119847,0,1,1,4294967295,0,0
obj_Lv0Block01,1976,-8,002CDE69,0,1,1,4294967295,0,0
obj_Lv0Block01,2072,568,0022CC3F,0,1,1,4294967295,0,0
obj_Lv0Block01,2104,568,0007FC1E,0,1,1,4294967295,0,0
obj_Lv0Block01,2264,184,003A2F2F,0,1,1,4294967295,0,0
obj_Lv0Block01,2264,152,0024A197,0,1,1,4294967295,0,0
obj_Lv0Block01,2264,120,000505BD,0,1,1,4294967295,0,0
obj_Lv0Block01,2264,88,002E2C83,0,1,1,4294967295,0,0
obj_Lv0Block01,2264,56,0022A371,0,1,1,4294967295,0,0
obj_Lv0Block01,2264,24,002794E4,0,1,1,4294967295,0,0
obj_Lv0Block01,2264,-8,0020494D,0,1,1,4294967295,0,0
obj_Lvl0Block02,1976,456,0036A94F,0,1,1,4294967295,0,0
obj_Lv0Block01,2072,600,001CAD2B,0,1,1,4294967295,0,0
obj_Lv0Block01,2104,600,0015D1A2,0,1,1,4294967295,0,0
obj_Lv0Block01,2072,632,00349C17,0,1,1,4294967295,0,0
obj_Lv0Block01,2104,632,002E8BAA,0,1,1,4294967295,0,0
obj_Lv0Block01,2040,664,00132592,0,1,1,4294967295,0,0
obj_Lv0Block01,2008,664,0006D1F8,0,1,1,4294967295,0,0
obj_Lv0Block01,1976,664,002A1F4E,0,1,1,4294967295,0,0
obj_Lv0Block01,1976,768,000FC3F3,0,1,1,4294967295,0,0
obj_Lv0Block01,2008,768,000BE2C1,0,1,1,4294967295,0,0
obj_Lv0Block01,2040,768,003BD8B3,0,1,1,4294967295,0,0
obj_Lv0Block01,2072,768,00297E72,0,1,1,4294967295,0,0
obj_Lv0Block01,2104,768,000706B2,0,1,1,4294967295,0,0
obj_Lv0Block01,2136,768,003FEDC1,0,1,1,4294967295,0,0
obj_Lv0Block01,2168,768,00033AC8,0,1,1,4294967295,0,0
obj_Lv0Block01,2200,768,002E17CA,0,1,1,4294967295,0,0
obj_Lv0Block01,2232,768,001C9A63,0,1,1,4294967295,0,0
obj_Lv0Block01,2264,768,002459DE,0,1,1,4294967295,0,0
obj_Lv0Block01,2264,736,00189CA0,0,1,1,4294967295,0,0
obj_Lv0Block01,2264,704,00362520,0,1,1,4294967295,0,0
obj_Lv0Block01,2264,672,003011A9,0,1,1,4294967295,0,0
obj_Lv0Block01,2264,640,0012D929,0,1,1,4294967295,0,0
obj_Lv0Block01,2264,608,000FB7B3,0,1,1,4294967295,0,0
obj_Lv0Block01,2264,576,0002B756,0,1,1,4294967295,0,0
obj_Lv0Block01,2264,544,0005A93E,0,1,1,4294967295,0,0
obj_Lv0Block01,2264,536,0006DF6C,0,1,1,4294967295,0,0
objCheckpointOpen,856,528,003B3071,0,1,1,4294967295,0,0
objCheckpointOpen,1312,496,002C7E17,0,1,1,4294967295,0,0
objCheckpointOpen,2232,480,00353160,0,1,1,4294967295,0,0
objDasherUp,1656,344,003FB1E2,0,1,1,4294967295,0,0
objRingD,1776,88,003DC42F,0,1,1,4294967295,0,0
objRingD,1752,96,001B667E,0,1,1,4294967295,0,0
objRingD,1800,72,00152A84,0,1,1,4294967295,0,0
objRingD,1824,64,001E4EB0,0,1,1,4294967295,0,0
objRingD,1848,56,001347AF,0,1,1,4294967295,0,0
objRingD,1872,48,000C0F28,0,1,1,4294967295,0,0
objRingD,1896,48,001968E9,0,1,1,4294967295,0,0
objRingD,1920,56,002FAE5A,0,1,1,4294967295,0,0
objRingD,1952,56,0024A468,0,1,1,4294967295,0,0
objRingD,1976,48,000E2BEB,0,1,1,4294967295,0,0
objRingD,2024,64,001AB874,0,1,1,4294967295,0,0
objRingD,2000,56,00163A9B,0,1,1,4294967295,0,0
objRingD,2040,80,000D70E5,0,1,1,4294967295,0,0
objRingD,2056,88,00035784,0,1,1,4294967295,0,0
objRingD,1728,104,001DD9A1,0,1,1,4294967295,0,0
objSpringUp,360,424,00263555,0,1,1,4294967295,0,0
obj_Lv0Block01,344,440,000E9521,0,1,1,4294967295,0,0
obj_Lv0Block01,632,280,0030D92A,0,1,1,4294967295,0,0
obj_Lv0Block01,664,280,00350E8B,0,1,1,4294967295,0,0
obj_Lv0Block01,696,280,00089E3D,0,1,1,4294967295,0,0
obj_Lv0Block01,728,280,002F68F1,0,1,1,4294967295,0,0
obj_Lv0Block01,760,280,0004B855,0,1,1,4294967295,0,0
obj_Lv0Block01,792,280,002BFC1E,0,1,1,4294967295,0,0
obj_Lv0Block01,824,280,0015F08C,0,1,1,4294967295,0,0
object69,784,216,0027C293,0,1,1,4294967295,0,0
obj_Lv0Block01,856,280,0006A9EF,0,1,1,4294967295,0,0
obj_Lv0Block01,856,248,003E44BB,0,1,1,4294967295,0,0
obj_Lv0Block01,856,216,001DD1AE,0,1,1,4294967295,0,0
obj_Lv0Block01,856,184,003A20F7,0,1,1,4294967295,0,0
obj_Lv0Block01,856,152,00304ABD,0,1,1,4294967295,0,0
obj_Lv0Block01,856,120,0024D891,0,1,1,4294967295,0,0
obj_Lv0Block01,856,88,002BC7A9,0,1,1,4294967295,0,0
obj_Lv0Block01,856,56,0031D330,0,1,1,4294967295,0,0
obj_Lv0Block01,856,24,00059DAA,0,1,1,4294967295,0,0
obj_Lv0Block01,824,24,001D0A01,0,1,1,4294967295,0,0
obj_Lv0Block01,792,24,0020717A,0,1,1,4294967295,0,0
obj_Lv0Block01,760,24,0010107F,0,1,1,4294967295,0,0
obj_Lv0Block01,728,24,001065DC,0,1,1,4294967295,0,0
obj_Lv0Block01,696,24,00141FB9,0,1,1,4294967295,0,0
obj_Lv0Block01,664,24,000C676D,0,1,1,4294967295,0,0
obj_Lv0Block01,632,24,003C958E,0,1,1,4294967295,0,0
obj_Lv0Block01,600,24,002C4397,0,1,1,4294967295,0,0
obj_Lv0Block01,568,24,003A074C,0,1,1,4294967295,0,0
object67,784,56,00065768,0,1,1,4294967295,0,0
object66,544,56,001F8C0E,0,1,1,4294967295,0,0
objDasherUp,840,160,002CC066,0,1,1,4294967295,0,0
obj_Lv0Block01,512,112,0006DCDC,0,1,1,4294967295,0,0
obj_Lv0Block01,512,80,0007F8D4,0,1,1,4294967295,0,0
obj_Lv0Block01,512,56,00214C73,0,1,1,4294967295,0,0
obj_Lv0Block01,512,24,002D4B55,0,1,1,4294967295,0,0
obj_Lv0Block01,224,504,00172D3F,0,1,1,4294967295,0,0
obj_Lv0Block01,336,536,002D3E17,0,1,1,4294967295,0,0
obj_Lv0Block01,2072,664,000F2A63,0,1,1,4294967295,0,0
objMoveBlock,472,336,002DBCFB,0,1,1,4294967295,0,0
obj_Lv0Block01,1672,376,00065002,0,1,1,4294967295,0,0
obj_Lv0Block01,1672,344,003F8D58,0,1,1,4294967295,0,0
obj_Lv0Block01,1672,312,00031E0A,0,1,1,4294967295,0,0
obj_Lv0Block01,1672,280,002FBB42,0,1,1,4294967295,0,0
obj_Lv0Block01,1672,248,000E867C,0,1,1,4294967295,0,0
obj_Lv0Block01,1672,216,0009A911,0,1,1,4294967295,0,0
obj_Lv0Block01,1672,152,003142CC,0,1,1,4294967295,0,0
obj_Lv0Block01,1672,120,00172933,0,1,1,4294967295,0,0
obj_Lv0Block01,1672,88,0036F08F,0,1,1,4294967295,0,0
obj_Lv0Block01,1672,56,003F0D18,0,1,1,4294967295,0,0
obj_Lv0Block01,1672,24,0012B08C,0,1,1,4294967295,0,0
obj_Lv0Block01,1672,0,00218F1F,0,1,1,4294967295,0,0
obj_Lv0Block01,1640,0,0031D60B,0,1,1,4294967295,0,0
obj_Lv0Block01,1608,0,000D6355,0,1,1,4294967295,0,0
obj_Lv0Block01,1576,0,00385B59,0,1,1,4294967295,0,0
obj_Lv0Block01,1544,0,001564E0,0,1,1,4294967295,0,0
obj_Lv0Block01,1512,0,001A7967,0,1,1,4294967295,0,0
obj_Lv0Block01,1480,0,000CC5B4,0,1,1,4294967295,0,0
obj_Lv0Block01,1448,0,001583B2,0,1,1,4294967295,0,0
obj_Lv0Block01,1416,0,001F8BD8,0,1,1,4294967295,0,0
obj_Lv0Block01,1384,0,000F351D,0,1,1,4294967295,0,0
obj_Lv0Block01,1352,0,003E4C88,0,1,1,4294967295,0,0
obj_Lv0Block01,1320,0,003220C2,0,1,1,4294967295,0,0
obj_Lv0Block01,1288,0,001E581B,0,1,1,4294967295,0,0
obj_Lv0Block01,1256,0,0038A2A0,0,1,1,4294967295,0,0
obj_Lv0Block01,1224,0,002BCCF4,0,1,1,4294967295,0,0
obj_Lv0Block01,1192,0,0032B515,0,1,1,4294967295,0,0
obj_Lv0Block01,1160,0,003052AB,0,1,1,4294967295,0,0
obj_Lv0Block01,1128,0,001B8744,0,1,1,4294967295,0,0
obj_Lv0Block01,1096,0,00027F21,0,1,1,4294967295,0,0
obj_Lv0Block01,1016,248,0004B4A5,0,1,1,4294967295,0,0
obj_Lv0Block01,1016,216,00270F04,0,1,1,4294967295,0,0
obj_Lv0Block01,1016,184,0027D02A,0,1,1,4294967295,0,0
obj_Lv0Block01,1016,152,0010A7E3,0,1,1,4294967295,0,0
obj_Lv0Block01,1016,120,0001D332,0,1,1,4294967295,0,0
obj_Lv0Block01,1016,88,00138AAC,0,1,1,4294967295,0,0
obj_Lv0Block01,1016,56,003DBAC5,0,1,1,4294967295,0,0
obj_Lv0Block01,1016,24,0022EE52,0,1,1,4294967295,0,0
obj_Lv0Block01,1016,0,003166B1,0,1,1,4294967295,0,0
obj_Lv0Block01,1048,0,002D2447,0,1,1,4294967295,0,0
obj_Lv0Block01,1080,0,003DD472,0,1,1,4294967295,0,0
obj_Lvl0Block11,1112,24,000DD014,0,1,1,4294967295,0,0
obj_Lvl0Block12,1048,72,002081CE,0,1,1,4294967295,0,0
obj_Lvl0Block13,1040,112,00263F79,0,1,1,4294967295,0,0
obj_Lv0Block01,1048,40,004026FF,0,1,1,4294967295,0,0
obj_Lv0Block01,1080,40,003CEC28,0,1,1,4294967295,0,0
obj_Lv0Block01,1040,24,0018A569,0,1,1,4294967295,0,0
obj_Lv0Block01,1072,16,0013FA52,0,1,1,4294967295,0,0
obj_Lv0Block01,1096,16,0021376A,0,1,1,4294967295,0,0
object67,1600,32,0030CF37,0,1,1,4294967295,0,0
objRingD,832,760,0007EF88,0,1,1,4294967295,0,0
objRingD,872,760,0018D11B,0,1,1,4294967295,0,0
objRingD,912,760,0025CB83,0,1,1,4294967295,0,0
objRingD,952,760,002C1D2D,0,1,1,4294967295,0,0
objRingD,992,760,000626B5,0,1,1,4294967295,0,0
objRingD,1032,760,00169A54,0,1,1,4294967295,0,0
objRingD,1072,768,000172BB,0,1,1,4294967295,0,0
objRingD,1112,768,00146C01,0,1,1,4294967295,0,0
objRingD,1152,768,002B128D,0,1,1,4294967295,0,0
objRingD,1192,768,003BC73B,0,1,1,4294967295,0,0
objRingD,1232,768,00232815,0,1,1,4294967295,0,0
objRingD,1272,768,0026F838,0,1,1,4294967295,0,0
objRingD,1312,768,003DB8AB,0,1,1,4294967295,0,0
objRingD,1352,768,000C4332,0,1,1,4294967295,0,0
objRingD,1400,768,00316084,0,1,1,4294967295,0,0
objRingD,1448,768,002877BE,0,1,1,4294967295,0,0
objRingD,1496,768,00146ECF,0,1,1,4294967295,0,0
objRingD,1536,768,001DA620,0,1,1,4294967295,0,0
objRingD,1584,768,003AADA6,0,1,1,4294967295,0,0
objRingD,1624,768,000E61AE,0,1,1,4294967295,0,0
objRingD,1664,768,000C16D5,0,1,1,4294967295,0,0
objRingD,1704,768,00027552,0,1,1,4294967295,0,0
objRingD,1744,768,0024FB54,0,1,1,4294967295,0,0
objRingD,1784,768,002A79E4,0,1,1,4294967295,0,0
objRingD,1832,768,000BCC53,0,1,1,4294967295,0,0
objRingD,1856,752,00403661,0,1,1,4294967295,0,0
objRingD,1808,768,003D9F4E,0,1,1,4294967295,0,0
objRingD,1880,736,0032E77F,0,1,1,4294967295,0,0
obj_Lv0Block01,536,24,001F67E5,0,1,1,4294967295,0,0
obj_Lv0Block01,512,144,002A3DC0,0,1,1,4294967295,0,0
objRailEnd,304,248,0016135E,0,1,1,4294967295,0,0
objRailMain,352,248,00151B17,0,1,1,4294967295,0,0
objRailDown,400,248,003D251E,0,1,1,4294967295,0,0
obj_Lv0Block01,608,280,001DAFA2,0,1,1,4294967295,0,0
objRailDown,448,264,0031634A,0,1,1,4294967295,0,0
objRailEnd2,496,280,000BB226,0,1,1,4294967295,0,0
objRingD,1912,736,001E6DCB,0,1,1,4294967295,0,0
objRingD,1944,736,0018C0A9,0,1,1,4294967295,0,0
objRingD,1976,736,000A1769,0,1,1,4294967295,0,0
objRingD,2008,736,000263F8,0,1,1,4294967295,0,0
obj_Lv0Block01,2168,632,0023DF45,0,1,1,4294967295,0,0
obj_Lv0Block01,2136,600,00062D11,0,1,1,4294967295,0,0
obj_Lv0Block01,2136,632,00182540,0,1,1,4294967295,0,0
object69,2192,704,00250C30,0,1,1,4294967295,0,0
objSpringUp,2120,552,0007EDA1,0,1,1,4294967295,0,0
objDisc,624,440,001E17B8,0,1,1,4294967295,0,0
objDisc,800,408,003D6C86,0,1,1,4294967295,0,0
objTramp,1728,264,0001EE84,0,1,1,4294967295,0,0
obj_Lv0Block01,1400,416,003C90B1,0,1,1,4294967295,0,0
obj_Lv0Block01,1400,384,000DDC07,0,1,1,4294967295,0,0
obj_Lv0Block01,1400,352,001DE87B,0,1,1,4294967295,0,0
obj_Lv0Block01,1400,320,003EA900,0,1,1,4294967295,0,0
obj_Lv0Block01,1400,288,00146DE8,0,1,1,4294967295,0,0
obj_Lv0Block01,1400,256,002D7A04,0,1,1,4294967295,0,0
obj_Lv0Block01,1496,176,00313FFF,0,1,1,4294967295,0,0
obj_Lvl0Block07,1400,144,002351B6,0,1,1,4294967295,0,0
obj_Lvl0Block06,1432,80,0036DBBA,0,1,1,4294967295,0,0
obj_Lvl0Block04,1568,80,00105FCE,0,1,1,4294967295,0,0
obj_Lv0Block01,1400,224,0028EB7C,0,1,1,4294967295,0,0
obj_Lv0Block01,1400,208,0020F2B0,0,1,1,4294967295,0,0
obj_Lv0Block01,1432,144,001B69E7,0,1,1,4294967295,0,0
obj_Lv0Block01,1464,144,001AE0CC,0,1,1,4294967295,0,0
obj_Lv0Block01,1496,80,002006BC,0,1,1,4294967295,0,0
obj_Lv0Block01,1528,80,00343804,0,1,1,4294967295,0,0
obj_Lv0Block01,1536,80,002EAC7D,0,1,1,4294967295,0,0
obj_Lv0Block01,1536,112,00089383,0,1,1,4294967295,0,0
obj_Lv0Block01,1496,112,000EC32B,0,1,1,4294967295,0,0
obj_Lv0Block01,1512,112,002602D4,0,1,1,4294967295,0,0
obj_Lv0Block01,1496,144,003DEFF6,0,1,1,4294967295,0,0
obj_Lv0Block01,1528,144,002D0A4C,0,1,1,4294967295,0,0
obj_Lv0Block01,1544,144,00135828,0,1,1,4294967295,0,0
obj_Lv0Block01,1432,176,00333F7C,0,1,1,4294967295,0,0
obj_Lv0Block01,1464,176,002784D9,0,1,1,4294967295,0,0
obj_Lv0Block01,1432,208,003C1AA7,0,1,1,4294967295,0,0
obj_Lv0Block01,1544,176,002DE619,0,1,1,4294967295,0,0
obj_Lv0Block01,1520,176,0034DFA8,0,1,1,4294967295,0,0
obj_Lv0Block01,1464,208,00139619,0,1,1,4294967295,0,0
obj_Lv0Block01,1432,240,00019D2D,0,1,1,4294967295,0,0
objLayerToLow,1656,240,001F1021,0,1,1,4294967295,0,0
objLayerToHigh,1384,216,00363D0D,0,1,1,4294967295,0,0
objLayerSwitch,1384,336,000C5C53,0,1,1,4294967295,0,0
obj_Lv0Block01,0,792,0039A1AE,0,1,1,4294967295,0,0
obj_Lv0Block01,32,792,00292290,0,1,1,4294967295,0,0
obj_Lv0Block01,64,792,003259F5,0,1,1,4294967295,0,0
obj_Lv0Block01,96,792,001DF854,0,1,1,4294967295,0,0
obj_Lv0Block01,128,792,00082F3A,0,1,1,4294967295,0,0
obj_Lv0Block01,160,792,004009DD,0,1,1,4294967295,0,0
obj_Lv0Block01,192,792,00042AB9,0,1,1,4294967295,0,0
obj_Lv0Block01,224,792,003413C6,0,1,1,4294967295,0,0
obj_Lv0Block01,256,792,002DBA26,0,1,1,4294967295,0,0
obj_Lv0Block01,288,792,0009C224,0,1,1,4294967295,0,0
obj_Lv0Block01,320,792,002595C8,0,1,1,4294967295,0,0
obj_Lv0Block01,352,792,003CDF32,0,1,1,4294967295,0,0
obj_Lv0Block01,384,792,000E0638,0,1,1,4294967295,0,0
obj_Lv0Block01,416,792,001EBB74,0,1,1,4294967295,0,0
obj_Lv0Block01,448,792,0024B667,0,1,1,4294967295,0,0
obj_Lv0Block01,480,792,0027F7C9,0,1,1,4294967295,0,0
obj_Lv0Block01,512,792,0009480D,0,1,1,4294967295,0,0
obj_Lv0Block01,544,792,00042778,0,1,1,4294967295,0,0
obj_Lv0Block01,576,792,00103E15,0,1,1,4294967295,0,0
obj_Lv0Block01,608,792,0028A846,0,1,1,4294967295,0,0
obj_Lv0Block01,640,792,00207459,0,1,1,4294967295,0,0
obj_Lv0Block01,672,792,0037602A,0,1,1,4294967295,0,0
obj_Lv0Block01,704,792,0020AEC2,0,1,1,4294967295,0,0
obj_Lv0Block01,736,792,00315C1A,0,1,1,4294967295,0,0
obj_Lv0Block01,768,792,003DB3B4,0,1,1,4294967295,0,0
obj_Lv0Block01,800,792,00204CA9,0,1,1,4294967295,0,0
obj_Lv0Block01,832,792,003B3A44,0,1,1,4294967295,0,0
obj_Lv0Block01,864,792,0030FADD,0,1,1,4294967295,0,0
obj_Lv0Block01,896,792,00019CF9,0,1,1,4294967295,0,0
obj_Lv0Block01,928,792,0022EECD,0,1,1,4294967295,0,0
obj_Lv0Block01,960,792,003A4E3F,0,1,1,4294967295,0,0
obj_Lv0Block01,992,792,002826FA,0,1,1,4294967295,0,0
obj_Lv0Block01,1024,792,000A652A,0,1,1,4294967295,0,0
obj_Lv0Block01,1056,792,00066A0B,0,1,1,4294967295,0,0
obj_Lv0Block01,1088,792,0035EFD7,0,1,1,4294967295,0,0
obj_Lv0Block01,1120,792,003D8B58,0,1,1,4294967295,0,0
obj_Lv0Block01,1152,792,0032FDD8,0,1,1,4294967295,0,0
obj_Lv0Block01,1184,792,000794AB,0,1,1,4294967295,0,0
obj_Lv0Block01,1216,792,00161C71,0,1,1,4294967295,0,0
obj_Lv0Block01,1248,792,000756CB,0,1,1,4294967295,0,0
obj_Lv0Block01,1280,792,002318BA,0,1,1,4294967295,0,0
obj_Lv0Block01,1312,792,00312BA5,0,1,1,4294967295,0,0
obj_Lv0Block01,1344,792,000BFBDA,0,1,1,4294967295,0,0
obj_Lv0Block01,1376,792,0014496D,0,1,1,4294967295,0,0
obj_Lv0Block01,1408,792,0010B289,0,1,1,4294967295,0,0
obj_Lv0Block01,1440,792,002B1B4E,0,1,1,4294967295,0,0
obj_Lv0Block01,1472,792,001AD686,0,1,1,4294967295,0,0
obj_Lv0Block01,1504,792,0004FCD0,0,1,1,4294967295,0,0
obj_Lv0Block01,1536,792,00246862,0,1,1,4294967295,0,0
obj_Lv0Block01,1568,792,00006B13,0,1,1,4294967295,0,0
obj_Lv0Block01,1600,792,002D786B,0,1,1,4294967295,0,0
obj_Lv0Block01,1632,792,00242249,0,1,1,4294967295,0,0
obj_Lv0Block01,1664,792,00054937,0,1,1,4294967295,0,0
obj_Lv0Block01,1696,792,0028E73C,0,1,1,4294967295,0,0
obj_Lv0Block01,1728,792,000235B5,0,1,1,4294967295,0,0
obj_Lv0Block01,1760,792,002DAD0A,0,1,1,4294967295,0,0
obj_Lv0Block01,1792,792,0020E6AF,0,1,1,4294967295,0,0
obj_Lv0Block01,1824,792,0034D46D,0,1,1,4294967295,0,0
obj_Lv0Block01,1856,792,0009CE60,0,1,1,4294967295,0,0
obj_Lv0Block01,1888,792,001141FC,0,1,1,4294967295,0,0
obj_Lv0Block01,1920,792,000D7A94,0,1,1,4294967295,0,0
obj_Lv0Block01,1952,792,000E14CB,0,1,1,4294967295,0,0
obj_Lv0Block01,176,600,0020BCD7,0,1,1,4294967295,0,0
obj_Lv0Block01,176,696,0003F286,0,1,1,4294967295,0,0
obj_Lv0Block01,208,696,00401286,0,1,1,4294967295,0,0
obj_Lv0Block01,240,696,00098A60,0,1,1,4294967295,0,0
obj_Lv0Block01,272,696,00226522,0,1,1,4294967295,0,0
obj_Lv0Block01,144,696,00086DEC,0,1,1,4294967295,0,0
obj_Lv0Block01,112,696,0011EDEE,0,1,1,4294967295,0,0
obj_Lv0Block01,80,696,00180F34,0,1,1,4294967295,0,0
obj_Lv0Block01,32,632,001EABA6,0,1,1,4294967295,0,0
obj_Lv0Block01,32,664,002605B0,0,1,1,4294967295,0,0
obj_Lv0Block01,32,696,0031199C,0,1,1,4294967295,0,0
obj_Lv0Block01,56,696,00386362,0,1,1,4294967295,0,0
obj_Lv0Block01,928,616,000CCA14,0,1,1,4294967295,0,0
obj_Lv0Block01,960,616,00142647,0,1,1,4294967295,0,0
obj_Lv0Block01,992,616,0014CC05,0,1,1,4294967295,0,0
obj_Lv0Block01,1088,696,0016C08C,0,1,1,4294967295,0,0
obj_Lv0Block01,1056,648,0027B172,0,1,1,4294967295,0,0
objSpecialRing,2152,152,003353CD,0,1,1,4294967295,0,0
objRingD,2080,88,00335F7B,0,1,1,4294967295,0,0
objRingD,2104,96,001B96CA,0,1,1,4294967295,0,0
objRingD,2128,104,002CFDD2,0,1,1,4294967295,0,0
objRingD,2144,120,0036A2FF,0,1,1,4294967295,0,0
obj_Lv0Block01,624,744,00332096,0,1,1,4294967295,0,0
objPlayerPosition,48,296,00345090,0,1,1,4294967295,0,0
objRing,252,584,000C54E2,0,1,1,4294967295,0,0
objRing,276,584,0039F68D,0,1,1,4294967295,0,0
objRing,300,584,0030DD6A,0,1,1,4294967295,0,0
objRing,492,532,00397398,0,1,1,4294967295,0,0
objRing,516,532,00201020,0,1,1,4294967295,0,0
objRing,540,532,000745DE,0,1,1,4294967295,0,0
objRing,1144,456,0039C2EB,0,1,1,4294967295,0,0
objRing,1120,432,001F15E5,0,1,1,4294967295,0,0
objRing,1096,408,00194412,0,1,1,4294967295,0,0
objRing,1060,336,0025F2A2,0,1,1,4294967295,0,0
objRing,1060,288,002DFF2F,0,1,1,4294967295,0,0
objRing,1060,312,002EED8D,0,1,1,4294967295,0,0
objRing,1092,216,001E0A92,0,1,1,4294967295,0,0
objRing,1112,196,001606EC,0,1,1,4294967295,0,0
objRing,1132,176,000F2BE3,0,1,1,4294967295,0,0
objRing,1068,360,0019A585,0,1,1,4294967295,0,0
objRing,1080,384,0020A173,0,1,1,4294967295,0,0
objRing,1068,260,00359981,0,1,1,4294967295,0,0
objRing,1080,236,000CBF28,0,1,1,4294967295,0,0
objRing,1144,424,0001F684,0,1,1,4294967295,0,0
objRing,1124,400,000D48A8,0,1,1,4294967295,0,0
objRing,1112,372,000F4158,0,1,1,4294967295,0,0
objRing,1112,344,00316265,0,1,1,4294967295,0,0
objRing,1112,312,002CCCF8,0,1,1,4294967295,0,0
objRing,1112,284,00393909,0,1,1,4294967295,0,0
objRing,1116,256,00308942,0,1,1,4294967295,0,0
objRing,1136,232,0024AFD6,0,1,1,4294967295,0,0
objRing,2080,480,001651F7,0,1,1,4294967295,0,0
objRing,2048,472,000B708C,0,1,1,4294967295,0,0
objRing,2016,456,002728D3,0,1,1,4294967295,0,0
objRing,1168,448,000578FE,0,1,1,4294967295,0,0
objRing,1176,472,003E8BF8,0,1,1,4294967295,0,0
objRing,1208,488,003041CA,0,1,1,4294967295,0,0
objRing,1240,504,00245F0C,0,1,1,4294967295,0,0
objWaterBottom,0,792,002D2606,0,1,1,4294967295,0,0
objWaterBottom,352,792,00052A6F,0,1,1,4294967295,0,0
objWaterBottom,704,792,00298750,0,1,1,4294967295,0,0
objWaterBottom,1056,792,0006767E,0,1,1,4294967295,0,0
objWaterBottom,1408,792,003F9CF9,0,1,1,4294967295,0,0
objWaterBottom,1624,792,000CEEAE,0,1,1,4294967295,0,0
objWaterBottom,1976,792,003077F6,0,1,1,4294967295,0,0
obj_Lvl0Low01,1408,624,00244F42,0,1,1,4294967295,0,0
objLayerBlock,1672,184,003DB6DD,0,1,1,4294967295,0,0
obj_Lvl0Low01,1328,448,001B9C22,0,1,1,4294967295,0,0
objGRingUp,1936,768,001BF7C1,0,1,1,4294967295,0,0
objElev5,160,280,003DE73D,0,1,1,4294967295,0,0
objElev5,160,248,00195A5B,0,1,1,4294967295,0,0
objElev5,160,312,000DE75D,0,1,1,4294967295,0,0
objElev5,160,344,001BC396,0,1,1,4294967295,0,0
objElev5,160,376,000CC22A,0,1,1,4294967295,0,0
objElev5,160,408,0020D67C,0,1,1,4294967295,0,0
objElev5,160,440,003A5359,0,1,1,4294967295,0,0
objElev5,160,472,001FF234,0,1,1,4294967295,0,0
objElev5,160,520,0039D2DB,0,1,1,4294967295,0,0
objElev5,160,496,00221F71,0,1,1,4294967295,0,0
objElev4,64,224,0030CB25,0,1,1,4294967295,0,0
objElev4,64,192,001A37F4,0,1,1,4294967295,0,0
objElev4,64,312,000BCC20,0,1,1,4294967295,0,0
objElev4,64,344,003C3B28,0,1,1,4294967295,0,0
objElev4,64,376,001AB992,0,1,1,4294967295,0,0
objElev4,64,408,0012C916,0,1,1,4294967295,0,0
objElev4,64,440,003E42B1,0,1,1,4294967295,0,0
objElev4,64,472,001E3D04,0,1,1,4294967295,0,0
objElev4,64,504,00055D95,0,1,1,4294967295,0,0
objElev4,64,536,001BE6E2,0,1,1,4294967295,0,0
objElev4,64,568,002C8B82,0,1,1,4294967295,0,0
objElev5,160,216,000A8A02,0,1,1,4294967295,0,0
objElev5,160,192,0038DA5E,0,1,1,4294967295,0,0
objElev3,80,248,003F35D3,0,1,1,4294967295,0,0
objElev3,80,312,002368D3,0,1,1,4294967295,0,0
objElev3,80,376,003DA0DF,0,1,1,4294967295,0,0
objElev3,80,440,00082340,0,1,1,4294967295,0,0
objElev3,80,504,000F7DA7,0,1,1,4294967295,0,0
objElev3,80,536,0026D2C9,0,1,1,4294967295,0,0
objElev3,80,192,002D05BA,0,1,1,4294967295,0,0
objElev3,80,600,001E5BF6,0,1,1,4294967295,0,0
objElev3,80,640,001C52D9,0,1,1,4294967295,0,0
objElev5,160,600,00185938,0,1,1,4294967295,0,0
objElev5,160,608,00242191,0,1,1,4294967295,0,0
objElev4,64,600,000F8079,0,1,1,4294967295,0,0
objElev4,64,632,000CD474,0,1,1,4294967295,0,0
objElev4,64,664,0033F5DC,0,1,1,4294967295,0,0
objElev4,64,672,000C494F,0,1,1,4294967295,0,0
objWaterLine,1088,696,00154421,0,1,1,4294967295,0,0
objWaterLine,1440,696,0003E45A,0,1,1,4294967295,0,0
objWaterLine,1792,696,002860F5,0,1,1,4294967295,0,0
objWaterLine,2144,696,00081E17,0,1,1,4294967295,0,0
objWaterLine,736,696,001F857F,0,1,1,4294967295,0,0
objWaterLine,384,696,003328B6,0,1,1,4294967295,0,0
objWaterLine,32,696,0025A60F,0,1,1,4294967295,0,0
objWaterLine,0,696,0012239B,0,1,1,4294967295,0,0
objElevatorBlock,88,312,003BD0D0,0,1,1,4294967295,0,0
objController,0,0,00197F1E,0,1,1,4294967295,0,0
