objBGCHINA,40,0,003895B8,0,1,1,4294967295,0,0
objWaterfallSm,1920,2436,0021D0A2,0,1,1,4294967295,0,0
objWaterfallSm,2048,2436,003F6CC2,0,1,1,4294967295,0,0
objWaterfallSm,2092,2436,002192BD,0,1,1,4294967295,0,0
objScrew,17096,100,003EFAA6,0,1,1,4294967295,0,0
objScrew,17096,92,00203DCF,0,1,1,4294967295,0,0
objScrew,17096,84,000E11F7,0,1,1,4294967295,0,0
objScrew,17096,76,0011B657,0,1,1,4294967295,0,0
objScrew,17096,68,0033B0BE,0,1,1,4294967295,0,0
objScrew,17096,60,00198CEF,0,1,1,4294967295,0,0
objScrew,17096,132,003F57B7,0,1,1,4294967295,0,0
objScrew,17096,108,00285EE8,0,1,1,4294967295,0,0
objScrew,17096,116,0025F86D,0,1,1,4294967295,0,0
objScrew,17096,124,0024F0FA,0,1,1,4294967295,0,0
objScrew,17096,140,002DDF09,0,1,1,4294967295,0,0
objScrew,17096,148,0025500E,0,1,1,4294967295,0,0
objScrew,17096,156,001A8B32,0,1,1,4294967295,0,0
objScrew,17096,164,002034F0,0,1,1,4294967295,0,0
objScrew,17096,172,003FEBBA,0,1,1,4294967295,0,0
objScrew,17096,180,00062BF2,0,1,1,4294967295,0,0
objScrew,17096,188,003888BB,0,1,1,4294967295,0,0
objScrew,17096,196,003BFF4A,0,1,1,4294967295,0,0
objScrew,17096,204,003BCA86,0,1,1,4294967295,0,0
objScrew,17096,212,0001BD0E,0,1,1,4294967295,0,0
objScrew,17096,220,002D53BF,0,1,1,4294967295,0,0
objScrew,17096,228,001D911B,0,1,1,4294967295,0,0
objScrew,17096,236,001245D9,0,1,1,4294967295,0,0
objScrew,17096,244,0003412C,0,1,1,4294967295,0,0
objScrew,17096,252,0014F029,0,1,1,4294967295,0,0
objScrew,17096,260,0010E273,0,1,1,4294967295,0,0
objScrew,17096,268,002EE24E,0,1,1,4294967295,0,0
objScrew,17096,276,00063ECD,0,1,1,4294967295,0,0
objScrew,17096,284,003EEC2D,0,1,1,4294967295,0,0
objScrew,17096,292,000D612A,0,1,1,4294967295,0,0
objScrew,17096,300,002FA3A1,0,1,1,4294967295,0,0
objScrew,17096,308,00006B85,0,1,1,4294967295,0,0
objScrew,17096,324,003B4C31,0,1,1,4294967295,0,0
objScrew,17096,316,00285776,0,1,1,4294967295,0,0
objScrew,17096,332,003C0E38,0,1,1,4294967295,0,0
objScrew,17096,340,00197938,0,1,1,4294967295,0,0
objScrew,17096,348,002DD031,0,1,1,4294967295,0,0
objScrew,17096,356,00195918,0,1,1,4294967295,0,0
objScrew,17096,364,0039168D,0,1,1,4294967295,0,0
objScrew,17096,372,003EBC44,0,1,1,4294967295,0,0
objScrew,17096,380,002DDC2D,0,1,1,4294967295,0,0
objScrew,17096,388,000A3245,0,1,1,4294967295,0,0
objScrew,17096,396,0030B7B3,0,1,1,4294967295,0,0
objScrew,17096,404,0032EC0E,0,1,1,4294967295,0,0
objScrew,17096,412,0010A728,0,1,1,4294967295,0,0
objScrew,17096,420,00369336,0,1,1,4294967295,0,0
objScrew,17096,428,000E1AB0,0,1,1,4294967295,0,0
objScrew,17096,436,0008EAF5,0,1,1,4294967295,0,0
objScrew,17096,444,00092885,0,1,1,4294967295,0,0
objScrew,17096,452,00336937,0,1,1,4294967295,0,0
objScrew,17096,460,0022EE2F,0,1,1,4294967295,0,0
objScrew,17096,468,000775BC,0,1,1,4294967295,0,0
objScrew,17096,476,001680A6,0,1,1,4294967295,0,0
objScrew,17096,484,00074E6C,0,1,1,4294967295,0,0
objScrew,17096,492,00366CC3,0,1,1,4294967295,0,0
objScrew,17096,500,0004CB40,0,1,1,4294967295,0,0
objScrew,17096,508,000DDEF5,0,1,1,4294967295,0,0
objScrew,17096,516,0007A9EC,0,1,1,4294967295,0,0
objScrew,17096,524,0034833C,0,1,1,4294967295,0,0
objScrew,17096,532,001B6508,0,1,1,4294967295,0,0
objScrew,17096,540,001ABBE8,0,1,1,4294967295,0,0
objScrew,17096,548,00021769,0,1,1,4294967295,0,0
objScrew,17096,556,001D7164,0,1,1,4294967295,0,0
objScrew,17096,564,0023E0B5,0,1,1,4294967295,0,0
objScrew,17096,572,001EA153,0,1,1,4294967295,0,0
objScrew,17096,580,000BB569,0,1,1,4294967295,0,0
objScrew,17096,588,0029F556,0,1,1,4294967295,0,0
objScrew,17096,596,00359E79,0,1,1,4294967295,0,0
objScrew,17096,604,002E009C,0,1,1,4294967295,0,0
objScrew,17096,612,001A2967,0,1,1,4294967295,0,0
objScrew,17096,620,0025E609,0,1,1,4294967295,0,0
objScrew,17096,628,003AE7CC,0,1,1,4294967295,0,0
objScrew,17096,636,0032E5B2,0,1,1,4294967295,0,0
objScrew,17096,644,001F45AA,0,1,1,4294967295,0,0
objScrew,17096,652,00168FD8,0,1,1,4294967295,0,0
objScrew,17096,660,00396F48,0,1,1,4294967295,0,0
objScrew,17096,668,00120B67,0,1,1,4294967295,0,0
objScrew,17096,676,002DC941,0,1,1,4294967295,0,0
objScrew,17096,684,000D750F,0,1,1,4294967295,0,0
objScrew,17096,692,003CF7D9,0,1,1,4294967295,0,0
objScrew,17096,700,003D39AA,0,1,1,4294967295,0,0
objScrew,17096,708,003DC488,0,1,1,4294967295,0,0
objScrew,17096,716,001B829F,0,1,1,4294967295,0,0
objScrew,17096,724,002369D8,0,1,1,4294967295,0,0
objScrew,17096,732,002B1B2E,0,1,1,4294967295,0,0
objScrew,17096,740,00385D4B,0,1,1,4294967295,0,0
objScrew,17096,748,002774BE,0,1,1,4294967295,0,0
objScrew,17096,756,001A3DEC,0,1,1,4294967295,0,0
objScrew,17096,764,00057837,0,1,1,4294967295,0,0
objScrew,17096,772,0001A0B6,0,1,1,4294967295,0,0
objScrew,17096,780,003B1006,0,1,1,4294967295,0,0
objScrew,17096,788,002A6A91,0,1,1,4294967295,0,0
objScrew,17096,796,0022CBB2,0,1,1,4294967295,0,0
objTrickJump,1780,424,0028EFD8,0,1,1,4294967295,0,0
objButtonJump,4028,328,000327C0,0,1,1,4294967295,0,0
objRailMain,5888,552,0038588F,0,1,1,4294967295,0,0
objRailMain,5936,552,002DE4B0,0,1,1,4294967295,0,0
objRailMain,5984,552,003FD157,0,1,1,4294967295,0,0
objRailMain,6032,552,0003A641,0,1,1,4294967295,0,0
objRailMain,6080,552,0001AF98,0,1,1,4294967295,0,0
objRailMain,6128,552,00385B7F,0,1,1,4294967295,0,0
objRailMain,6176,552,000B0202,0,1,1,4294967295,0,0
objLauncher,6304,532,000EDFE4,0,1,1,4294967295,0,0
objRailEnd2,6224,552,00274B9D,0,1,1,4294967295,0,0
objRailEnd,5284,108,00375729,0,1,1,4294967295,0,0
objRailMain,5332,108,0038A0FC,0,1,1,4294967295,0,0
objRailMain,5372,108,000CD6A6,0,1,1,4294967295,0,0
objRailMain,5420,108,003BBE4D,0,1,1,4294967295,0,0
objRailMain,5468,108,002E826B,0,1,1,4294967295,0,0
objRailMain,5516,108,00002BE9,0,1,1,4294967295,0,0
objRailMain,5564,108,0005F237,0,1,1,4294967295,0,0
objRailMain,5612,108,00015668,0,1,1,4294967295,0,0
objRailMain,5660,108,001662A5,0,1,1,4294967295,0,0
objRailMain,5704,108,00077C54,0,1,1,4294967295,0,0
objRailMain,5752,108,0017C26D,0,1,1,4294967295,0,0
objRailDown,5800,108,002F0650,0,1,1,4294967295,0,0
objRailDown,5848,124,001CD6C6,0,1,1,4294967295,0,0
objRailDown,5896,140,003D760A,0,1,1,4294967295,0,0
objRailDown,5944,156,0011EFCD,0,1,1,4294967295,0,0
objRailDown,5992,172,003CCA7F,0,1,1,4294967295,0,0
objRailDown,6040,188,001AC408,0,1,1,4294967295,0,0
objRailDown,6088,204,00059AB7,0,1,1,4294967295,0,0
objRailMain,6136,220,001BE34A,0,1,1,4294967295,0,0
objRailMain,6184,220,001A3DA7,0,1,1,4294967295,0,0
objRailMain,6232,220,0007EE24,0,1,1,4294967295,0,0
objRailMain,6280,220,0016D2DA,0,1,1,4294967295,0,0
objRailMain,6328,220,000F8D00,0,1,1,4294967295,0,0
objRailMain,6376,220,003419D5,0,1,1,4294967295,0,0
objRailMain,6424,220,00026699,0,1,1,4294967295,0,0
objRailMain,6472,220,0039ECB9,0,1,1,4294967295,0,0
objRailDown2,6520,204,000B15B1,0,1,1,4294967295,0,0
objRailDown2,6568,188,0003E8AF,0,1,1,4294967295,0,0
objRailDown2,6616,172,0010BEC1,0,1,1,4294967295,0,0
objRailDown2,6664,156,0032F399,0,1,1,4294967295,0,0
objRailDown2,6712,140,0006069C,0,1,1,4294967295,0,0
objRailDown2,6760,124,003A88E0,0,1,1,4294967295,0,0
objRailMain,6808,124,001681F7,0,1,1,4294967295,0,0
objRailMain,6856,124,0024413D,0,1,1,4294967295,0,0
objRailMain,6904,124,000AB888,0,1,1,4294967295,0,0
objRailMain,6952,124,00172192,0,1,1,4294967295,0,0
objRailMain,7000,124,0001FFA7,0,1,1,4294967295,0,0
objRailMain,7048,124,000DE173,0,1,1,4294967295,0,0
objRailDowner,7096,124,0001D843,0,1,1,4294967295,0,0
objRailDowner,7120,148,0020E799,0,1,1,4294967295,0,0
objRailDowner,7144,172,000A375F,0,1,1,4294967295,0,0
objRailDowner,7168,196,001E2F03,0,1,1,4294967295,0,0
objRailDowner,7192,220,00101E1F,0,1,1,4294967295,0,0
objRailDowner,7216,244,00337B3F,0,1,1,4294967295,0,0
objRailDowner,7240,268,0022F3C8,0,1,1,4294967295,0,0
objRailDown,7264,292,0014B76E,0,1,1,4294967295,0,0
objRailDown,7312,308,00139B32,0,1,1,4294967295,0,0
objRailMain,7360,324,003109EC,0,1,1,4294967295,0,0
objRailMain,7408,324,001FB89C,0,1,1,4294967295,0,0
objRailMain,7456,324,000D001A,0,1,1,4294967295,0,0
objRailEnd2,7504,324,0021B4D8,0,1,1,4294967295,0,0
objSpringUp,7520,308,0031ADFE,0,1,1,4294967295,0,0
objRailMain,9520,136,000BFC0C,0,1,1,4294967295,0,0
objRailMain,9568,136,00113F6C,0,1,1,4294967295,0,0
objRailDown,9616,136,0032C599,0,1,1,4294967295,0,0
objRailDown,9664,152,001AF541,0,1,1,4294967295,0,0
objRailDown,9712,168,000EEE41,0,1,1,4294967295,0,0
objRailDown,9760,184,0029F12E,0,1,1,4294967295,0,0
objRailMain,9808,200,003BC8CB,0,1,1,4294967295,0,0
objRailMain,9856,200,001C369B,0,1,1,4294967295,0,0
objRailEnd2,9904,200,0001FABC,0,1,1,4294967295,0,0
objRingD,10488,568,002C7277,0,1,1,4294967295,0,0
objRingD,10520,548,00044AA7,0,1,1,4294967295,0,0
objRingD,10548,532,001885B5,0,1,1,4294967295,0,0
objRingD,10572,512,0032A78A,0,1,1,4294967295,0,0
objRingD,10592,484,001C9177,0,1,1,4294967295,0,0
objRingD,10596,448,00192602,0,1,1,4294967295,0,0
objRingD,10596,416,001BA063,0,1,1,4294967295,0,0
objRingD,10596,384,0013363D,0,1,1,4294967295,0,0
objRingD,10596,348,0002D1F1,0,1,1,4294967295,0,0
objRingD,10592,312,0006C949,0,1,1,4294967295,0,0
objRingD,10580,284,0002C871,0,1,1,4294967295,0,0
objRingD,10548,268,003701E3,0,1,1,4294967295,0,0
objRingD,10520,260,002B7684,0,1,1,4294967295,0,0
objRingD,10484,248,002101D0,0,1,1,4294967295,0,0
objRingD,10452,244,00167A11,0,1,1,4294967295,0,0
objRingD,10412,244,00395EFE,0,1,1,4294967295,0,0
objRingD,10372,236,000F5C5E,0,1,1,4294967295,0,0
objRingD,10336,220,001FCEB9,0,1,1,4294967295,0,0
objRingD,10308,196,001D3E56,0,1,1,4294967295,0,0
objRingD,10288,168,000E5A0F,0,1,1,4294967295,0,0
objRingD,10284,140,003E8146,0,1,1,4294967295,0,0
objRingD,10284,108,00368745,0,1,1,4294967295,0,0
objRingD,10296,88,00061446,0,1,1,4294967295,0,0
objRingD,10320,80,003F5232,0,1,1,4294967295,0,0
objRingD,10344,72,00273C4F,0,1,1,4294967295,0,0
objRingD,10372,68,000F3727,0,1,1,4294967295,0,0
objRingD,10400,68,00131B69,0,1,1,4294967295,0,0
objRingD,10428,68,00296ABD,0,1,1,4294967295,0,0
objDisc,10944,220,00369FF0,0,1,1,4294967295,0,0
objDisc,11056,280,002E3A1A,0,1,1,4294967295,0,0
objDisc,11164,348,003F32A3,0,1,1,4294967295,0,0
objDisc,11280,408,002B7070,0,1,1,4294967295,0,0
objDasherLeft,11264,544,000BCB3F,0,1,1,4294967295,0,0
objDasherLeft,8828,120,0006B6B9,0,1,1,4294967295,0,0
objDasherLeft,8248,120,002AFE05,0,1,1,4294967295,0,0
objLauncher,6468,528,0031C17D,0,1,1,4294967295,0,0
objLauncher,6468,396,00195E87,0,1,1,4294967295,0,0
objSpringDown,6468,100,00273A3D,0,1,1,4294967295,0,0
objCheckpointOpen,11660,540,002D0146,0,1,1,4294967295,0,0
objButtonJump,11728,532,002D695D,0,1,1,4294967295,0,0
objRailEnd,13012,480,0010AACA,0,1,1,4294967295,0,0
objRailMain,13060,480,0024246E,0,1,1,4294967295,0,0
objRailMain,13108,480,002C1362,0,1,1,4294967295,0,0
objRailMain,13156,480,000ABD59,0,1,1,4294967295,0,0
objRailMain,13204,480,00104638,0,1,1,4294967295,0,0
objRailMain,13252,480,000790F1,0,1,1,4294967295,0,0
objRailMain,13300,480,0003591A,0,1,1,4294967295,0,0
objRailMain,13348,480,000F7C80,0,1,1,4294967295,0,0
objRailMain,13396,480,0013FE85,0,1,1,4294967295,0,0
objRailMain,13444,480,000FED54,0,1,1,4294967295,0,0
objRailMain,13492,480,00396C34,0,1,1,4294967295,0,0
objRailMain,13540,480,0015BADF,0,1,1,4294967295,0,0
objRailMain,13588,480,003C0B53,0,1,1,4294967295,0,0
objRailMain,13636,480,001DC501,0,1,1,4294967295,0,0
objRailMain,13684,480,00227183,0,1,1,4294967295,0,0
objRailEnd2,13732,480,002D6CA7,0,1,1,4294967295,0,0
objRailMain,14944,312,000C6A58,0,1,1,4294967295,0,0
objRailMain,14992,312,0001167F,0,1,1,4294967295,0,0
objRailDown,15040,312,001F95B2,0,1,1,4294967295,0,0
objRailDown,15088,328,0038DE2F,0,1,1,4294967295,0,0
objRailDowner,15136,344,001B425B,0,1,1,4294967295,0,0
objRailDowner,15160,368,0024A178,0,1,1,4294967295,0,0
objRailDowner,15184,392,002E3CF2,0,1,1,4294967295,0,0
objRailDowner,15208,416,002CF29A,0,1,1,4294967295,0,0
objRailDowner,15232,440,002A97DF,0,1,1,4294967295,0,0
objRailDowner,15256,464,00237185,0,1,1,4294967295,0,0
objRailDowner,15280,488,0017D350,0,1,1,4294967295,0,0
objRailDowner,15304,512,002B47FC,0,1,1,4294967295,0,0
objRailDowner,15328,536,000768F5,0,1,1,4294967295,0,0
objRailDowner,15352,560,002D1A75,0,1,1,4294967295,0,0
objRailDown,15376,584,001BF579,0,1,1,4294967295,0,0
objRailDown,15424,600,003D012D,0,1,1,4294967295,0,0
objDasherLeft,14600,588,000DB377,0,1,1,4294967295,0,0
objDasherLeft,14948,588,0021F94E,0,1,1,4294967295,0,0
objDasherLeft,14532,296,003DE499,0,1,1,4294967295,0,0
objLayerToLow,15728,556,000596B3,0,1,1,4294967295,0,0
objLayerToHigh,16216,556,0002F0B4,0,1,1,4294967295,0,0
objLayerSwitch,15980,348,002AAC3B,0,1,1,4294967295,0,0
objLayerSwitch,16128,728,00327D3F,0,1,1,4294967295,0,0
objRailMain,16216,284,00168899,0,1,1,4294967295,0,0
objRailMain,16264,284,000E3D2B,0,1,1,4294967295,0,0
objRailDown2,16312,268,0016BDA1,0,1,1,4294967295,0,0
objRailDown2,16360,252,003A0544,0,1,1,4294967295,0,0
objRailDown2,16408,236,0015950E,0,1,1,4294967295,0,0
objRailDown2,16456,220,001D0E64,0,1,1,4294967295,0,0
objRailDown2,16504,204,002471F0,0,1,1,4294967295,0,0
objRailDown2,16552,188,003DDA64,0,1,1,4294967295,0,0
objRailDown2,16600,172,00037BCE,0,1,1,4294967295,0,0
objRailDown2,16648,156,001A232C,0,1,1,4294967295,0,0
objRailDown2,16696,140,001D48EE,0,1,1,4294967295,0,0
objRailDown2,16744,124,00204649,0,1,1,4294967295,0,0
objRailDown2,16792,108,00355DC1,0,1,1,4294967295,0,0
objRailMain,16840,108,0028C8B5,0,1,1,4294967295,0,0
objRailMain,16888,108,0009D54B,0,1,1,4294967295,0,0
objRailMain,16936,108,0038539F,0,1,1,4294967295,0,0
objRailMain,16984,108,0027E475,0,1,1,4294967295,0,0
objRailEnd2,17032,108,0026A0CE,0,1,1,4294967295,0,0
objBolt,17080,108,00092E61,0,1,1,4294967295,0,0
objBoltStopper,17080,28,00027318,0,1,1,4294967295,0,0
objBoltStopper,17080,796,0027A266,0,1,1,4294967295,0,0
objRingD,17632,40,0008ACA8,0,1,1,4294967295,0,0
objRingD,17672,40,002BF5FD,0,1,1,4294967295,0,0
objRingD,17704,48,0026A851,0,1,1,4294967295,0,0
objRingD,17732,64,000F431A,0,1,1,4294967295,0,0
objRingD,17764,76,0035A493,0,1,1,4294967295,0,0
objRingD,17796,88,00019760,0,1,1,4294967295,0,0
objRingD,17832,92,0036C06F,0,1,1,4294967295,0,0
objRingD,17868,92,00383E8E,0,1,1,4294967295,0,0
objRingD,17900,76,000E9862,0,1,1,4294967295,0,0
objRingD,17928,60,00194399,0,1,1,4294967295,0,0
objRingD,17956,44,002882E5,0,1,1,4294967295,0,0
objRingD,17988,36,00403150,0,1,1,4294967295,0,0
objRingD,18016,44,002F04DF,0,1,1,4294967295,0,0
objRingD,18040,56,003FDA93,0,1,1,4294967295,0,0
objRingD,18064,64,0010BF96,0,1,1,4294967295,0,0
objRingD,18088,72,001ED981,0,1,1,4294967295,0,0
objRingD,18112,80,002E35F9,0,1,1,4294967295,0,0
objRingD,18140,92,00200CAA,0,1,1,4294967295,0,0
objRingD,18172,84,003C95FE,0,1,1,4294967295,0,0
objRingD,18200,68,000FD506,0,1,1,4294967295,0,0
objRingD,18228,56,000E12D1,0,1,1,4294967295,0,0
objRingD,18252,44,0031643C,0,1,1,4294967295,0,0
objRingD,18280,32,00122FD9,0,1,1,4294967295,0,0
objRingD,18308,24,002811AC,0,1,1,4294967295,0,0
objRingD,18336,32,000463B6,0,1,1,4294967295,0,0
objRingD,18360,44,00322196,0,1,1,4294967295,0,0
objRingD,18384,60,0038F3F2,0,1,1,4294967295,0,0
objRingD,18400,76,003EAA5E,0,1,1,4294967295,0,0
objRingD,18420,84,0023437C,0,1,1,4294967295,0,0
objRingD,18444,92,00004C03,0,1,1,4294967295,0,0
objRingD,18472,108,000B4784,0,1,1,4294967295,0,0
objRingD,18500,112,0020274E,0,1,1,4294967295,0,0
objRingD,18528,116,00341933,0,1,1,4294967295,0,0
objZip,336,248,002E063D,0,1,1,4294967295,0,0
objZip,520,248,0037E82C,0,1,1,4294967295,0,0
objHandleLR,336,272,001328E6,0,1,1,4294967295,0,0
objTramp,364,536,00288918,0,1,1,4294967295,0,0
objSpringHigh,1304,2432,003DD5A2,0,1,1,4294967295,0,0
objPlayerPosition,104,532,00324BB7,0,1,1,4294967295,0,0
objWaterBottom,11344,624,0003A181,0,1,1,4294967295,0,0
objWaterBottom,11696,624,00132F82,0,1,1,4294967295,0,0
objRailBooster,9568,140,000C043E,0,1,1,4294967295,0,0
objRailBooster,14996,316,0037EC10,0,1,1,4294967295,0,0
objRainbowRingR,5268,56,003EDE1B,0,1,1,4294967295,0,0
objGRingRight,9980,172,002BB86A,0,1,1,4294967295,0,0
objGRingRight,10076,172,002F6BBC,0,1,1,4294967295,0,0
objGRingDown,10168,172,002CDD3E,0,1,1,4294967295,0,0
objGRingDown,10168,288,00336850,0,1,1,4294967295,0,0
objGRingDown,10172,404,003091E1,0,1,1,4294967295,0,0
objRainbowRingR,10172,560,002F658C,0,1,1,4294967295,0,0
objGRingRight,10432,68,00301DCE,0,1,1,4294967295,0,0
objGRingRight,10500,68,00011B90,0,1,1,4294967295,0,0
objGRingRight,10568,68,000B5672,0,1,1,4294967295,0,0
objGRingRight,13824,448,0003F657,0,1,1,4294967295,0,0
objGRingRight,13824,364,000F7588,0,1,1,4294967295,0,0
objGRingRight,13940,452,002B352E,0,1,1,4294967295,0,0
objGRingRight,13940,368,002932B0,0,1,1,4294967295,0,0
objGRingUp,14068,368,0019E188,0,1,1,4294967295,0,0
objGRingDown,14068,452,0018A9C4,0,1,1,4294967295,0,0
objRainbowRingR,14068,548,00141A6D,0,1,1,4294967295,0,0
objRainbowRingR,14064,272,00089B45,0,1,1,4294967295,0,0
objGRingRight,15232,260,0029FD71,0,1,1,4294967295,0,0
objGRingRight,15352,260,000F6FAE,0,1,1,4294967295,0,0
objGRingRight,15468,260,003F6428,0,1,1,4294967295,0,0
objGRingRight,15580,260,00150278,0,1,1,4294967295,0,0
objGRingUp,17632,304,00064700,0,1,1,4294967295,0,0
objGRingUp,17632,200,00276E1D,0,1,1,4294967295,0,0
objGRingUp,17632,108,0017FA3E,0,1,1,4294967295,0,0
objRingDashRU,1296,1708,002C24D6,0,1,1,4294967295,0,0
objRingDashRU,1436,1572,00091CCD,0,1,1,4294967295,0,0
objRingDashRD,1784,1252,00290411,0,1,1,4294967295,0,0
objRingDashRD,1928,1372,001B25A0,0,1,1,4294967295,0,0
objWaterLine,11696,560,0005BFDD,0,1,1,4294967295,0,0
objWaterLine,11344,560,0024819E,0,1,1,4294967295,0,0
objController,0,0,00197F1E,0,1,1,4294967295,0,0
