object366,136,124,003FC574,0,1,1,4294967295,0,0
objGoal,80184,4116,003817CF,0,1,1,4294967295,0,0
objTestSide,36652,3320,002DAB37,0,1,1,4294967295,0,0
objTestSide,36780,3320,00273D6B,0,1,1,4294967295,0,0
objTestSide,36908,3320,002605F3,0,1,1,4294967295,0,0
objTestSide,37036,3320,0032A0A2,0,1,1,4294967295,0,0
objTestSide,37036,3192,0039A377,0,1,1,4294967295,0,0
objTestSide,37036,3448,002DAC94,0,1,1,4294967295,0,0
objTestSide,37164,3448,00200EA6,0,1,1,4294967295,0,0
objTestSide,37292,3448,000A95DA,0,1,1,4294967295,0,0
objTestSide,37164,3320,0001A7F4,0,1,1,4294967295,0,0
objTestSide,37164,3192,00312ED6,0,1,1,4294967295,0,0
objTestSide,37292,3192,00317877,0,1,1,4294967295,0,0
objTestSide,37420,3192,001156BA,0,1,1,4294967295,0,0
objTestSide,37420,3448,0006EB53,0,1,1,4294967295,0,0
objTestSide,37548,3448,003EBB72,0,1,1,4294967295,0,0
objTestSide,37676,3448,003B58E3,0,1,1,4294967295,0,0
objTestSide,37804,3448,0000080E,0,1,1,4294967295,0,0
objTestSide,37932,3448,00396AD9,0,1,1,4294967295,0,0
objTestSide,38060,3448,000A4531,0,1,1,4294967295,0,0
objTestSide,37548,3192,0006C4B0,0,1,1,4294967295,0,0
objTestSide,37676,3192,00091838,0,1,1,4294967295,0,0
objTestSide,37804,3192,0015AE95,0,1,1,4294967295,0,0
objTestSide,37932,3192,00000631,0,1,1,4294967295,0,0
objTestSide,38060,3192,00022A1E,0,1,1,4294967295,0,0
objTestSide,38060,3320,00221708,0,1,1,4294967295,0,0
objTestSide,38188,3192,0027A7D9,0,1,1,4294967295,0,0
objTestSide,38188,3320,0005069B,0,1,1,4294967295,0,0
objTestSide,38188,3448,0035BD7B,0,1,1,4294967295,0,0
objTestSide,38316,3448,002BD578,0,1,1,4294967295,0,0
objTestSide,38316,3192,001C48D3,0,1,1,4294967295,0,0
objTestSide,38444,3192,0016896A,0,1,1,4294967295,0,0
objTestSide,38572,3192,0008DEC6,0,1,1,4294967295,0,0
objTestSide,38700,3192,002AE7B8,0,1,1,4294967295,0,0
objTestSide,38828,3192,002863CC,0,1,1,4294967295,0,0
objTestSide,38444,3448,0000452B,0,1,1,4294967295,0,0
objTestSide,38572,3448,0000C2D6,0,1,1,4294967295,0,0
objTestSide,38700,3448,0012FD6F,0,1,1,4294967295,0,0
objTestSide,38828,3448,000D71F6,0,1,1,4294967295,0,0
objTestSide,38956,3448,0036B26D,0,1,1,4294967295,0,0
objTestSide,39084,3464,0029746F,0,1,1,4294967295,0,0
objTestSide,39212,3480,0039444D,0,1,1,4294967295,0,0
objTestSide,39340,3496,00202748,0,1,1,4294967295,0,0
objTestSide,39468,3512,002C5AE8,0,1,1,4294967295,0,0
objTestSide,39596,3532,0035CEF0,0,1,1,4294967295,0,0
objTestSide,39724,3532,000E2F3F,0,1,1,4294967295,0,0
objTestSide,39852,3532,003B4547,0,1,1,4294967295,0,0
objTestSide,39980,3532,0013CA44,0,1,1,4294967295,0,0
objTestSide,40108,3532,002C25DE,0,1,1,4294967295,0,0
objTestSide,40108,3404,00172D67,0,1,1,4294967295,0,0
objTestSide,39980,3404,00219750,0,1,1,4294967295,0,0
objTestSide,39980,3276,00026276,0,1,1,4294967295,0,0
objTestSide,40108,3276,0004CF34,0,1,1,4294967295,0,0
objTestSide,39980,3148,00237D07,0,1,1,4294967295,0,0
objTestSide,39980,3020,001CC2B4,0,1,1,4294967295,0,0
objTestSide,39980,2892,00030B93,0,1,1,4294967295,0,0
objTestSide,40108,2892,0033C3DF,0,1,1,4294967295,0,0
objTestSide,40236,2892,00162FCF,0,1,1,4294967295,0,0
objTestSide,40364,2892,00361795,0,1,1,4294967295,0,0
objTestSide,40492,2892,0032BEA5,0,1,1,4294967295,0,0
objTestSide,40620,2892,00210200,0,1,1,4294967295,0,0
objTestSide,40748,2892,0024E3CE,0,1,1,4294967295,0,0
objTestSide,40556,3020,003AD4A7,0,1,1,4294967295,0,0
objTestSide,40684,3036,0010FCEA,0,1,1,4294967295,0,0
objTestSide,40812,3036,002CF3D4,0,1,1,4294967295,0,0
objTestSide,40876,2892,003DDACD,0,1,1,4294967295,0,0
objTestSide,40940,3020,000A4D59,0,1,1,4294967295,0,0
objTestSide,41004,2892,00028A1E,0,1,1,4294967295,0,0
objTestSide,41132,2892,001FE807,0,1,1,4294967295,0,0
objTestSide,41260,2892,001A218E,0,1,1,4294967295,0,0
objTestSide,40108,3148,003D032F,0,1,1,4294967295,0,0
objTestSide,38956,3192,000BDC65,0,1,1,4294967295,0,0
objTestSide,39084,3136,000249D2,0,1,1,4294967295,0,0
objTestSide,39212,3072,000EDC39,0,1,1,4294967295,0,0
objTestSide,39340,2996,00003117,0,1,1,4294967295,0,0
objTestSide,39468,2940,002322C7,0,1,1,4294967295,0,0
objTestSide,39596,2900,0020FCDD,0,1,1,4294967295,0,0
objTestSide,39724,2892,003E1244,0,1,1,4294967295,0,0
objTestSide,39852,2892,001DABB9,0,1,1,4294967295,0,0
objTestSide,38316,3320,00028D34,0,1,1,4294967295,0,0
objTestSide,37036,3496,0014AEE5,0,1,1,4294967295,0,0
objTestSide,37164,3496,001C28D1,0,1,1,4294967295,0,0
objTestSide,37292,3496,0022C34C,0,1,1,4294967295,0,0
objTestSide,37420,3496,0037C645,0,1,1,4294967295,0,0
objTestSide,37548,3496,0036EED1,0,1,1,4294967295,0,0
objTestSide,37676,3496,000F04A5,0,1,1,4294967295,0,0
objTestSide,37804,3496,0000B307,0,1,1,4294967295,0,0
objTestSide,37932,3496,0036E861,0,1,1,4294967295,0,0
objTestSide,37260,3320,00361DB1,0,1,1,4294967295,0,0
objTestSide,38060,3496,00344F48,0,1,1,4294967295,0,0
objTestSide,38188,3496,003F0854,0,1,1,4294967295,0,0
objTestSide,38316,3496,0013545E,0,1,1,4294967295,0,0
objTestSide,38444,3496,001522EA,0,1,1,4294967295,0,0
objTestSide,38444,3320,003639CB,0,1,1,4294967295,0,0
objTestSide,38572,3496,002E5F6A,0,1,1,4294967295,0,0
objTestSide,38700,3496,0002E153,0,1,1,4294967295,0,0
objTestSide,38828,3496,002A11B1,0,1,1,4294967295,0,0
objTestSide,38956,3496,0021AEA8,0,1,1,4294967295,0,0
objTestSide,39084,3496,00212C9B,0,1,1,4294967295,0,0
objTestSide,39212,3496,00292CD3,0,1,1,4294967295,0,0
objTestSide,40060,3100,0002A3DC,0,1,1,4294967295,0,0
objTestSide,40684,2908,003EB89A,0,1,1,4294967295,0,0
objTestSide,40812,2908,00313C9D,0,1,1,4294967295,0,0
objRailMain,0,208,0035888F,0,1,1,4294967295,0,0
objRailMain,48,208,0029FAEC,0,1,1,4294967295,0,0
objRailMain,96,208,003E7B61,0,1,1,4294967295,0,0
objRailMain,144,208,003618CE,0,1,1,4294967295,0,0
objRailMain,192,208,00300A06,0,1,1,4294967295,0,0
objRailMain,240,208,000F1F9B,0,1,1,4294967295,0,0
objRailMain,288,208,00246ADA,0,1,1,4294967295,0,0
objRailMain,336,208,001A656C,0,1,1,4294967295,0,0
objRailDowner,576,272,001E1F92,0,1,1,4294967295,0,0
objRailDowner,600,296,002C4FB5,0,1,1,4294967295,0,0
objRailDowner,624,320,001A9D48,0,1,1,4294967295,0,0
objRailDowner,648,344,000EA933,0,1,1,4294967295,0,0
objRailDowner,672,368,003B9B04,0,1,1,4294967295,0,0
objRailDowner,696,392,000CC081,0,1,1,4294967295,0,0
objRailDowner,720,416,00355AED,0,1,1,4294967295,0,0
objRailDowner,744,440,0027FFDD,0,1,1,4294967295,0,0
objRailDowner,768,464,00114856,0,1,1,4294967295,0,0
objRailDowner,792,488,0030C1AF,0,1,1,4294967295,0,0
objRailDowner,816,512,00390039,0,1,1,4294967295,0,0
objRailDowner,840,536,000A6990,0,1,1,4294967295,0,0
objRailDowner,864,560,00081A4E,0,1,1,4294967295,0,0
objRailDowner,888,584,000E9A4D,0,1,1,4294967295,0,0
object587,912,608,0005E925,0,1,1,4294967295,0,0
object587,984,680,000F5254,0,1,1,4294967295,0,0
object587,1056,752,001DF41C,0,1,1,4294967295,0,0
object587,1128,824,000FE7DC,0,1,1,4294967295,0,0
object587,1200,896,001CC7CB,0,1,1,4294967295,0,0
object587,1272,968,00231D29,0,1,1,4294967295,0,0
object587,1344,1040,003C14BB,0,1,1,4294967295,0,0
object587,1416,1112,002A448B,0,1,1,4294967295,0,0
object587,1488,1184,003C2C13,0,1,1,4294967295,0,0
object587,1560,1256,002CF6CD,0,1,1,4294967295,0,0
object587,1632,1328,0037F2E6,0,1,1,4294967295,0,0
object587,1704,1400,000FC449,0,1,1,4294967295,0,0
object587,1776,1472,002ECCC3,0,1,1,4294967295,0,0
object587,1848,1544,001DD57C,0,1,1,4294967295,0,0
object587,1920,1616,001A3740,0,1,1,4294967295,0,0
object587,1992,1688,003D797A,0,1,1,4294967295,0,0
object587,2064,1760,002AA491,0,1,1,4294967295,0,0
objRailDowner,2136,1832,001621E8,0,1,1,4294967295,0,0
objRailDowner,2160,1856,00162DC8,0,1,1,4294967295,0,0
object586,2184,1880,003AE7B6,0,1,1,4294967295,0,0
object586,2328,1928,0033454C,0,1,1,4294967295,0,0
object586,2472,1976,00207906,0,1,1,4294967295,0,0
object587,2616,2024,002CA905,0,1,1,4294967295,0,0
object587,2688,2096,003848CD,0,1,1,4294967295,0,0
object587,2760,2168,00041292,0,1,1,4294967295,0,0
object587,2832,2240,001126C8,0,1,1,4294967295,0,0
object587,2904,2312,0005F291,0,1,1,4294967295,0,0
object587,2976,2384,003C2922,0,1,1,4294967295,0,0
object587,3048,2456,001608C3,0,1,1,4294967295,0,0
object587,3120,2528,002A0BE6,0,1,1,4294967295,0,0
object587,3192,2600,001F0607,0,1,1,4294967295,0,0
object587,3264,2672,002B0730,0,1,1,4294967295,0,0
objRailDowner,3336,2744,00200412,0,1,1,4294967295,0,0
objRailDowner,3360,2768,002F5678,0,1,1,4294967295,0,0
object586,3384,2792,003083DC,0,1,1,4294967295,0,0
object586,3528,2840,003F808E,0,1,1,4294967295,0,0
object586,3672,2888,000A12DC,0,1,1,4294967295,0,0
objRailLong,3816,2936,002FB036,0,1,1,4294967295,0,0
objRailLong,3960,2936,001037D7,0,1,1,4294967295,0,0
objRailLong,4104,2936,0017FAA7,0,1,1,4294967295,0,0
objRailLong,4248,2936,001332C5,0,1,1,4294967295,0,0
objRailLong,4392,2936,000B96ED,0,1,1,4294967295,0,0
objRailLong,4536,2936,0014E365,0,1,1,4294967295,0,0
objRailLong,4680,2936,0014F06B,0,1,1,4294967295,0,0
objRailLong,4824,2936,003C8DCD,0,1,1,4294967295,0,0
objRailLong,4968,2936,001D8705,0,1,1,4294967295,0,0
objRailLong,5112,2936,00164B23,0,1,1,4294967295,0,0
objRailDowner,552,248,00095303,0,1,1,4294967295,0,0
objRailDowner,528,224,001E7D5D,0,1,1,4294967295,0,0
object588,472,208,002ED090,0,1,1,4294967295,0,0
objRailDowner,520,216,0038141D,0,1,1,4294967295,0,0
objRailMain,384,208,0019695A,0,1,1,4294967295,0,0
objRailMain,424,208,001B6382,0,1,1,4294967295,0,0
objRailLong,5256,2936,003C0154,0,1,1,4294967295,0,0
objRailLong,5400,2936,0036C72F,0,1,1,4294967295,0,0
objRailLong,5544,2936,002B26EA,0,1,1,4294967295,0,0
objRailLong,5688,2936,002F2A50,0,1,1,4294967295,0,0
objRailLong,5832,2936,0014986A,0,1,1,4294967295,0,0
objRailLong,5976,2936,00051B74,0,1,1,4294967295,0,0
objRailLong,6120,2936,002174D9,0,1,1,4294967295,0,0
objRailLong,6264,2936,0032B218,0,1,1,4294967295,0,0
objRailEnd2,6408,2936,0037AB4A,0,1,1,4294967295,0,0
objRailEnd,6256,2864,0012B023,0,1,1,4294967295,0,0
objRailLong,6304,2864,00289E34,0,1,1,4294967295,0,0
objRailLong,6448,2864,0034A77A,0,1,1,4294967295,0,0
objRailLong,6592,2864,00183600,0,1,1,4294967295,0,0
objRailLong,6736,2864,0025FFA1,0,1,1,4294967295,0,0
objRailLong,6880,2864,0029DA49,0,1,1,4294967295,0,0
objRailLong,7024,2864,0019DBB9,0,1,1,4294967295,0,0
objRailLong,7168,2864,000F1586,0,1,1,4294967295,0,0
objRailLong,7312,2864,00082A16,0,1,1,4294967295,0,0
objRailLong,7456,2864,000ECEF1,0,1,1,4294967295,0,0
objRailLong,7600,2864,0009D0C7,0,1,1,4294967295,0,0
object588,7744,2864,0001E5DA,0,1,1,4294967295,0,0
object587,7792,2872,000B665D,0,1,1,4294967295,0,0
object587,7864,2944,000B29A6,0,1,1,4294967295,0,0
objRailLong,7984,3024,0038E03A,0,1,1,4294967295,0,0
objRailLong,8128,3024,0023C803,0,1,1,4294967295,0,0
objRailLong,8272,3024,0005896B,0,1,1,4294967295,0,0
object590,7936,3016,00328025,0,1,1,4294967295,0,0
objRailLong,8416,3024,00332454,0,1,1,4294967295,0,0
objRailLong,8560,3024,003B113F,0,1,1,4294967295,0,0
objRailLong,8704,3024,002D7842,0,1,1,4294967295,0,0
objRailLong,8848,3024,0032697F,0,1,1,4294967295,0,0
objRailLong,8992,3024,001DE176,0,1,1,4294967295,0,0
objRailLong,9136,3024,002DF6E9,0,1,1,4294967295,0,0
objRailLong,9280,3024,00124B93,0,1,1,4294967295,0,0
objRailLong,9424,3024,0018D240,0,1,1,4294967295,0,0
objRailLong,9564,3024,002E400E,0,1,1,4294967295,0,0
objRailLong,9708,3024,00235204,0,1,1,4294967295,0,0
objRailLong,9852,3024,003C3BB5,0,1,1,4294967295,0,0
object253,9384,2872,001B4436,0,1,1,4294967295,0,0
object253,9512,2872,002A6204,0,1,1,4294967295,0,0
object253,9640,2872,00165574,0,1,1,4294967295,0,0
object253,9768,2872,000B2B52,0,1,1,4294967295,0,0
object253,9896,2872,0027009F,0,1,1,4294967295,0,0
objRailLong,9996,3024,001919B7,0,1,1,4294967295,0,0
objRailLong,10140,3024,000D8A51,0,1,1,4294967295,0,0
objRailLong,10284,3024,0006F6F9,0,1,1,4294967295,0,0
objRailLong,10428,3024,0011DDAD,0,1,1,4294967295,0,0
objRailLong,10572,3024,0010F664,0,1,1,4294967295,0,0
objSpikeBall,10688,3000,00333A24,0,1,1,4294967295,0,0
objSpikeBall,10772,3000,0012FE99,0,1,1,4294967295,0,0
objSpikeBall,10856,3000,0012839C,0,1,1,4294967295,0,0
objSpikeBall,10944,3000,002AC818,0,1,1,4294967295,0,0
objSpikeBall,11040,3000,001D80C4,0,1,1,4294967295,0,0
objSpikeBall,11140,3000,00173D12,0,1,1,4294967295,0,0
objRailMain,10716,3024,003598DE,0,1,1,4294967295,0,0
objRailLong,10764,3024,002A2123,0,1,1,4294967295,0,0
objRailLong,10908,3024,00283D25,0,1,1,4294967295,0,0
objRailLong,11052,3024,0036AFE7,0,1,1,4294967295,0,0
objRailLong,11196,3024,00184BA6,0,1,1,4294967295,0,0
objRailLong,11340,3024,00001AEA,0,1,1,4294967295,0,0
objRailLong,11484,3024,000A7BFA,0,1,1,4294967295,0,0
objRailLong,12484,2484,003DAFC6,0,1,1,4294967295,0,0
objRailLong,12628,2484,0000714B,0,1,1,4294967295,0,0
objRailLong,12772,2484,001A30D9,0,1,1,4294967295,0,0
objRailEnd,12436,2484,002C842E,0,1,1,4294967295,0,0
objRailMain,11628,3024,00052A37,0,1,1,4294967295,0,0
objRailMain,11676,3024,0035C352,0,1,1,4294967295,0,0
objRailDown2,11724,3008,003ECE5B,0,1,1,4294967295,0,0
objRailDown2,11748,3000,0007252A,0,1,1,4294967295,0,0
objDuckSign,9352,3000,0014F19F,0,1,1,4294967295,0,0
objJumpSign,10628,3000,0014DE1A,0,1,1,4294967295,0,0
objJumpSign,6220,2912,000E0163,0,1,1,4294967295,0,0
objRailLong,12916,2484,0032B18F,0,1,1,4294967295,0,0
objRailLong,13060,2484,001D74FD,0,1,1,4294967295,0,0
objRailLong,13200,2484,0026ACFE,0,1,1,4294967295,0,0
objRailLong,13340,2484,00081245,0,1,1,4294967295,0,0
objRailDown2,13484,2468,000B9D46,0,1,1,4294967295,0,0
objRailDown2,13532,2452,0039619B,0,1,1,4294967295,0,0
objRailDown2,13580,2436,000B3EB3,0,1,1,4294967295,0,0
objRailLong,13628,2436,00099614,0,1,1,4294967295,0,0
objRailLong,13772,2436,00361A4D,0,1,1,4294967295,0,0
objRailLong,13916,2436,002CD70E,0,1,1,4294967295,0,0
objRailLong,14060,2436,0027DBF7,0,1,1,4294967295,0,0
objRailDown2,14204,2420,000550F1,0,1,1,4294967295,0,0
objRailDown2,14252,2404,00049179,0,1,1,4294967295,0,0
objRailDown2,14300,2388,0031256C,0,1,1,4294967295,0,0
objRailDown2,14348,2372,00077F1E,0,1,1,4294967295,0,0
objRailDown2,14396,2356,000BA14F,0,1,1,4294967295,0,0
objRailLong,14444,2356,002B952C,0,1,1,4294967295,0,0
objRailLong,14588,2356,00249010,0,1,1,4294967295,0,0
objRailLong,14732,2356,003C4401,0,1,1,4294967295,0,0
objRailLong,14876,2356,0002E31A,0,1,1,4294967295,0,0
objRailLong,15020,2356,002677FD,0,1,1,4294967295,0,0
objRailLong,15164,2356,000C59A2,0,1,1,4294967295,0,0
objSpikeBall,14804,2316,00103BB1,0,1,1,4294967295,0,0
objSpikeBall,14980,2316,0004DAE2,0,1,1,4294967295,0,0
objSpikeBall,15144,2316,00167216,0,1,1,4294967295,0,0
objDuckSign,14740,2324,00221DFE,0,1,1,4294967295,0,0
objRailLong,15308,2356,0036E463,0,1,1,4294967295,0,0
objRailLong,15448,2356,0022C603,0,1,1,4294967295,0,0
objRailEnd2,15592,2356,00238ED0,0,1,1,4294967295,0,0
objButtonJump,15576,2324,00373E8F,0,1,1,4294967295,0,0
objRailLong,16932,2184,002AC04D,0,1,1,4294967295,0,0
objRailLong,17076,2184,0023B470,0,1,1,4294967295,0,0
objRailLong,17220,2184,0001521E,0,1,1,4294967295,0,0
objRailLong,17364,2184,000B2D94,0,1,1,4294967295,0,0
objCheckpointOpen,17080,2160,0008FF24,0,1,1,4294967295,0,0
objMonitorGreenBoost,16888,2068,00212A61,0,1,1,4294967295,0,0
objRailEnd,16884,2184,0007B0E6,0,1,1,4294967295,0,0
objRailLong,17508,2184,003F38FB,0,1,1,4294967295,0,0
objRailLong,17652,2184,003AC460,0,1,1,4294967295,0,0
objRailLong,17796,2184,00330588,0,1,1,4294967295,0,0
objRailLong,17940,2184,001B27D7,0,1,1,4294967295,0,0
objRailLong,18084,2184,001E9C06,0,1,1,4294967295,0,0
objRailLong,18228,2184,001454C1,0,1,1,4294967295,0,0
objRailLong,18368,2184,002EC7E4,0,1,1,4294967295,0,0
objRailLong,18512,2184,003734DB,0,1,1,4294967295,0,0
objDisc,18240,2164,000E9246,0,1,1,4294967295,0,0
objDisc,18420,2164,00267311,0,1,1,4294967295,0,0
objRailLong,18656,2184,000DECE2,0,1,1,4294967295,0,0
objRailLong,18800,2184,003788F1,0,1,1,4294967295,0,0
objRailLong,18944,2184,003804D6,0,1,1,4294967295,0,0
objRailLong,19088,2184,003FFDEB,0,1,1,4294967295,0,0
objRailLong,19232,2184,001D513E,0,1,1,4294967295,0,0
objNegaGUN,18716,2164,001045ED,0,1,1,4294967295,0,0
objNegaGUN,19044,2164,001B0C5D,0,1,1,4294967295,0,0
objNegaCopterC,19312,2064,003EBFA0,0,1,1,4294967295,0,0
objExtended,19308,1808,0027C7FE,0,1,1,4294967295,0,0
objRailLong,19376,2184,0033FF35,0,1,1,4294967295,0,0
objRailLong,19520,2184,000860FA,0,1,1,4294967295,0,0
objRailLong,19664,2184,00126886,0,1,1,4294967295,0,0
objRailLong,19808,2184,0021ACC8,0,1,1,4294967295,0,0
objDisc,19604,2164,003450DB,0,1,1,4294967295,0,0
objDisc,19748,2164,0006BA17,0,1,1,4294967295,0,0
objDisc,19876,2164,002A1018,0,1,1,4294967295,0,0
objRailLong,19948,2184,002603B0,0,1,1,4294967295,0,0
objRailLong,20092,2184,0000F276,0,1,1,4294967295,0,0
objRailLong,20236,2184,00036F9F,0,1,1,4294967295,0,0
objRailLong,20380,2184,0010BF8D,0,1,1,4294967295,0,0
objRailLong,20524,2184,0028955B,0,1,1,4294967295,0,0
objSpringDiagonalRight,20652,2168,0030470C,0,1,1,4294967295,0,0
object253,20668,2064,00382668,0,1,1,4294967295,0,0
object253,20668,1936,001571B0,0,1,1,4294967295,0,0
object253,20668,1808,0010CFF4,0,1,1,4294967295,0,0
object253,20280,1904,000F0287,0,1,1,4294967295,0,0
object253,20280,1776,003ED3FF,0,1,1,4294967295,0,0
object253,20280,1648,001EFB36,0,1,1,4294967295,0,0
object253,20280,1520,000028AE,0,1,1,4294967295,0,0
object253,20408,1520,000D3D59,0,1,1,4294967295,0,0
object253,20536,1520,0022CA30,0,1,1,4294967295,0,0
object253,20664,1520,0027DBD4,0,1,1,4294967295,0,0
object253,20792,1520,00163BFD,0,1,1,4294967295,0,0
object253,20920,1520,001E93B0,0,1,1,4294967295,0,0
object253,20668,2192,0005FCD2,0,1,1,4294967295,0,0
object253,20668,2320,00267ABD,0,1,1,4294967295,0,0
object253,20796,1808,00161B71,0,1,1,4294967295,0,0
object253,20924,1808,0002F5A9,0,1,1,4294967295,0,0
object253,21052,1808,00076036,0,1,1,4294967295,0,0
object253,21180,1808,0039BF5F,0,1,1,4294967295,0,0
object253,21048,1520,0021210F,0,1,1,4294967295,0,0
object253,21176,1520,0035C0F8,0,1,1,4294967295,0,0
object274,21308,1808,002512DF,0,1,1,4294967295,0,0
object253,21396,1808,0040134B,0,1,1,4294967295,0,0
object253,21396,1680,00077EA8,0,1,1,4294967295,0,0
object253,21396,1552,000E4930,0,1,1,4294967295,0,0
object253,21276,1520,00255EDB,0,1,1,4294967295,0,0
object253,21396,1936,001129A7,0,1,1,4294967295,0,0
object253,21396,2064,0004B30A,0,1,1,4294967295,0,0
object253,21268,2064,0038C8A2,0,1,1,4294967295,0,0
object253,21140,2064,0022405F,0,1,1,4294967295,0,0
object253,21012,2064,00214C4A,0,1,1,4294967295,0,0
object274,20796,2064,0007AFF3,0,1,1,4294967295,0,0
object253,20884,2064,002C4A61,0,1,1,4294967295,0,0
object253,20668,2448,0020ABFD,0,1,1,4294967295,0,0
object253,20796,2448,00227B6F,0,1,1,4294967295,0,0
object253,20860,2448,003CB6D0,0,1,1,4294967295,0,0
objDasherLeft,20904,2432,0027305E,0,1,1,4294967295,0,0
objRailLong,20988,2448,00303CF8,0,1,1,4294967295,0,0
object588,21132,2448,000F4E54,0,1,1,4294967295,0,0
object587,21180,2456,0018DB16,0,1,1,4294967295,0,0
object587,21252,2528,0038FFD7,0,1,1,4294967295,0,0
object587,21324,2600,001D394C,0,1,1,4294967295,0,0
object587,21396,2672,00129F1B,0,1,1,4294967295,0,0
object587,21468,2744,003F0222,0,1,1,4294967295,0,0
object587,21540,2816,003CCA1B,0,1,1,4294967295,0,0
object590,21616,2892,00117013,0,1,1,4294967295,0,0
objRailLong,21660,2900,0013E0C8,0,1,1,4294967295,0,0
objRailLong,21804,2900,001968F2,0,1,1,4294967295,0,0
objRailLong,21948,2900,00328F38,0,1,1,4294967295,0,0
objRailLong,22092,2900,000C9D4C,0,1,1,4294967295,0,0
objRailLong,22236,2900,000057F0,0,1,1,4294967295,0,0
objRailLong,22380,2900,0024B5DE,0,1,1,4294967295,0,0
objSpikeBall,21220,2036,0035C26B,0,1,1,4294967295,0,0
objSpikeBall,21132,1964,00318ADF,0,1,1,4294967295,0,0
objSpikeBall,21052,2036,00378AA1,0,1,1,4294967295,0,0
objSpikeBall,20968,1960,0025CC9B,0,1,1,4294967295,0,0
objSpikeBall,20892,2040,00200114,0,1,1,4294967295,0,0
objSpikeBall,21372,2036,00310564,0,1,1,4294967295,0,0
objRailLong,22524,2900,000FA007,0,1,1,4294967295,0,0
objRailLong,22668,2900,00250970,0,1,1,4294967295,0,0
objRailLong,22812,2900,00388562,0,1,1,4294967295,0,0
object253,22464,2752,0030481A,0,1,1,4294967295,0,0
object253,22720,2752,003F2863,0,1,1,4294967295,0,0
object253,22336,2752,000D480C,0,1,1,4294967295,0,0
object253,22208,2752,001C2D14,0,1,1,4294967295,0,0
object253,22080,2752,00126C51,0,1,1,4294967295,0,0
object253,22848,2752,00395260,0,1,1,4294967295,0,0
object253,22976,2752,00242CAC,0,1,1,4294967295,0,0
objRailLong,22956,2900,0021D5E9,0,1,1,4294967295,0,0
objRailLong,23100,2900,002332E0,0,1,1,4294967295,0,0
objRailLong,23244,2900,002E5D95,0,1,1,4294967295,0,0
objTrickJump,23324,2868,001C2DBB,0,1,1,4294967295,0,0
objRailEnd2,23388,2900,00043F16,0,1,1,4294967295,0,0
objDuckSign,22048,2868,002AD7C1,0,1,1,4294967295,0,0
object253,22768,2624,001ED977,0,1,1,4294967295,0,0
object253,22416,2624,0017171C,0,1,1,4294967295,0,0
object253,22416,2496,003673E6,0,1,1,4294967295,0,0
object253,22768,2496,00096A50,0,1,1,4294967295,0,0
object253,22544,2496,000D33A4,0,1,1,4294967295,0,0
object253,22672,2496,003842C0,0,1,1,4294967295,0,0
objMonitorInvincibility,22156,2724,000B3BBA,0,1,1,4294967295,0,0
objRailLong,24976,2912,00029CD7,0,1,1,4294967295,0,0
objRailLong,25120,2912,002348C2,0,1,1,4294967295,0,0
objRailLong,25264,2912,003B2608,0,1,1,4294967295,0,0
objRailLong,25408,2912,0036F4D7,0,1,1,4294967295,0,0
objRailLong,25552,2912,0034766E,0,1,1,4294967295,0,0
objRailEnd,24928,2912,00324CA8,0,1,1,4294967295,0,0
objRailLong,25696,2912,00125621,0,1,1,4294967295,0,0
objRailLong,25836,2912,003046C0,0,1,1,4294967295,0,0
objRailLong,25980,2912,0004CA8F,0,1,1,4294967295,0,0
objRailLong,26124,2912,0005ADCB,0,1,1,4294967295,0,0
objRailLong,26268,2912,00206A72,0,1,1,4294967295,0,0
objSpikeDown,25728,2860,001972E9,0,1,1,4294967295,0,0
objSpikeDown,25760,2860,00236180,0,1,1,4294967295,0,0
objSpikeDown,25792,2860,000F6C77,0,1,1,4294967295,0,0
objSpikeDown,25824,2860,002CC59A,0,1,1,4294967295,0,0
object254,25728,2828,0019597C,0,1,1,4294967295,0,0
object254,25908,2828,0003E2C7,0,1,1,4294967295,0,0
object254,26080,2828,000232A3,0,1,1,4294967295,0,0
objSpikeDown,25908,2860,000A92AD,0,1,1,4294967295,0,0
objSpikeDown,25940,2860,00268D54,0,1,1,4294967295,0,0
objSpikeDown,25972,2860,0014D885,0,1,1,4294967295,0,0
objSpikeDown,26004,2860,00056282,0,1,1,4294967295,0,0
objSpikeDown,26080,2860,00330438,0,1,1,4294967295,0,0
objSpikeDown,26112,2860,0013404A,0,1,1,4294967295,0,0
objSpikeDown,26144,2860,003552AA,0,1,1,4294967295,0,0
objSpikeDown,26176,2860,00354F01,0,1,1,4294967295,0,0
objDuckSign,25700,2888,00236529,0,1,1,4294967295,0,0
objRailEle,26412,2912,0039723E,0,1,1,4294967295,0,0
objRailEle,26556,2912,000A7159,0,1,1,4294967295,0,0
objRailEle,26700,2912,00389BDF,0,1,1,4294967295,0,0
objRailEle,26844,2912,00284BEC,0,1,1,4294967295,0,0
objRailEle,26988,2912,003382E6,0,1,1,4294967295,0,0
objRailEle,27132,2912,001EA03B,0,1,1,4294967295,0,0
objRailEle,27276,2912,0002FDDD,0,1,1,4294967295,0,0
objRailEle,27420,2912,00019952,0,1,1,4294967295,0,0
objRailEle,27564,2912,00252FBF,0,1,1,4294967295,0,0
objRailEle,27708,2912,000149DC,0,1,1,4294967295,0,0
objJumpSign,27788,2884,002A90EB,0,1,1,4294967295,0,0
objRailEle,28048,2852,0028B766,0,1,1,4294967295,0,0
objRailEle,28192,2852,001F046B,0,1,1,4294967295,0,0
objRailEle,28336,2852,00399EED,0,1,1,4294967295,0,0
objRailEle,28480,2852,0004C466,0,1,1,4294967295,0,0
objRailEle,28624,2852,0005BCAF,0,1,1,4294967295,0,0
objRailEle,28768,2852,003E2D32,0,1,1,4294967295,0,0
objRailEle,28912,2852,001E99A9,0,1,1,4294967295,0,0
objRailEle,29056,2852,00192D2B,0,1,1,4294967295,0,0
objRailEle,29200,2852,003E7254,0,1,1,4294967295,0,0
objRailEle,29344,2852,0036321B,0,1,1,4294967295,0,0
objRailEle,29488,2852,0008AB3C,0,1,1,4294967295,0,0
objRailEle,29632,2852,00378A20,0,1,1,4294967295,0,0
objRailEle,29776,2852,000819CE,0,1,1,4294967295,0,0
objRailEle,29920,2852,00058F54,0,1,1,4294967295,0,0
objRailEle,30064,2852,000F5F45,0,1,1,4294967295,0,0
objRailEle,30208,2852,001FB683,0,1,1,4294967295,0,0
objRailEle,30352,2852,000AB860,0,1,1,4294967295,0,0
objRailEleCont,16,0,002245E7,0,1,1,4294967295,0,0
objRailEleButton,26856,2704,002353C5,0,1,1,4294967295,0,0
objRailEleButton,26856,2404,002FB301,0,1,1,4294967295,0,0
objRailEleButton,26856,2104,001CF320,0,1,1,4294967295,0,0
objRailEleButton,26412,1760,003C68B0,0,1,1,4294967295,0,0
objRailEleButton,26412,1460,001DF5B4,0,1,1,4294967295,0,0
objRailEleButton,26412,1160,001C8FEE,0,1,1,4294967295,0,0
objRailEleButton,26412,860,000498A9,0,1,1,4294967295,0,0
objRailEleButton,26856,3004,00097E2F,0,1,1,4294967295,0,0
objRailEle,30496,2852,003279F8,0,1,1,4294967295,0,0
objRailEle,30640,2852,00121514,0,1,1,4294967295,0,0
objRailEle,30784,2852,002B6DC5,0,1,1,4294967295,0,0
objRailEle,30928,2852,00157896,0,1,1,4294967295,0,0
objRailEle,31072,2852,00395F1C,0,1,1,4294967295,0,0
objRailEle,31216,2852,001B9016,0,1,1,4294967295,0,0
objRailEle,31360,2852,0008BB1C,0,1,1,4294967295,0,0
objRailEle,31504,2852,002587FD,0,1,1,4294967295,0,0
objRailEle,31648,2852,00240942,0,1,1,4294967295,0,0
objRailEle,31792,2852,000F4480,0,1,1,4294967295,0,0
objRailEle,31936,2852,00192222,0,1,1,4294967295,0,0
objRailEle,32080,2852,00113B89,0,1,1,4294967295,0,0
objRailEle,32224,2852,0031E863,0,1,1,4294967295,0,0
objRailEle,32368,2852,0003855D,0,1,1,4294967295,0,0
objRailEle,32512,2852,003FC162,0,1,1,4294967295,0,0
objRailEle,32656,2852,003DC9EA,0,1,1,4294967295,0,0
object588,33376,2852,00113A5C,0,1,1,4294967295,0,0
object587,33424,2860,00232BAE,0,1,1,4294967295,0,0
object587,33496,2932,0009C2DE,0,1,1,4294967295,0,0
object587,33568,3004,0038D1EF,0,1,1,4294967295,0,0
object587,33640,3076,002A070E,0,1,1,4294967295,0,0
object587,33712,3148,00089561,0,1,1,4294967295,0,0
object587,33784,3220,001680B1,0,1,1,4294967295,0,0
object587,33856,3292,0006AE62,0,1,1,4294967295,0,0
object587,33928,3364,0018C925,0,1,1,4294967295,0,0
object587,34000,3436,0018EFA3,0,1,1,4294967295,0,0
object587,34072,3508,00324AE9,0,1,1,4294967295,0,0
objSpikeBall,33828,3188,003F04E2,0,1,1,4294967295,0,0
objSpikeBall,33752,3108,003A52A2,0,1,1,4294967295,0,0
objSpikeBall,33904,3268,0021824C,0,1,1,4294967295,0,0
objSpikeBall,33984,3344,000D669D,0,1,1,4294967295,0,0
object590,34148,3584,0025A59E,0,1,1,4294967295,0,0
objRailLong,34196,3592,002D1D0B,0,1,1,4294967295,0,0
objRailLong,34340,3592,00136835,0,1,1,4294967295,0,0
objRailLong,34484,3592,003FB280,0,1,1,4294967295,0,0
objRailLong,34628,3592,0005BB0A,0,1,1,4294967295,0,0
objRailLong,34772,3592,00097090,0,1,1,4294967295,0,0
objRailLong,34916,3592,000183F5,0,1,1,4294967295,0,0
object253,34656,3440,001808A4,0,1,1,4294967295,0,0
object253,34784,3440,0015ABFF,0,1,1,4294967295,0,0
object253,34912,3440,0016ABB5,0,1,1,4294967295,0,0
object253,35060,3592,00187DF1,0,1,1,4294967295,0,0
object253,35188,3592,00132115,0,1,1,4294967295,0,0
object253,34912,3312,00074E12,0,1,1,4294967295,0,0
object253,35040,3312,0019E885,0,1,1,4294967295,0,0
object253,35168,3312,0017443E,0,1,1,4294967295,0,0
object253,35192,3312,001307AD,0,1,1,4294967295,0,0
objSideSpring,35332,3584,003473BB,0,1,1,4294967295,0,0
objDuckSign,34612,3556,002B254C,0,1,1,4294967295,0,0
objCheckpointOpen,35096,3567,00211BE9,0,1,1,4294967295,0,0
objCheckpointOpen,20839,2423,0011A635,0,1,1,4294967295,0,0
objExtended,40812,3084,002212A4,0,1,1,4294967295,0,0
objTestSideLeft,39980,2900,00088EFD,0,1,1,4294967295,0,0
objTestSideLeft,40044,2900,000D1310,0,1,1,4294967295,0,0
objTestSideLeft,40108,2900,000DC232,0,1,1,4294967295,0,0
objTestSideLeft,39916,2900,002F8390,0,1,1,4294967295,0,0
objTestSideLeft,39852,2900,00369D7E,0,1,1,4294967295,0,0
objTestSideLeft,40172,2900,002D25F7,0,1,1,4294967295,0,0
objTestSideUp,40092,3596,00065AB8,0,1,1,4294967295,0,0
objTestSideUp,40092,3532,0009B6DC,0,1,1,4294967295,0,0
objTestSideUp,40092,3468,00028667,0,1,1,4294967295,0,0
objTestSideUp,40092,3404,0010335C,0,1,1,4294967295,0,0
objMonitorShield2,40168,3200,00278D7D,0,1,1,4294967295,0,0
objExtended,35224,3560,00184AA7,0,1,1,4294967295,0,0
objDisc,28968,2824,001A9CEB,0,1,1,4294967295,0,0
objDisc,29180,2824,001B2BC8,0,1,1,4294967295,0,0
objDisc,29380,2824,001AD5D8,0,1,1,4294967295,0,0
objNegaBuzzer,29688,2732,001D10B6,0,1,1,4294967295,0,0
objNegaBuzzer,30228,2736,002CF54A,0,1,1,4294967295,0,0
objNegaShark,29900,2920,0019EF1F,0,1,1,4294967295,0,0
objNegaShark,30068,2920,000075E5,0,1,1,4294967295,0,0
objEnemyBlock,29892,2944,001AAEAC,0,1,1,4294967295,0,0
objEnemyBlock,30064,2944,0020DD63,0,1,1,4294967295,0,0
objNegaGUN,30580,2832,0004AFC6,0,1,1,4294967295,0,0
objNegaGUN,30800,2832,0021C2E0,0,1,1,4294967295,0,0
objNegaGUN,31072,2832,001D8FA2,0,1,1,4294967295,0,0
object253,33248,2700,0000AEFC,0,1,1,4294967295,0,0
object253,33120,2700,003DCE99,0,1,1,4294967295,0,0
object253,32992,2700,00000B40,0,1,1,4294967295,0,0
objDuckSign,32956,2816,00177A8B,0,1,1,4294967295,0,0
objBalloon,43820,3300,0000924D,0,1,1,4294967295,0,0
objBalloon,44250,3130,001DE31E,0,1,1,4294967295,0,0
objBalloon,44660,3220,0036F3AD,0,1,1,4294967295,0,0
objBalloon,45090,3070,000D13F2,0,1,1,4294967295,0,0
objRailEnd,45320,3072,001C9BD0,0,1,1,4294967295,0,0
objRailLong,45368,3072,003AFCF5,0,1,1,4294967295,0,0
objRailLong,45512,3072,002D76E3,0,1,1,4294967295,0,0
objRailLong,45656,3072,0023CC88,0,1,1,4294967295,0,0
objRailLong,45800,3072,001A28CB,0,1,1,4294967295,0,0
objRailLong,45944,3072,0018D6DF,0,1,1,4294967295,0,0
objRailLong,46088,3072,0032232F,0,1,1,4294967295,0,0
objRailEle,46232,3072,002ECFCC,0,1,1,4294967295,0,0
objRailEle,46520,3072,000798C2,0,1,1,4294967295,0,0
objRailEle,47096,3072,0012D028,0,1,1,4294967295,0,0
objRailEle,46808,3072,001CC6C2,0,1,1,4294967295,0,0
objRailEle,47672,3072,002B8DF3,0,1,1,4294967295,0,0
objRailEle,47384,3072,00242D8C,0,1,1,4294967295,0,0
objRailLong,46376,3072,000E5FB1,0,1,1,4294967295,0,0
objRailLong,46664,3072,002EED08,0,1,1,4294967295,0,0
objRailLong,46952,3072,002B31C1,0,1,1,4294967295,0,0
objRailLong,47240,3072,002B0C79,0,1,1,4294967295,0,0
objRailLong,47528,3072,0022C5EE,0,1,1,4294967295,0,0
objRailLong,47816,3072,0031B570,0,1,1,4294967295,0,0
objRailLong,48680,3072,0038A28E,0,1,1,4294967295,0,0
objRailLong,48392,3072,000EAA5A,0,1,1,4294967295,0,0
objRailLong,49256,3072,0029979E,0,1,1,4294967295,0,0
objRailLong,49832,3072,0027BCD7,0,1,1,4294967295,0,0
objRailLong,48968,3072,0019ED78,0,1,1,4294967295,0,0
objRailLong,49544,3072,003D8321,0,1,1,4294967295,0,0
objRailLong,48104,3072,00011ECF,0,1,1,4294967295,0,0
objRailEle,47960,3072,003373E9,0,1,1,4294967295,0,0
objRailEle,48248,3072,001D692C,0,1,1,4294967295,0,0
objRailEle,48536,3072,00199F2D,0,1,1,4294967295,0,0
objRailEle,48824,3072,00171CA0,0,1,1,4294967295,0,0
objRailEle,49112,3072,00256349,0,1,1,4294967295,0,0
objRailEle,49400,3072,002E7E92,0,1,1,4294967295,0,0
objRailEle,49688,3072,002409C3,0,1,1,4294967295,0,0
objRailEle,49976,3072,00209234,0,1,1,4294967295,0,0
objRailEle,50840,3072,00370EFF,0,1,1,4294967295,0,0
objRailEle,50552,3072,00043BC0,0,1,1,4294967295,0,0
objRailEle,50264,3072,001E96B9,0,1,1,4294967295,0,0
objRailLong,50120,3072,003A497D,0,1,1,4294967295,0,0
objRailLong,50408,3072,0002322F,0,1,1,4294967295,0,0
objRailLong,50696,3072,00084485,0,1,1,4294967295,0,0
objRailLong,50984,3072,0006A51A,0,1,1,4294967295,0,0
objRailLong,51128,3072,003462FF,0,1,1,4294967295,0,0
objRailLong,51272,3072,001C3D07,0,1,1,4294967295,0,0
object588,51416,3072,0021F8F9,0,1,1,4294967295,0,0
object587,51464,3080,000F93FD,0,1,1,4294967295,0,0
object587,51536,3152,00235E8D,0,1,1,4294967295,0,0
object590,51612,3228,00020611,0,1,1,4294967295,0,0
objRailLong,51660,3236,00290441,0,1,1,4294967295,0,0
objRailLong,51804,3236,00187340,0,1,1,4294967295,0,0
objRailLong,51948,3236,001B4587,0,1,1,4294967295,0,0
objRailLong,52092,3236,001F60B2,0,1,1,4294967295,0,0
objRailLong,52236,3236,000C26D0,0,1,1,4294967295,0,0
objRailLong,52380,3236,0029AAAE,0,1,1,4294967295,0,0
objRailLong,52524,3236,000D0B3B,0,1,1,4294967295,0,0
objRailLong,52668,3236,003CFFAF,0,1,1,4294967295,0,0
objRailLong,52812,3236,000BA692,0,1,1,4294967295,0,0
objRailLong,52956,3236,0013783F,0,1,1,4294967295,0,0
objRailLong,53100,3236,000D72F7,0,1,1,4294967295,0,0
objRailLong,53244,3236,003E3BD7,0,1,1,4294967295,0,0
objRailLong,53388,3236,00357AEB,0,1,1,4294967295,0,0
objRailLong,53532,3236,001A6B75,0,1,1,4294967295,0,0
objRailLong,53676,3236,001B76CF,0,1,1,4294967295,0,0
objRailLong,53820,3236,001E53F0,0,1,1,4294967295,0,0
objRailLong,53964,3236,0023521B,0,1,1,4294967295,0,0
objRailLong,54108,3236,002A0B55,0,1,1,4294967295,0,0
objRailLong,54252,3236,000DEA1F,0,1,1,4294967295,0,0
objRailLong,54396,3236,0031480A,0,1,1,4294967295,0,0
objRailLong,54540,3236,000A9FB0,0,1,1,4294967295,0,0
objRailLong,54684,3236,001B8039,0,1,1,4294967295,0,0
objRailLong,54828,3236,001FDD1B,0,1,1,4294967295,0,0
objRailLong,54972,3236,0039B766,0,1,1,4294967295,0,0
objRailLong,55116,3236,003A7A5C,0,1,1,4294967295,0,0
objRailLong,55260,3236,002A40EC,0,1,1,4294967295,0,0
objCheckpointOpen,51676,3212,00208BC9,0,1,1,4294967295,0,0
objRailEleButton,46232,2884,0039FCA6,0,1,1,4294967295,0,0
objRailEleButton,46232,3184,00379CB4,0,1,1,4294967295,0,0
objRailEleButton,46232,2584,00404529,0,1,1,4294967295,0,0
objRailEleButton,46232,2284,002106A7,0,1,1,4294967295,0,0
objRailEleButton,46232,1984,00306538,0,1,1,4294967295,0,0
objRailEleButton,46232,1684,00389C37,0,1,1,4294967295,0,0
objRailEleButton,46232,1384,0016F54E,0,1,1,4294967295,0,0
objRailEleButton,46232,1084,0003AC31,0,1,1,4294967295,0,0
objRailEleButton,46232,784,0002EDBE,0,1,1,4294967295,0,0
objRailEleButton,46232,484,000BCDAF,0,1,1,4294967295,0,0
objRailLong,55404,3236,0037E3B6,0,1,1,4294967295,0,0
objRailLong,55548,3236,0026EE51,0,1,1,4294967295,0,0
objRailLong,55692,3236,002E2817,0,1,1,4294967295,0,0
objRailLong,55836,3236,000B0408,0,1,1,4294967295,0,0
objRailLong,55980,3236,00343A7D,0,1,1,4294967295,0,0
objRailLong,56124,3236,002F0F5F,0,1,1,4294967295,0,0
objRailLong,56268,3236,0016CE5A,0,1,1,4294967295,0,0
objRailLong,56408,3236,00079B8D,0,1,1,4294967295,0,0
objRailLong,56552,3236,00047ED9,0,1,1,4294967295,0,0
objRailLong,56696,3236,000A6B65,0,1,1,4294967295,0,0
objRailLong,56840,3236,0037F45E,0,1,1,4294967295,0,0
objRailLong,56984,3236,00324B72,0,1,1,4294967295,0,0
objRailLong,57128,3236,000699E0,0,1,1,4294967295,0,0
objRailLong,57268,3236,0013D576,0,1,1,4294967295,0,0
objRailLong,57412,3236,0027E523,0,1,1,4294967295,0,0
objRailLong,57556,3236,00095372,0,1,1,4294967295,0,0
objRailLong,57700,3236,0025C28F,0,1,1,4294967295,0,0
objRailLong,57844,3236,0009B741,0,1,1,4294967295,0,0
objRailLong,57988,3236,000F280E,0,1,1,4294967295,0,0
objRailLong,58128,3236,00317A50,0,1,1,4294967295,0,0
object588,58272,3236,00095D0E,0,1,1,4294967295,0,0
object587,58320,3244,00249EC2,0,1,1,4294967295,0,0
object587,58392,3316,002EAC0D,0,1,1,4294967295,0,0
object590,58468,3392,0020F2EB,0,1,1,4294967295,0,0
objRailLong,58516,3400,0035B7B6,0,1,1,4294967295,0,0
objRailLong,58660,3400,001F9101,0,1,1,4294967295,0,0
objRailLong,58804,3400,0029FFDB,0,1,1,4294967295,0,0
objRailLong,58948,3400,0024AC31,0,1,1,4294967295,0,0
objRailLong,59092,3400,00152535,0,1,1,4294967295,0,0
objRailLong,59232,3400,001D80FE,0,1,1,4294967295,0,0
objRailLong,59376,3400,001AD845,0,1,1,4294967295,0,0
objRailLong,59520,3400,00066E57,0,1,1,4294967295,0,0
objRailLong,59660,3400,003C9F1C,0,1,1,4294967295,0,0
objRailLong,59804,3400,001F3CB8,0,1,1,4294967295,0,0
objRailLong,59948,3400,003D55CD,0,1,1,4294967295,0,0
objRailLong,60092,3400,00395902,0,1,1,4294967295,0,0
objRailLong,60236,3400,003D41F9,0,1,1,4294967295,0,0
objRailLong,60380,3400,0013159C,0,1,1,4294967295,0,0
objRailLong,60524,3400,001907E5,0,1,1,4294967295,0,0
objRailLong,60668,3400,0035CDC1,0,1,1,4294967295,0,0
objRailLong,60812,3400,0036C93B,0,1,1,4294967295,0,0
objRailLong,60956,3400,0014CED8,0,1,1,4294967295,0,0
objRailLong,61100,3400,001CFB78,0,1,1,4294967295,0,0
objRailLong,61244,3400,000A7E57,0,1,1,4294967295,0,0
objRailLong,61380,3400,001F4CB2,0,1,1,4294967295,0,0
objRailLong,61524,3400,0003DE68,0,1,1,4294967295,0,0
objRailLong,61668,3400,002BAF01,0,1,1,4294967295,0,0
objRailLong,61812,3400,002C15CE,0,1,1,4294967295,0,0
objRailLong,61956,3400,000EEFF4,0,1,1,4294967295,0,0
objRailLong,62100,3400,0028ECAD,0,1,1,4294967295,0,0
objRailLong,62244,3400,002F9B32,0,1,1,4294967295,0,0
objRailLong,62388,3400,00232E7F,0,1,1,4294967295,0,0
objRailLong,62532,3400,0028F3CC,0,1,1,4294967295,0,0
objRailLong,62676,3400,002E85BF,0,1,1,4294967295,0,0
objRailLong,62820,3400,001862CC,0,1,1,4294967295,0,0
objRailLong,62964,3400,000BFCEC,0,1,1,4294967295,0,0
objRailLong,63108,3400,000D1227,0,1,1,4294967295,0,0
objRailLong,63252,3400,000801F9,0,1,1,4294967295,0,0
objRailLong,63396,3400,0034B9EA,0,1,1,4294967295,0,0
objRailLong,63540,3400,00215C59,0,1,1,4294967295,0,0
objRailLong,63684,3400,000EA415,0,1,1,4294967295,0,0
objRailLong,63828,3400,002ABCC3,0,1,1,4294967295,0,0
objRailLong,63972,3400,002A122F,0,1,1,4294967295,0,0
objRailLong,64116,3400,002443A7,0,1,1,4294967295,0,0
objRailLong,64260,3400,0038232F,0,1,1,4294967295,0,0
objRailLong,64404,3400,000F70D9,0,1,1,4294967295,0,0
objRailLong,64548,3400,00210CDF,0,1,1,4294967295,0,0
objRailLong,64692,3400,00002BB1,0,1,1,4294967295,0,0
objRailLong,64836,3400,003980E7,0,1,1,4294967295,0,0
objRailLong,64980,3400,00085B99,0,1,1,4294967295,0,0
objRailLong,65124,3400,0005174C,0,1,1,4294967295,0,0
objRailLong,65268,3400,0019A5EE,0,1,1,4294967295,0,0
objRailLong,65412,3400,002C3C37,0,1,1,4294967295,0,0
objRailLong,65556,3400,003C40F6,0,1,1,4294967295,0,0
objRailLong,65700,3400,000DC705,0,1,1,4294967295,0,0
objRailLong,65844,3400,0004BBD6,0,1,1,4294967295,0,0
objRailLong,65988,3400,0025F297,0,1,1,4294967295,0,0
objRailLong,66132,3400,00311FA6,0,1,1,4294967295,0,0
objRailLong,66276,3400,00122C47,0,1,1,4294967295,0,0
objRailLong,66420,3400,0037322F,0,1,1,4294967295,0,0
objRailLong,66564,3400,002626A4,0,1,1,4294967295,0,0
objRailLong,66708,3400,001EF1ED,0,1,1,4294967295,0,0
objRailLong,66852,3400,003BFCC8,0,1,1,4294967295,0,0
objRailLong,66996,3400,000E436F,0,1,1,4294967295,0,0
objRailLong,67140,3400,003A131C,0,1,1,4294967295,0,0
objRailLong,67284,3400,000D07DB,0,1,1,4294967295,0,0
objRailLong,67428,3400,003A61E4,0,1,1,4294967295,0,0
objRailLong,67572,3400,001FB42E,0,1,1,4294967295,0,0
objRailLong,67716,3400,00009B7B,0,1,1,4294967295,0,0
objRailLong,67860,3400,0014B8A9,0,1,1,4294967295,0,0
objRailLong,68004,3400,002AFF7D,0,1,1,4294967295,0,0
objRailLong,68148,3400,000B7367,0,1,1,4294967295,0,0
objRailLong,68292,3400,000C219D,0,1,1,4294967295,0,0
objRailLong,68436,3400,002EA122,0,1,1,4294967295,0,0
objRailLong,68580,3400,0038DAAE,0,1,1,4294967295,0,0
objRailLong,68724,3400,0026151C,0,1,1,4294967295,0,0
objRailLong,68868,3400,0027B2E0,0,1,1,4294967295,0,0
objRailLong,69008,3400,0001F453,0,1,1,4294967295,0,0
objRailLong,69152,3400,00055466,0,1,1,4294967295,0,0
objRailLong,69296,3400,001372C7,0,1,1,4294967295,0,0
objRailLong,69440,3400,0020D434,0,1,1,4294967295,0,0
objRailLong,69584,3400,003E948A,0,1,1,4294967295,0,0
objRailLong,69728,3400,00009C85,0,1,1,4294967295,0,0
objRailLong,69872,3400,0006CF63,0,1,1,4294967295,0,0
objRailLong,70016,3400,003DC0F5,0,1,1,4294967295,0,0
objRailLong,70160,3400,0012E53B,0,1,1,4294967295,0,0
objRailLong,70304,3400,001F84A5,0,1,1,4294967295,0,0
objRailLong,70448,3400,0022738A,0,1,1,4294967295,0,0
objRailLong,70592,3400,0019B09A,0,1,1,4294967295,0,0
objRailLong,70736,3400,002EDDEA,0,1,1,4294967295,0,0
objRailLong,70880,3400,0036788F,0,1,1,4294967295,0,0
objRailLong,71024,3400,00080FFE,0,1,1,4294967295,0,0
objRailLong,71168,3400,0036F220,0,1,1,4294967295,0,0
objRailLong,71312,3400,003F01D4,0,1,1,4294967295,0,0
objRailLong,71456,3400,000A7426,0,1,1,4294967295,0,0
objRailLong,71600,3400,003AB76B,0,1,1,4294967295,0,0
objRailLong,71744,3400,001AFB5A,0,1,1,4294967295,0,0
objRailLong,71888,3400,0030A088,0,1,1,4294967295,0,0
objRailLong,72032,3400,003C3CB8,0,1,1,4294967295,0,0
objRailLong,72176,3400,003BC2A2,0,1,1,4294967295,0,0
objRailLong,72320,3400,0027737B,0,1,1,4294967295,0,0
objRailLong,72464,3400,001097D5,0,1,1,4294967295,0,0
objRailLong,72608,3400,003C9BE1,0,1,1,4294967295,0,0
objRailLong,72752,3400,00292DB0,0,1,1,4294967295,0,0
objRailLong,72896,3400,00235C0D,0,1,1,4294967295,0,0
objRailLong,73040,3400,002D70D9,0,1,1,4294967295,0,0
objRailLong,73184,3400,00142EE0,0,1,1,4294967295,0,0
objRailLong,73328,3400,00260DE6,0,1,1,4294967295,0,0
objRailLong,73472,3400,00058DC7,0,1,1,4294967295,0,0
object588,73612,3400,003267A3,0,1,1,4294967295,0,0
object587,73660,3408,000B272A,0,1,1,4294967295,0,0
object587,73732,3480,002F104E,0,1,1,4294967295,0,0
object587,73804,3552,00184B34,0,1,1,4294967295,0,0
object590,73880,3628,000579D7,0,1,1,4294967295,0,0
objRailLong,73928,3636,00161947,0,1,1,4294967295,0,0
objRailLong,73976,3636,0009A5E9,0,1,1,4294967295,0,0
object588,74120,3636,00208A08,0,1,1,4294967295,0,0
object587,74168,3644,003D10EB,0,1,1,4294967295,0,0
object587,74240,3716,003C31CA,0,1,1,4294967295,0,0
object587,74312,3788,000DB39A,0,1,1,4294967295,0,0
object587,74384,3860,0006BA57,0,1,1,4294967295,0,0
object587,74456,3932,0011EE72,0,1,1,4294967295,0,0
object587,74528,4004,0037DDFE,0,1,1,4294967295,0,0
object587,74600,4076,0015C208,0,1,1,4294967295,0,0
object587,74672,4148,0009DA8C,0,1,1,4294967295,0,0
object587,74744,4220,000C6F57,0,1,1,4294967295,0,0
object590,74820,4296,0026F35D,0,1,1,4294967295,0,0
objRailLong,74868,4304,0038BBC2,0,1,1,4294967295,0,0
objRailLong,75012,4304,001766FC,0,1,1,4294967295,0,0
objRailLong,75156,4304,0029D16E,0,1,1,4294967295,0,0
objRailLong,75296,4304,002AF7CB,0,1,1,4294967295,0,0
objRailLong,75440,4304,0038CA5F,0,1,1,4294967295,0,0
objRailLong,75584,4304,00354B0D,0,1,1,4294967295,0,0
objRailLong,75724,4304,0017DCFB,0,1,1,4294967295,0,0
object253,75676,4152,002DE289,0,1,1,4294967295,0,0
object253,75676,4024,00291E65,0,1,1,4294967295,0,0
object253,75676,3896,0036D885,0,1,1,4294967295,0,0
object253,75804,4152,002C6FCA,0,1,1,4294967295,0,0
object253,75932,4152,000EA0D9,0,1,1,4294967295,0,0
object253,76060,4152,00172D85,0,1,1,4294967295,0,0
objDuckSign,75644,4264,000937CC,0,1,1,4294967295,0,0
objRailLong,75868,4304,000C836C,0,1,1,4294967295,0,0
objRailLong,76012,4304,00082BF0,0,1,1,4294967295,0,0
objRailLong,76156,4304,0017F063,0,1,1,4294967295,0,0
objRailLong,76300,4304,0031DFF5,0,1,1,4294967295,0,0
objRailLong,76588,4256,000F504F,0,1,1,4294967295,0,0
objRailLong,76732,4256,0034F10D,0,1,1,4294967295,0,0
objRailLong,76876,4256,00277D70,0,1,1,4294967295,0,0
objRailLong,77020,4256,002779E1,0,1,1,4294967295,0,0
objRailLong,77164,4256,002EC5E7,0,1,1,4294967295,0,0
objRailLong,77308,4256,00229BC0,0,1,1,4294967295,0,0
objRailLong,77428,4204,001A4778,0,1,1,4294967295,0,0
objRailLong,77980,4204,000651F9,0,1,1,4294967295,0,0
objRailLong,78124,4204,00306F48,0,1,1,4294967295,0,0
objRailLong,78268,4204,003B3BB4,0,1,1,4294967295,0,0
objRailLong,78412,4204,002FA00A,0,1,1,4294967295,0,0
objRailLong,78484,4156,00253BBE,0,1,1,4294967295,0,0
objRailLong,78628,4156,003CE30E,0,1,1,4294967295,0,0
objRailLong,78772,4156,0011416E,0,1,1,4294967295,0,0
objRailLong,78912,4156,00221B37,0,1,1,4294967295,0,0
objRailLong,79056,4156,0027B37D,0,1,1,4294967295,0,0
object253,79200,4156,002AD08C,0,1,1,4294967295,0,0
object253,79200,4284,0038C115,0,1,1,4294967295,0,0
object253,79200,4412,0028AD58,0,1,1,4294967295,0,0
object253,79200,4540,003B3B43,0,1,1,4294967295,0,0
object253,79200,4668,001790F5,0,1,1,4294967295,0,0
object253,79200,4796,0018861F,0,1,1,4294967295,0,0
object253,79200,4924,00234E53,0,1,1,4294967295,0,0
object253,79200,5052,00362AB4,0,1,1,4294967295,0,0
object253,79200,5180,0031E2F0,0,1,1,4294967295,0,0
object253,79200,5308,003F8099,0,1,1,4294967295,0,0
object253,79200,5436,00058F7A,0,1,1,4294967295,0,0
object253,79200,5564,0026E9CD,0,1,1,4294967295,0,0
object253,79200,5692,002E55F4,0,1,1,4294967295,0,0
object253,79200,5820,000744DC,0,1,1,4294967295,0,0
object253,79200,5948,001C9897,0,1,1,4294967295,0,0
object253,79328,4156,002C2F8B,0,1,1,4294967295,0,0
object253,79456,4156,002E62FB,0,1,1,4294967295,0,0
object253,79584,4156,00316911,0,1,1,4294967295,0,0
object253,79712,4156,001E5A62,0,1,1,4294967295,0,0
object253,79840,4156,0001BC5A,0,1,1,4294967295,0,0
object253,79968,4156,002DF029,0,1,1,4294967295,0,0
object253,80096,4156,002736B5,0,1,1,4294967295,0,0
object253,80224,4156,00045176,0,1,1,4294967295,0,0
object253,80352,4156,003EC83C,0,1,1,4294967295,0,0
object253,80480,4156,0020A885,0,1,1,4294967295,0,0
object253,80608,4156,002A2EB9,0,1,1,4294967295,0,0
object253,80736,4156,003E1DBF,0,1,1,4294967295,0,0
object253,80864,4156,000B4F72,0,1,1,4294967295,0,0
object253,80992,4156,00358E52,0,1,1,4294967295,0,0
object253,80992,4028,003F37C8,0,1,1,4294967295,0,0
object253,80992,3900,0019AAA2,0,1,1,4294967295,0,0
object253,80992,3772,00312911,0,1,1,4294967295,0,0
object253,80992,3644,00066979,0,1,1,4294967295,0,0
objRailEnd,78436,4156,003C609D,0,1,1,4294967295,0,0
objRailEnd,77380,4204,001645A6,0,1,1,4294967295,0,0
objRailEnd2,77452,4256,002735F9,0,1,1,4294967295,0,0
objRailEnd2,78556,4204,000DCFA6,0,1,1,4294967295,0,0
objJumpSign,77344,4232,002B50D1,0,1,1,4294967295,0,0
objJumpSign,78400,4176,0018AC85,0,1,1,4294967295,0,0
object253,75804,3896,001DF4D9,0,1,1,4294967295,0,0
object253,75932,3896,0004C8BB,0,1,1,4294967295,0,0
object253,76060,3896,00024CAA,0,1,1,4294967295,0,0
object253,76060,4024,00166B45,0,1,1,4294967295,0,0
object253,79328,4284,000F919C,0,1,1,4294967295,0,0
object253,79328,4412,0025BDF2,0,1,1,4294967295,0,0
object253,79456,4284,000847BE,0,1,1,4294967295,0,0
object253,79584,4284,00140932,0,1,1,4294967295,0,0
object253,79712,4284,00335120,0,1,1,4294967295,0,0
object253,79840,4284,0015DA26,0,1,1,4294967295,0,0
object253,79968,4284,0004EFFF,0,1,1,4294967295,0,0
object253,79456,4412,0025C8B3,0,1,1,4294967295,0,0
object253,79328,4540,003C74DB,0,1,1,4294967295,0,0
object253,79584,4412,0010FF57,0,1,1,4294967295,0,0
object253,79712,4412,0032FEFF,0,1,1,4294967295,0,0
object253,79840,4412,0031B130,0,1,1,4294967295,0,0
object253,79968,4412,0022A559,0,1,1,4294967295,0,0
object253,80096,4284,003ABA71,0,1,1,4294967295,0,0
object253,80096,4412,0033A15F,0,1,1,4294967295,0,0
object253,80224,4284,00028336,0,1,1,4294967295,0,0
object253,80224,4412,003C6AC7,0,1,1,4294967295,0,0
object253,80352,4284,000D68C2,0,1,1,4294967295,0,0
object253,80352,4412,001A84C5,0,1,1,4294967295,0,0
object253,80480,4284,000B0141,0,1,1,4294967295,0,0
object253,80480,4412,0005FAA5,0,1,1,4294967295,0,0
object253,80608,4284,00311C22,0,1,1,4294967295,0,0
object253,80608,4412,0031C7DE,0,1,1,4294967295,0,0
object253,80736,4284,0005658E,0,1,1,4294967295,0,0
object253,80736,4412,00044D89,0,1,1,4294967295,0,0
object253,80864,4284,0009C7FE,0,1,1,4294967295,0,0
object253,80992,4284,002994F2,0,1,1,4294967295,0,0
object253,80864,4412,003355F3,0,1,1,4294967295,0,0
object253,80992,4412,00382F72,0,1,1,4294967295,0,0
objMonitorShield,45580,2940,002DF7C4,0,1,1,4294967295,0,0
objEggDestroyer,75656,4080,00393750,0,1,1,4294967295,0,0
objEggDestroyer,75656,4144,0007850A,0,1,1,4294967295,0,0
objEggDestroyer,75656,4208,0031F0BC,0,1,1,4294967295,0,0
objEggDestroyer,75656,4016,00326060,0,1,1,4294967295,0,0
objEggDestroyer,75656,3952,004045C5,0,1,1,4294967295,0,0
objChaserCreator,51992,2976,001E943F,0,1,1,4294967295,0,0
objChaserCreator,51992,3276,001FFEEA,0,1,1,4294967295,0,0
objChaserCreator,51992,2704,001A9275,0,1,1,4294967295,0,0
objChaserCreator,51992,2404,000E65A8,0,1,1,4294967295,0,0
objChaserCreator,51992,2104,002E04CD,0,1,1,4294967295,0,0
objChaserCreator,51992,1804,00003926,0,1,1,4294967295,0,0
objChaserCreator,51992,1504,00400581,0,1,1,4294967295,0,0
objChaserStop,72144,3188,0003C0C9,0,1,1,4294967295,0,0
objChaserStop,72144,2888,00305570,0,1,1,4294967295,0,0
objChaserStop,72144,2588,00329EDD,0,1,1,4294967295,0,0
objWarningSign,18184,2164,0016EF63,0,1,1,4294967295,0,0
objWarningSign,28888,2828,000AF433,0,1,1,4294967295,0,0
objWarningSign,52200,3212,00180B8E,0,1,1,4294967295,0,0
objWarningSign,63776,3376,0034C0C0,0,1,1,4294967295,0,0
objNegaGUN,64008,3376,000CA0DD,0,1,1,4294967295,0,0
objNegaGUN,64396,3376,0002E931,0,1,1,4294967295,0,0
objNegaGUN,64976,3376,002B0815,0,1,1,4294967295,0,0
objNegaGUN,65316,3376,00261CEA,0,1,1,4294967295,0,0
objDisc,65596,3380,003F6EA9,0,1,1,4294967295,0,0
objDisc,65700,3380,003A11C2,0,1,1,4294967295,0,0
objDisc,65800,3380,00331F29,0,1,1,4294967295,0,0
objDisc,65896,3380,003AFC77,0,1,1,4294967295,0,0
objNegaGUN,66400,3376,002BBBF6,0,1,1,4294967295,0,0
objNegaGUN,66580,3376,002C040D,0,1,1,4294967295,0,0
objNegaGUN,66776,3376,0005BE70,0,1,1,4294967295,0,0
objDisc,67096,3380,001B0A7D,0,1,1,4294967295,0,0
objDisc,67336,3380,00362906,0,1,1,4294967295,0,0
objDisc,67548,3380,00098297,0,1,1,4294967295,0,0
objDisc,67776,3380,00304C4A,0,1,1,4294967295,0,0
objPlayerPosition,160,100,0038EE47,0,1,1,4294967295,0,0
object253,22416,2112,0004420D,0,1,1,4294967295,0,0
object253,22416,2464,00186CBE,0,1,1,4294967295,0,0
object253,22544,2464,00254E2E,0,1,1,4294967295,0,0
object253,22672,2464,00386D32,0,1,1,4294967295,0,0
object253,22768,2416,0031FE24,0,1,1,4294967295,0,0
object253,22768,2288,0010FC3B,0,1,1,4294967295,0,0
object253,22768,2160,00204345,0,1,1,4294967295,0,0
object253,22768,2032,00146D9B,0,1,1,4294967295,0,0
object253,22768,1904,00330901,0,1,1,4294967295,0,0
object253,22416,1984,002D36D5,0,1,1,4294967295,0,0
object253,22416,1856,0037EA4C,0,1,1,4294967295,0,0
object253,22416,1728,003BA1D0,0,1,1,4294967295,0,0
object253,22416,1600,000F69E0,0,1,1,4294967295,0,0
object253,22416,1472,0029646A,0,1,1,4294967295,0,0
object253,22768,1776,0031EF26,0,1,1,4294967295,0,0
object253,22768,1648,002E5813,0,1,1,4294967295,0,0
object253,22768,1520,002C0CA5,0,1,1,4294967295,0,0
object253,22544,1472,000CD1D1,0,1,1,4294967295,0,0
object253,22672,1472,003722D6,0,1,1,4294967295,0,0
object253,22768,1472,003D983E,0,1,1,4294967295,0,0
object253,22416,2208,002753D9,0,1,1,4294967295,0,0
objEggDestroyer,75656,3888,001AF347,0,1,1,4294967295,0,0
objEggDestroyer,75656,3824,0014A5AE,0,1,1,4294967295,0,0
objEggDestroyer,75656,3760,000F7754,0,1,1,4294967295,0,0
objEggDestroyer,75656,3696,00247133,0,1,1,4294967295,0,0
objEggDestroyer,75656,3632,00201F82,0,1,1,4294967295,0,0
objEggDestroyer,75656,3568,000C5ECE,0,1,1,4294967295,0,0
objEggDestroyer,75656,3504,002A9B9A,0,1,1,4294967295,0,0
objEggDestroyer,75656,3440,0027A5F9,0,1,1,4294967295,0,0
objDuckDeath,34656,3568,001F2445,0,1,1,4294967295,0,0
objDuckDeath,35008,3568,00002DCA,0,1,1,4294967295,0,0
objDuckDeath,22080,2880,000CB5A9,0,1,1,4294967295,0,0
objDuckDeath,23072,2880,003D75B8,0,1,1,4294967295,0,0
objDuckDeath,9384,3000,00304493,0,1,1,4294967295,0,0
objDuckDeath,9992,3000,001A5584,0,1,1,4294967295,0,0
objDuckDeath,75676,4280,002F2B9D,0,1,1,4294967295,0,0
objDuckDeath,76156,4280,00326CB3,0,1,1,4294967295,0,0
objRailLong,32800,2852,0035570A,0,1,1,4294967295,0,0
objRailLong,32944,2852,001EF888,0,1,1,4294967295,0,0
objRailLong,33088,2852,001C30A3,0,1,1,4294967295,0,0
objRailLong,33232,2852,0033FA4F,0,1,1,4294967295,0,0
objDuckDeath,32992,2828,0016CCF8,0,1,1,4294967295,0,0
objDuckDeath,33344,2828,0028BA68,0,1,1,4294967295,0,0
objDuckDeath,25728,2884,0017A9CD,0,1,1,4294967295,0,0
objDuckDeath,26176,2884,003F05DE,0,1,1,4294967295,0,0
objDuckDeath,25824,2884,000C1614,0,1,1,4294967295,0,0
objDuckDeath,25908,2884,001C825D,0,1,1,4294967295,0,0
objDuckDeath,26008,2884,001FEC6B,0,1,1,4294967295,0,0
objSpikeBomb,37392,3508,001529A0,0,1,1,4294967295,0,0
objSpikeBomb,37600,3548,0001576B,0,1,1,4294967295,0,0
objSpikeBomb,37840,3508,003606FE,0,1,1,4294967295,0,0
objSpikeBomb,38044,3548,0025A763,0,1,1,4294967295,0,0
objSpikeBomb,77556,4240,00402B23,0,1,1,4294967295,0,0
objSpikeBomb,78648,4188,003FDA3D,0,1,1,4294967295,0,0
objInvWall,-28,88,00194339,0,1,1,4294967295,0,0
objInvWall,-28,-4,0024799C,0,1,1,4294967295,0,0
objWallJumpBlock,22528,2288,00364FC3,0,1,1,4294967295,0,0
objWallJumpBlock,22528,2240,00088036,0,1,1,4294967295,0,0
objWallJumpBlock,22528,2192,002C06B9,0,1,1,4294967295,0,0
objWallJumpBlock,22528,2144,00172FE6,0,1,1,4294967295,0,0
objWallJumpBlock,22528,2096,000DB937,0,1,1,4294967295,0,0
objWallJumpBlock,22528,2048,0029F8FC,0,1,1,4294967295,0,0
objWallJumpBlock,22528,2000,0000D10F,0,1,1,4294967295,0,0
objWallJumpBlock,22528,1952,0012FE52,0,1,1,4294967295,0,0
objWallJumpBlock,22528,1904,002F96E3,0,1,1,4294967295,0,0
objWallJumpBlock,22528,1856,001B2A1B,0,1,1,4294967295,0,0
objWallJumpBlock,22528,1808,00391A8C,0,1,1,4294967295,0,0
objWallJumpBlock,22528,1760,002443E5,0,1,1,4294967295,0,0
objWallJumpBlock,22528,1712,0013529C,0,1,1,4294967295,0,0
objWallJumpBlock,22528,1664,00086BC9,0,1,1,4294967295,0,0
objWallJumpBlock,22528,1616,0005497A,0,1,1,4294967295,0,0
objWallJumpBlockR,22760,1616,001808D5,0,1,1,4294967295,0,0
objWallJumpBlockR,22760,1664,001D4D8A,0,1,1,4294967295,0,0
objWallJumpBlockR,22760,1712,003E2550,0,1,1,4294967295,0,0
objWallJumpBlockR,22760,1760,000C3E54,0,1,1,4294967295,0,0
objWallJumpBlockR,22760,1808,002E505F,0,1,1,4294967295,0,0
objWallJumpBlockR,22760,1856,0000C95E,0,1,1,4294967295,0,0
objWallJumpBlockR,22760,1904,0036519A,0,1,1,4294967295,0,0
objWallJumpBlockR,22760,1952,003DC4F5,0,1,1,4294967295,0,0
objWallJumpBlockR,22760,2000,003D7DC6,0,1,1,4294967295,0,0
objWallJumpBlockR,22760,2048,00233B97,0,1,1,4294967295,0,0
objWallJumpBlockR,22760,2096,001F15D3,0,1,1,4294967295,0,0
objWallJumpBlockR,22760,2144,0037741E,0,1,1,4294967295,0,0
objWallJumpBlockR,22760,2192,0024FF33,0,1,1,4294967295,0,0
objWallJumpBlockR,22760,2240,00015A2F,0,1,1,4294967295,0,0
objWallJumpBlockR,22760,2288,00383F23,0,1,1,4294967295,0,0
objWallJumpBlockR,22760,2336,0028AAB0,0,1,1,4294967295,0,0
objWallJumpBlockR,22760,2384,0038C087,0,1,1,4294967295,0,0
objRailDuck,22080,2880,00344361,0,1,1,4294967295,0,0
objRailDuck,22208,2880,003D1E45,0,1,1,4294967295,0,0
objRailDuck,22336,2880,00326C1D,0,1,1,4294967295,0,0
objRailDuck,22464,2880,001EB26F,0,1,1,4294967295,0,0
objRailDuck,22720,2880,0034F624,0,1,1,4294967295,0,0
objRailDuck,22848,2880,001F2AA6,0,1,1,4294967295,0,0
objRailDuck,22976,2880,0014228C,0,1,1,4294967295,0,0
objRailDuck,25728,2888,002DECF6,0,1,1,4294967295,0,0
objRailDuck,25908,2888,001E4F05,0,1,1,4294967295,0,0
objRailDuck,26080,2888,002244ED,0,1,1,4294967295,0,0
objRailDuck,32992,2828,00054093,0,1,1,4294967295,0,0
objRailDuck,33120,2828,0024AA7D,0,1,1,4294967295,0,0
objRailDuck,33248,2828,002D90FC,0,1,1,4294967295,0,0
objRailDuck,9384,3000,003D785F,0,1,1,4294967295,0,0
objRailDuck,9512,3000,0027E28B,0,1,1,4294967295,0,0
objRailDuck,9640,3000,00259D42,0,1,1,4294967295,0,0
objRailDuck,9768,3000,001AD18D,0,1,1,4294967295,0,0
objRailDuck,9896,3000,0034DABD,0,1,1,4294967295,0,0
objRailDuck,34656,3568,00151C8B,0,1,1,4294967295,0,0
objRailDuck,34784,3568,0033668E,0,1,1,4294967295,0,0
objRailDuck,34912,3568,003269A3,0,1,1,4294967295,0,0
objRailDuck,75676,4280,002F4640,0,1,1,4294967295,0,0
objRailDuck,75804,4280,0013B3EF,0,1,1,4294967295,0,0
objRailDuck,75932,4280,00377965,0,1,1,4294967295,0,0
objRailDuck,76060,4280,0021E623,0,1,1,4294967295,0,0
objSpring3Set,22398,2734,00190D27,0,1,1,4294967295,0,0
object253,22544,2624,0013EC2A,0,1,1,4294967295,0,0
object253,22672,2624,002EF791,0,1,1,4294967295,0,0
object253,22592,2752,00048A5B,0,1,1,4294967295,0,0
objRailDuck,22592,2880,0039534D,0,1,1,4294967295,0,0
objRailDown2,76444,4288,00238722,0,1,1,4294967295,0,0
objRailDown2,76492,4272,002829C9,0,1,1,4294967295,0,0
objRailDown2,76540,4256,00024AD0,0,1,1,4294967295,0,0
objRailLong,77572,4204,0029EA8F,0,1,1,4294967295,0,0
objRailLong,77712,4204,001672D0,0,1,1,4294967295,0,0
objRailLong,77852,4204,000B8D72,0,1,1,4294967295,0,0
objWallJumpI,20664,2096,002A1A37,0,1,1,4294967295,0,0
objWallJumpI,20664,2048,00393077,0,1,1,4294967295,0,0
objWallJumpI,20664,2000,00352AB9,0,1,1,4294967295,0,0
objWallJumpI,20664,1952,003CA2ED,0,1,1,4294967295,0,0
objWallJumpI,20664,1904,003E36C5,0,1,1,4294967295,0,0
objWallJumpI,20664,1856,000320EB,0,1,1,4294967295,0,0
objWallJumpI,20664,1808,000C93BD,0,1,1,4294967295,0,0
objWallJumpI,20388,1984,002A3E90,0,1,1,4294967295,0,0
objWallJumpI,20388,1936,003A56DB,0,1,1,4294967295,0,0
objWallJumpI,20388,1888,002B3602,0,1,1,4294967295,0,0
objWallJumpI,20388,1840,00139142,0,1,1,4294967295,0,0
objWallJumpI,20388,1792,003F6DC8,0,1,1,4294967295,0,0
objWallJumpI,20388,1744,0029208F,0,1,1,4294967295,0,0
objWallJumpI,20388,1696,00222F09,0,1,1,4294967295,0,0
objWallJumpI,20388,1648,001E9A18,0,1,1,4294967295,0,0
objSideSpring2,41332,2948,002813A3,0,1,1,4294967295,0,0
objTestSideL,36684,3372,0030EEEE,0,1,1,4294967295,0,0
objLeafToken,22652,1668,0003B842,0,1,1,4294967295,0,0
objRailBooster,231,211,0036870E,0,1,1,4294967295,0,0
objRailBooster,15424,2360,003BD88E,0,1,1,4294967295,0,0
objRailBooster,12688,2488,000E03C4,0,1,1,4294967295,0,0
objRailBooster,11492,3028,0017C098,0,1,1,4294967295,0,0
objRingDashRU,11868,2948,002D8A8D,0,1,1,4294967295,0,0
objRingDashRU,11960,2848,0023D317,0,1,1,4294967295,0,0
objRingDashRU,12044,2752,00036B3D,0,1,1,4294967295,0,0
objRainbowRingR,27840,2816,001CE21E,0,1,1,4294967295,0,0
objRingDashRU,42312,3140,0023C377,0,1,1,4294967295,0,0
objRingDashRU,42660,3140,002BFB41,0,1,1,4294967295,0,0
objRingDashRD,42480,2980,00160742,0,1,1,4294967295,0,0
objRingDashRD,42810,2990,0010C48C,0,1,1,4294967295,0,0
objRainbowRingR,43020,3240,00387447,0,1,1,4294967295,0,0
objGRingRight,45140,3020,0035C91C,0,1,1,4294967295,0,0
objGRingRight,12348,2432,003BBB13,0,1,1,4294967295,0,0
objAccelerator,8312,2952,0036F7DB,0,1,1,4294967295,0,0
objAccelerator,8520,2952,0037C65C,0,1,1,4294967295,0,0
objAccelerator,8728,2952,001B3E32,0,1,1,4294967295,0,0
objAccelerator,8944,2952,003446A0,0,1,1,4294967295,0,0
objAccelerator,45880,3000,003114B8,0,1,1,4294967295,0,0
objAccelerator,46096,3000,00251332,0,1,1,4294967295,0,0
objAccelerator,51732,3164,001BC9FE,0,1,1,4294967295,0,0
objController,0,0,00197F1E,0,1,1,4294967295,0,0
