objSpecs,1448,210,00236896,0,1,1,4294967295,0,0
objPlayerPosition,1656,236,00367F07,0,1,1,4294967295,0,0
objInvWall,-28,132,0010895E,0,1,1,4294967295,0,0
objInvWall,-28,4,001461BF,0,1,1,4294967295,0,0
objInvWall,1696,4,00250C7E,0,1,1,4294967295,0,0
objHUBRoomChange,1696,132,001A7FFA,0,1,1,4294967295,0,0
objRunWay,1700,260,000EE38C,0,1,1,4294967295,0,0
objInvFloor,0,260,001F922F,0,1,1,4294967295,0,0
objInvFloor,128,260,002AEE25,0,1,1,4294967295,0,0
objInvFloor,256,260,0021C404,0,1,1,4294967295,0,0
objInvFloor,384,260,0034F019,0,1,1,4294967295,0,0
objInvFloor,512,260,0015314A,0,1,1,4294967295,0,0
objInvFloor,640,260,002F9F8D,0,1,1,4294967295,0,0
objInvFloor,768,260,0036CC21,0,1,1,4294967295,0,0
objInvFloor,896,260,001E18DC,0,1,1,4294967295,0,0
objInvFloor,1024,260,0015A3CC,0,1,1,4294967295,0,0
objInvFloor,1152,260,0018A7DD,0,1,1,4294967295,0,0
objInvFloor,1280,260,000B1694,0,1,1,4294967295,0,0
objInvFloor,1408,260,0012BBE6,0,1,1,4294967295,0,0
objInvFloor,1536,260,0001525E,0,1,1,4294967295,0,0
objInvFloor,1572,260,003A089C,0,1,1,4294967295,0,0
objDispenser,1138,230,0024B38B,0,1,1,4294967295,0,0
objMonitorFlash,999,201,0034454A,0,1,1,4294967295,0,0
objMonitorFlash,859,201,0037DD10,0,1,1,4294967295,0,0
objMonitorFlash,719,201,0013D4F1,0,1,1,4294967295,0,0
objMonitorFlash,579,201,000F162A,0,1,1,4294967295,0,0
objGSPopUp,1480,228,001A05E3,0,1,1,4294967295,0,0
objWallBlocker,1204,0,002B6DB8,0,1,1,4294967295,0,0
objGameHockey,452,240,00403CF4,0,1,1,4294967295,0,0
objGameSalom,1000,244,00041FAD,0,1,1,4294967295,0,0
objGameVermin,860,244,0036DD39,0,1,1,4294967295,0,0
objGameWind,720,244,00235D00,0,1,1,4294967295,0,0
objGameDrive,580,244,00097F65,0,1,1,4294967295,0,0
objGameSlot,238,244,00327F63,0,1,1,4294967295,0,0
objGameSlot,156,244,0037526F,0,1,1,4294967295,0,0
objGameSlot,76,244,00066FEB,0,1,1,4294967295,0,0
objKoalaWait,508,232,0002C221,0,1,1,4294967295,0,0
objKoalaWait,1084,236,0036DB4E,0,1,1,4294967295,0,0
objKoalaWait,304,236,001F8E34,0,1,1,4294967295,0,0
objKoalaWait,28,236,0017510A,0,1,1,4294967295,0,0
objKoalaGenL,40,16,000C1EA9,0,1,1,4294967295,0,0
objKoalaGenR,64,16,000826B6,0,1,1,4294967295,0,0
objACLamp,851,60,001FB514,0,1,1,4294967295,0,0
objACLamp,1151,60,00063DB0,0,1,1,4294967295,0,0
objACLamp,1451,60,000D04FA,0,1,1,4294967295,0,0
objACLamp,251,60,0023B24B,0,1,1,4294967295,0,0
objACLamp,551,60,002ACD40,0,1,1,4294967295,0,0
objController,12,16,00049A0D,0,1,1,4294967295,0,0
