obj_Lv0Block01,96,120,0003DD32,0,1,1,4294967295,0,0
obj_Lv0Block01,64,120,003CE4B6,0,1,1,4294967295,0,0
obj_Lv0Block01,32,120,001721B8,0,1,1,4294967295,0,0
obj_Lv0Block01,0,120,00003D8C,0,1,1,4294967295,0,0
obj_Lv0Block01,128,120,0038034E,0,1,1,4294967295,0,0
obj_Lv0Block01,160,120,000CC41F,0,1,1,4294967295,0,0
obj_Lv0Block01,192,120,000A1835,0,1,1,4294967295,0,0
objSalom,120,104,00372633,0,1,1,4294967295,0,0
MusicSystem,16,0,000E0797,0,1,1,4294967295,0,0
objController,0,0,00197F1E,0,1,1,4294967295,0,0
