objEdvard,143,208,00019EFF,0,1,1,4294967295,0,0
objPlayerPosition,592,240,00367F07,0,1,1,4294967295,0,0
objInvWall,-28,132,0010895E,0,1,1,4294967295,0,0
objInvWall,-28,4,001461BF,0,1,1,4294967295,0,0
objInvWall,636,4,00250C7E,0,1,1,4294967295,0,0
objHUBRoomChange,636,132,001A7FFA,0,1,1,4294967295,0,0
objRunWay,640,256,000EE38C,0,1,1,4294967295,0,0
objInvFloor,0,260,001F922F,0,1,1,4294967295,0,0
objInvFloor,128,260,002AEE25,0,1,1,4294967295,0,0
objInvFloor,256,260,0021C404,0,1,1,4294967295,0,0
objInvFloor,384,260,0034F019,0,1,1,4294967295,0,0
objInvFloor,512,260,0015314A,0,1,1,4294967295,0,0
objLavaLamp,234,206,003F0A83,0,1,1,4294967295,0,0
objGSPopUp,172,228,0014759E,0,1,1,4294967295,0,0
objController,12,16,00049A0D,0,1,1,4294967295,0,0
