objBGRAD,5016,200,000AC78E,0,1,1,4294967295,0,0
objButtonBox,23195,1170,00159C99,0,1,1,4294967295,0,0
objButtonBox,33436,200,00315DC7,0,1,1,4294967295,0,0
objCircleSaw,27384,600,000A0C1C,0,1,1,4294967295,0,0
objCircleSaw,27564,388,003AA476,0,1,1,4294967295,0,0
object951,27376,332,0016873F,0,1,1,4294967295,0,0
objCSPlatR2,27376,348,0000DBB8,0,1,1,4294967295,0,0
objCSPlatR2,27376,444,00362518,0,1,1,4294967295,0,0
objCSPlatR2,27376,544,002575E9,0,1,1,4294967295,0,0
object952,27564,332,0028429F,0,1,1,4294967295,0,0
objCSPlatL2,27564,348,0027C043,0,1,1,4294967295,0,0
objCSPlatL2,27564,448,0002792B,0,1,1,4294967295,0,0
objCSPlatL2,27564,540,00285CF3,0,1,1,4294967295,0,0
object954,27564,640,000E6544,0,1,1,4294967295,0,0
object956,27376,640,002DF310,0,1,1,4294967295,0,0
objScrewLong,33156,252,0013BFFB,0,1,1,4294967295,0,0
objScrewLong,33156,468,00086392,0,1,1,4294967295,0,0
objScrewLong,33156,548,002A5288,0,1,1,4294967295,0,0
object381,28260,988,0008A5B8,0,1,1,4294967295,0,0
object382,28276,864,00360FE7,0,1,1,4294967295,0,0
object382,28276,736,003E2D9E,0,1,1,4294967295,0,0
object382,28276,608,0028FC53,0,1,1,4294967295,0,0
object382,28276,480,003295D6,0,1,1,4294967295,0,0
object382,28276,352,00328F54,0,1,1,4294967295,0,0
object382,28276,224,0027C456,0,1,1,4294967295,0,0
object382,28276,-32,00030BD2,0,1,1,4294967295,0,0
object382,28276,96,00117A1F,0,1,1,4294967295,0,0
objTargetBlocker,27476,378,002FF352,0,1,1,4294967295,0,0
objElevator,28284,888,00376491,0,1,1,4294967295,0,0
objGoal,63984,768,0016D967,0,1,1,4294967295,0,0
objInvRail,5490,468,0025B99D,0,1,1,4294967295,0,0
objInvFloor,6476,1100,00305166,0,1,1,4294967295,0,0
objInvFloor,6348,1100,00357C54,0,1,1,4294967295,0,0
objInvFloor,6220,1100,00370A79,0,1,1,4294967295,0,0
objInvFloor,6092,1100,00027ED8,0,1,1,4294967295,0,0
objInvFloor,5964,1100,0010D238,0,1,1,4294967295,0,0
objInvFloor,5836,1100,000C0CA5,0,1,1,4294967295,0,0
objInvFloor,5708,1100,001B8A70,0,1,1,4294967295,0,0
objInvFloor,5580,1100,002E36B0,0,1,1,4294967295,0,0
objInvFloor,5452,1100,003E7E34,0,1,1,4294967295,0,0
objInvFloor,5324,1100,0017123B,0,1,1,4294967295,0,0
objInvFloor,5196,1100,002EBA8A,0,1,1,4294967295,0,0
objInvFloor,5068,1100,0009B0A4,0,1,1,4294967295,0,0
objInvFloor,4940,1100,001FCB41,0,1,1,4294967295,0,0
objSpringUp,7864,1084,0007E70E,0,1,1,4294967295,0,0
objDisc,7672,628,003F17FB,0,1,1,4294967295,0,0
objDisc,7672,768,003E5BC0,0,1,1,4294967295,0,0
objDisc,7856,856,000C71A7,0,1,1,4294967295,0,0
objDisc,7676,944,003EF2E1,0,1,1,4294967295,0,0
objSpringDiagonalLeft,8864,1460,0034F192,0,1,1,4294967295,0,0
objNegaHeavy,9912,704,003003F8,0,1,1,4294967295,0,0
objDiscForce,9652,596,002F1FC2,0,1,1,4294967295,0,0
objDiscForce,9812,556,00046E8E,0,1,1,4294967295,0,0
objDiscForce,10044,660,00344880,0,1,1,4294967295,0,0
objDiscForce,10148,572,0013CDC6,0,1,1,4294967295,0,0
objGHole,9748,736,0008314A,0,1,1,4294967295,0,0
objGHole2,10124,732,00279F9D,0,1,1,4294967295,0,0
objInvPlat,9560,412,0025D6AE,0,1,1,4294967295,0,0
objInvPlat,9688,412,000AED7A,0,1,1,4294967295,0,0
objInvPlat,9816,412,00161BAD,0,1,1,4294967295,0,0
objInvPlat,9944,412,0008696C,0,1,1,4294967295,0,0
objInvPlat,10072,412,0033F4FE,0,1,1,4294967295,0,0
objExtended,8832,584,003C8B15,0,1,1,4294967295,0,0
objRingD,10532,336,00307B90,0,1,1,4294967295,0,0
objRingD,10556,316,0036A8EC,0,1,1,4294967295,0,0
objRingD,10580,296,0013FAAA,0,1,1,4294967295,0,0
objRingD,10604,276,0033E4C9,0,1,1,4294967295,0,0
objRingD,10628,256,003F13F0,0,1,1,4294967295,0,0
objRingD,10652,236,000A84FA,0,1,1,4294967295,0,0
objRingD,10676,216,000A5A53,0,1,1,4294967295,0,0
objRingD,10700,196,001C96AE,0,1,1,4294967295,0,0
objRingD,10724,176,003C53EA,0,1,1,4294967295,0,0
objDasherLeft,10792,196,003FE5C5,0,1,1,4294967295,0,0
objObjectStopper,14564,560,00208BA1,0,1,1,4294967295,0,0
objObjectStopper,14564,592,00400020,0,1,1,4294967295,0,0
objSpringDiagonalTR,15704,644,0006F606,0,1,1,4294967295,0,0
objSpringLeft,15547,896,00186120,0,1,1,4294967295,0,0
objDasherLeft,15676,900,001A9AA4,0,1,1,4294967295,0,0
objRampJump,16048,884,003C6ABD,0,1,1,4294967295,0,0
objNegaGUN,15104,640,0016ECFD,0,1,1,4294967295,0,0
objNegaGUN,15240,640,002F10C5,0,1,1,4294967295,0,0
objGravityWheel,19832,824,00073374,0,1,1,4294967295,0,0
objGravityWheel,19984,968,003F8019,0,1,1,4294967295,0,0
objRailMain,19680,764,003568F0,0,1,1,4294967295,0,0
objRailMain,19728,764,002134E1,0,1,1,4294967295,0,0
objRailMain,19776,764,0013AC2A,0,1,1,4294967295,0,0
object644,19885,828,00166533,0,1,1,4294967295,0,0
object657,19885,875,002F6189,0,1,1,4294967295,0,0
objRailMain,19932,908,0014B69A,0,1,1,4294967295,0,0
objDasherLeft,19660,1456,001F96F8,0,1,1,4294967295,0,0
objDasherLeft,17892,748,003F2260,0,1,1,4294967295,0,0
objDasherLeft,17600,748,0002DB75,0,1,1,4294967295,0,0
objNegaGUN,18468,744,0024E2D2,0,1,1,4294967295,0,0
objNegaGUN,18720,744,001C0764,0,1,1,4294967295,0,0
objNegaGUN,18960,744,002CFB84,0,1,1,4294967295,0,0
objNegaGUN,19184,744,001A8DEB,0,1,1,4294967295,0,0
objSpringNonHome2,20708,1464,0017050F,0,1,1,4294967295,0,0
objLauncher,21828,596,00104284,0,1,1,4294967295,0,0
objLauncher,22100,596,000DC09D,0,1,1,4294967295,0,0
objLauncher,22100,464,0039614B,0,1,1,4294967295,0,0
objLauncher,22348,464,0006A696,0,1,1,4294967295,0,0
objSpikeBall,22228,608,002F520F,0,1,1,4294967295,0,0
objNegaHeavy,22760,1184,002077EC,0,1,1,4294967295,0,0
objNegaStandard,22220,1200,000C148F,0,1,1,4294967295,0,0
objNegaStandard,22440,1200,00063312,0,1,1,4294967295,0,0
objDiscForce,22292,1068,00389D96,0,1,1,4294967295,0,0
objDiscForce,22524,988,00071292,0,1,1,4294967295,0,0
objDiscForce,22664,1076,0022A672,0,1,1,4294967295,0,0
objDiscForce,22872,1000,00047A04,0,1,1,4294967295,0,0
objDiscForce,23048,1080,0030D3BC,0,1,1,4294967295,0,0
objGHole,22612,1216,000C5F14,0,1,1,4294967295,0,0
objGHole2,23000,1216,0020F3A4,0,1,1,4294967295,0,0
objFan,21810,882,00162FC5,0,1,1,4294967295,0,0
objFanAir,21808,844,000B74CC,0,1,1,4294967295,0,0
objFanAir,21808,812,00207EE5,0,1,1,4294967295,0,0
objFanAir,21808,780,0010221D,0,1,1,4294967295,0,0
objFanAir,21808,748,00113C30,0,1,1,4294967295,0,0
objFanAir,21808,716,003224A2,0,1,1,4294967295,0,0
objFanAir,21808,684,0026E465,0,1,1,4294967295,0,0
objFanAir,21808,652,003EC08C,0,1,1,4294967295,0,0
objFanAir,21808,620,003ACBCA,0,1,1,4294967295,0,0
objExtended,21840,828,0021A9BF,0,1,1,4294967295,0,0
objObjectStopper,25816,84,003B56D5,0,1,1,4294967295,0,0
objObjectStopper,25816,52,00332CAD,0,1,1,4294967295,0,0
objObjectStopper,25816,20,0013D7D8,0,1,1,4294967295,0,0
objSpringDiagonalTR,25988,288,002D3FA1,0,1,1,4294967295,0,0
objSpringDiagonalTR,25988,880,00241B2B,0,1,1,4294967295,0,0
objSpringDiagonalTL,25728,572,0006F9B8,0,1,1,4294967295,0,0
objSpringDiagonalTL,25728,1212,00289A3C,0,1,1,4294967295,0,0
objDasherLeft,25928,1424,003C5A64,0,1,1,4294967295,0,0
objSpringNonHome2,24044,572,003ACEBF,0,1,1,4294967295,0,0
objSpringMed,23220,1204,0009BB71,0,1,1,4294967295,0,0
objInvWall,26004,32,000A4A77,0,1,1,4294967295,0,0
objInvWall,26004,-88,00331639,0,1,1,4294967295,0,0
objInvFloor,0,1100,001EDA4D,0,1,1,4294967295,0,0
objInvFloor,128,1100,001FD55F,0,1,1,4294967295,0,0
objInvFloor,4812,1100,003AD109,0,1,1,4294967295,0,0
objInvFloor,4684,1100,003E5749,0,1,1,4294967295,0,0
objInvFloor,4556,1100,001DFB12,0,1,1,4294967295,0,0
objInvFloor,4428,1100,0021B807,0,1,1,4294967295,0,0
objInvFloor,4300,1100,00108BF5,0,1,1,4294967295,0,0
objInvFloor,4172,1100,000D87A2,0,1,1,4294967295,0,0
objInvFloor,4044,1100,0003F662,0,1,1,4294967295,0,0
objInvFloor,3916,1100,000D3AF3,0,1,1,4294967295,0,0
objInvFloor,3788,1100,003ACC7C,0,1,1,4294967295,0,0
objInvFloor,3660,1100,00186D91,0,1,1,4294967295,0,0
objInvFloor,3532,1100,001DD1CD,0,1,1,4294967295,0,0
objInvFloor,3404,1100,002C3AC7,0,1,1,4294967295,0,0
objInvFloor,3276,1100,000B0F50,0,1,1,4294967295,0,0
objInvFloor,256,1100,0016B0F4,0,1,1,4294967295,0,0
objInvFloor,384,1100,00029F02,0,1,1,4294967295,0,0
objInvFloor,512,1100,00224E05,0,1,1,4294967295,0,0
objInvFloor,640,1100,000DB0D8,0,1,1,4294967295,0,0
objInvFloor,768,1100,002A32EE,0,1,1,4294967295,0,0
objInvFloor,896,1100,000E595E,0,1,1,4294967295,0,0
objInvFloor,1024,1100,002837DE,0,1,1,4294967295,0,0
objInvFloor,1152,1100,003642A7,0,1,1,4294967295,0,0
objInvFloor,1280,1100,0001F254,0,1,1,4294967295,0,0
objInvFloor,1408,1100,003FE97F,0,1,1,4294967295,0,0
objInvFloor,1536,1100,000323E9,0,1,1,4294967295,0,0
objInvFloor,1664,1100,0005A4F4,0,1,1,4294967295,0,0
objInvFloor,1792,1100,00151601,0,1,1,4294967295,0,0
objInvFloor,1920,1100,0005426C,0,1,1,4294967295,0,0
objInvFloor,2048,1100,001F94AD,0,1,1,4294967295,0,0
objInvFloor,2176,1100,001841BF,0,1,1,4294967295,0,0
objInvFloor,2304,1100,001BB38E,0,1,1,4294967295,0,0
objInvFloor,2432,1100,000DD0C0,0,1,1,4294967295,0,0
objInvFloor,2560,1100,003DEC0A,0,1,1,4294967295,0,0
objInvFloor,2688,1100,0015CEB1,0,1,1,4294967295,0,0
objInvFloor,2816,1100,00062E2C,0,1,1,4294967295,0,0
objInvFloor,2944,1100,00036765,0,1,1,4294967295,0,0
objInvFloor,3072,1100,00389B40,0,1,1,4294967295,0,0
objInvFloor,3176,1100,00197DCD,0,1,1,4294967295,0,0
objPlayerPosition,432,1004,003A9618,0,1,1,4294967295,0,0
objDasherLeft,712,1084,002995CB,0,1,1,4294967295,0,0
objSideSpring,4820,924,0033FB4C,0,1,1,4294967295,0,0
objSpringHook,4812,1084,002B968D,0,1,1,4294967295,0,0
objDasherLeft,408,1084,00320821,0,1,1,4294967295,0,0
objInvWall,-24,972,0022DFD8,0,1,1,4294967295,0,0
objInvWall,-24,844,001AAD1B,0,1,1,4294967295,0,0
objInvWall,-24,588,003E313E,0,1,1,4294967295,0,0
objInvWall,-24,716,002647BB,0,1,1,4294967295,0,0
objObjectStopper,21260,708,0038D2C9,0,1,1,4294967295,0,0
objObjectStopper,21260,676,001B68DA,0,1,1,4294967295,0,0
objElevatorStop,28284,56,002B841B,0,1,1,4294967295,0,0
objWallJumpBlockR,28344,216,00041D54,0,1,1,4294967295,0,0
objWallJumpBlockR,28344,264,0008414B,0,1,1,4294967295,0,0
objWallJumpBlockR,28344,312,0029023C,0,1,1,4294967295,0,0
objWallJumpBlockR,28344,360,00051AA5,0,1,1,4294967295,0,0
objWallJumpBlockR,28344,408,00328F7C,0,1,1,4294967295,0,0
objWallJumpBlockR,28344,456,000EC5C8,0,1,1,4294967295,0,0
objWallJumpBlockR,28344,504,0011651A,0,1,1,4294967295,0,0
objWallJumpBlockR,28344,552,001242DF,0,1,1,4294967295,0,0
objWallJumpBlockR,28344,600,00055288,0,1,1,4294967295,0,0
objWallJumpBlockR,28344,648,0019DA4E,0,1,1,4294967295,0,0
objWallJumpBlockR,28344,696,000E69FA,0,1,1,4294967295,0,0
objWallJumpBlockR,28344,744,002C55BD,0,1,1,4294967295,0,0
objWallJumpBlockR,28344,792,000C574B,0,1,1,4294967295,0,0
objWallJumpBlockR,28344,840,0034C8EC,0,1,1,4294967295,0,0
objWallJumpBlock,28152,656,00017E16,0,1,1,4294967295,0,0
objWallJumpBlock,28152,608,0039CF6A,0,1,1,4294967295,0,0
objWallJumpBlock,28152,560,00327D4F,0,1,1,4294967295,0,0
objWallJumpBlock,28152,512,00382532,0,1,1,4294967295,0,0
objWallJumpBlock,28152,464,002036D3,0,1,1,4294967295,0,0
objWallJumpBlock,28152,416,00155268,0,1,1,4294967295,0,0
objWallJumpBlock,28152,368,003DBCC7,0,1,1,4294967295,0,0
objWallJumpBlock,28152,320,003449F3,0,1,1,4294967295,0,0
objWallJumpBlock,28152,272,002189B0,0,1,1,4294967295,0,0
objWallJumpBlock,28152,224,0000D70B,0,1,1,4294967295,0,0
objWallJumpBlock,28152,176,0008D1E0,0,1,1,4294967295,0,0
objWallJumpBlock,28152,128,003C3505,0,1,1,4294967295,0,0
objWallJumpBlock,28152,80,00122C1B,0,1,1,4294967295,0,0
objWallJumpBlock,28152,32,0012460E,0,1,1,4294967295,0,0
objWallJumpBlock,28152,-16,002228FB,0,1,1,4294967295,0,0
object512DoorClose,26288,1312,00286A15,0,1,1,4294967295,0,0
objNegaHeavy,26396,1408,00403FCA,0,1,1,4294967295,0,0
objNegaHeavy,26912,1404,001A2B67,0,1,1,4294967295,0,0
objNegaGUN,26604,1420,0007F1AC,0,1,1,4294967295,0,0
objGravityWheel,26660,1280,0039DF5E,0,1,1,4294967295,0,0
objSpringHook,26560,1424,00010736,0,1,1,4294967295,0,0
objSpringHook,26752,1424,001391FB,0,1,1,4294967295,0,0
objDisc,26916,1080,00131D4F,0,1,1,4294967295,0,0
objDisc,26428,1080,00111D3E,0,1,1,4294967295,0,0
objDisc,26684,1080,00290997,0,1,1,4294967295,0,0
objDisc,26360,1268,003B0C58,0,1,1,4294967295,0,0
objDisc,27008,1268,0024902F,0,1,1,4294967295,0,0
objSpringLeft,26220,744,00051390,0,1,1,4294967295,0,0
objHandleU,26224,920,000F7125,0,1,1,4294967295,0,0
objSpikeBall,26360,828,003B47E5,0,1,1,4294967295,0,0
objSpikeBall,26292,828,00050775,0,1,1,4294967295,0,0
objCheckpointOpen,14744,636,002B6C76,0,1,1,4294967295,0,0
objCheckpointOpen,23360,556,001BE74E,0,1,1,4294967295,0,0
objRailLong,29140,192,00313E11,0,1,1,4294967295,0,0
object586,29284,192,003147E2,0,1,1,4294967295,0,0
object587,29428,240,003CE47C,0,1,1,4294967295,0,0
object587,29500,312,0017066F,0,1,1,4294967295,0,0
object587,29572,384,001328A5,0,1,1,4294967295,0,0
object587,29644,456,001A4558,0,1,1,4294967295,0,0
object587,29716,528,000C5660,0,1,1,4294967295,0,0
object587,29788,600,001805DD,0,1,1,4294967295,0,0
object587,29860,672,003B61AD,0,1,1,4294967295,0,0
object587,29932,744,0016F2E7,0,1,1,4294967295,0,0
object587,30004,816,002E4C89,0,1,1,4294967295,0,0
object587,30076,888,00295070,0,1,1,4294967295,0,0
object587,30148,960,0028FCE4,0,1,1,4294967295,0,0
object587,30220,1032,0002395A,0,1,1,4294967295,0,0
object587,30292,1104,003B89B8,0,1,1,4294967295,0,0
object587,30364,1176,000949DB,0,1,1,4294967295,0,0
object587,30436,1248,001AB7E2,0,1,1,4294967295,0,0
object587,30508,1320,00347616,0,1,1,4294967295,0,0
object590,30584,1396,00015735,0,1,1,4294967295,0,0
objRailLong,30632,1404,000CD813,0,1,1,4294967295,0,0
objRailLong,30776,1404,00360516,0,1,1,4294967295,0,0
objRailLong,30920,1404,0037BCEE,0,1,1,4294967295,0,0
objRailLong,31064,1404,0036515A,0,1,1,4294967295,0,0
objRailLong,31208,1404,00355C21,0,1,1,4294967295,0,0
objFan,33432,1140,0036F233,0,1,1,4294967295,0,0
objFanAir,33432,1104,00356768,0,1,1,4294967295,0,0
objFanAir,33432,1072,00007A0E,0,1,1,4294967295,0,0
objFanAir,33432,1040,0032D1D7,0,1,1,4294967295,0,0
objFanAir,33432,1008,0022EA90,0,1,1,4294967295,0,0
objFanAir,33432,976,001B076C,0,1,1,4294967295,0,0
objFanAir,33432,944,00123496,0,1,1,4294967295,0,0
objFanAir,33432,912,003042D3,0,1,1,4294967295,0,0
objFanAir,33432,880,003E76B6,0,1,1,4294967295,0,0
objFanAir,33432,848,0013E5C7,0,1,1,4294967295,0,0
objFanAir,33432,816,002043AB,0,1,1,4294967295,0,0
objFanAir,33432,784,003B3B60,0,1,1,4294967295,0,0
objFanAir,33432,752,0010BDCB,0,1,1,4294967295,0,0
objFanAir,33432,720,000B7D2D,0,1,1,4294967295,0,0
objFanAir,33432,688,000E3B8F,0,1,1,4294967295,0,0
objFanAir,33432,656,002759BF,0,1,1,4294967295,0,0
objFanAir,33432,624,0013D2AD,0,1,1,4294967295,0,0
objFanAir,33432,592,0001EF6C,0,1,1,4294967295,0,0
objFanAir,33432,560,002F3D39,0,1,1,4294967295,0,0
objFanAir,33432,528,001D2C79,0,1,1,4294967295,0,0
objFanAir,33432,496,00364474,0,1,1,4294967295,0,0
objFanAir,33432,464,00082818,0,1,1,4294967295,0,0
objFanAir,33432,432,000D5CBB,0,1,1,4294967295,0,0
objFanAir,33432,400,001168D5,0,1,1,4294967295,0,0
objFanAir,33432,368,002E8674,0,1,1,4294967295,0,0
objFanAir,33432,336,000AD871,0,1,1,4294967295,0,0
objFanAir,33432,304,003FC088,0,1,1,4294967295,0,0
objFanAir,33432,272,0035C7B6,0,1,1,4294967295,0,0
objFanAir,33432,240,00298DFC,0,1,1,4294967295,0,0
objFanAir,33432,208,00241969,0,1,1,4294967295,0,0
objFanAir,33432,176,001A700A,0,1,1,4294967295,0,0
objFanAir,33432,144,0040266E,0,1,1,4294967295,0,0
objRocketRide,32040,1328,002DCE39,0,1,1,4294967295,0,0
objSpikeBall,32104,820,0039553F,0,1,1,4294967295,0,0
objZip2,26224,776,0024C5B6,0,1,1,4294967295,0,0
objBoxSwitch2,33172,256,0039ED09,0,1,1,4294967295,0,0
objBolt,33140,592,001FB83A,0,1,1,4294967295,0,0
objBoltStopper,33140,276,003DF8E6,0,1,1,4294967295,0,0
objBoltStopper,33140,764,003F6164,0,1,1,4294967295,0,0
objDisc,33300,396,0013A466,0,1,1,4294967295,0,0
objDisc,33080,472,002271CC,0,1,1,4294967295,0,0
objDisc,33632,320,0000B264,0,1,1,4294967295,0,0
objDisc,33608,540,0003E60C,0,1,1,4294967295,0,0
objSpringUp,33680,747,000E0A68,0,1,1,4294967295,0,0
object588,34292,764,001E6911,0,1,1,4294967295,0,0
object587,34336,768,003C27F7,0,1,1,4294967295,0,0
object587,34408,840,003031E0,0,1,1,4294967295,0,0
object587,34480,912,00158978,0,1,1,4294967295,0,0
object587,34552,984,000A912C,0,1,1,4294967295,0,0
object587,34624,1056,002CDDC5,0,1,1,4294967295,0,0
object587,34696,1128,003A9E22,0,1,1,4294967295,0,0
object587,34768,1200,00013DC9,0,1,1,4294967295,0,0
object587,34840,1272,00225971,0,1,1,4294967295,0,0
object587,34912,1344,000CA17A,0,1,1,4294967295,0,0
object590,34988,1420,000B2E22,0,1,1,4294967295,0,0
objRailLong,35036,1428,0033F7EF,0,1,1,4294967295,0,0
objRailLong,35180,1428,00023ABC,0,1,1,4294967295,0,0
objSpringNonHome4,34309,140,0011223E,0,1,1,4294967295,0,0
objPendulum,35152,408,0016400C,0,1,1,4294967295,0,0
objDasherLeft,34632,516,002B80A0,0,1,1,4294967295,0,0
objPoleGrab2,33032,1156,0039D2E2,0,1,1,4294967295,0,0
objSpecialRing,33044,1076,00296D7F,0,1,1,4294967295,0,0
objSpecialRing,32800,912,002C1C5B,0,1,1,4294967295,0,0
objMonitorShield2,33044,746,0022DA2A,0,1,1,4294967295,0,0
objCheckpointOpen,35420,508,0027AC4E,0,1,1,4294967295,0,0
objCheckpointOpen,35384,1404,0000C929,0,1,1,4294967295,0,0
objPoleGrab,33104,1256,0023E780,0,1,1,4294967295,0,0
objSpikeBall,28080,896,0030436B,0,1,1,4294967295,0,0
objSpikeBall,27856,932,0012903C,0,1,1,4294967295,0,0
objTestDuck,26788,784,001EDBFA,0,1,1,4294967295,0,0
objTestDuck,26860,784,001261F5,0,1,1,4294967295,0,0
objTestDuck,26988,784,00219F1F,0,1,1,4294967295,0,0
objTestDuck,27056,784,00333F11,0,1,1,4294967295,0,0
objDasherLeft,26576,784,00078D14,0,1,1,4294967295,0,0
objMonitorInvincibility,27476,376,000F7A0C,0,1,1,4294967295,0,0
objTramp,27476,785,0026504C,0,1,1,4294967295,0,0
objDasherLeft,26960,784,003D86BF,0,1,1,4294967295,0,0
objSpringNonHome2,39928,1036,0019202D,0,1,1,4294967295,0,0
objDasherLeft,35996,1412,001E5439,0,1,1,4294967295,0,0
objSpikeBall,32068,1096,00232964,0,1,1,4294967295,0,0
objSpikeBall,31972,632,000464CF,0,1,1,4294967295,0,0
objSpikeBall,32016,396,0027BF0B,0,1,1,4294967295,0,0
objSpikeBall,32104,224,001AA94A,0,1,1,4294967295,0,0
objSpikeBall,31980,40,002227DA,0,1,1,4294967295,0,0
objMonitorRings,31972,736,0022FDD0,0,1,1,4294967295,0,0
objMonitorRings,32104,332,00336B65,0,1,1,4294967295,0,0
objDasherDown,36092,632,001EFB62,0,1,1,4294967295,0,0
objDasherDown2,35912,1024,001B0550,0,1,1,4294967295,0,0
objChaserCreator,36308,1176,002297B6,0,1,1,4294967295,0,0
objObjectStopper,50476,804,001BE106,0,1,1,4294967295,0,0
objObjectStopper,50476,836,00253EA6,0,1,1,4294967295,0,0
objSpecialRing,50292,1136,0024CDEC,0,1,1,4294967295,0,0
objSpecialRing,50340,1136,002F5BEC,0,1,1,4294967295,0,0
objSpecialRing,50388,1136,000B53D7,0,1,1,4294967295,0,0
objChopperJCreator,51480,692,00367150,0,1,1,4294967295,0,0
objSpringUp,59632,888,002E7FB4,0,1,1,4294967295,0,0
objObjectStopper,62776,1260,002FFF36,0,1,1,4294967295,0,0
objObjectStopper,62776,1228,001D638D,0,1,1,4294967295,0,0
objSpringNonHome3,62956,1360,000AE3F1,0,1,1,4294967295,0,0
objSpringNonHome2,62186,1016,002EBEC7,0,1,1,4294967295,0,0
objNegaBuzzer,36564,1280,002FB2DC,0,1,1,4294967295,0,0
objNegaBuzzer,36772,1180,001A35D5,0,1,1,4294967295,0,0
objNegaBuzzer,36836,1296,001060CD,0,1,1,4294967295,0,0
objSpringHook2,16360,64,0008C62E,0,1,1,4294967295,0,0
objGravityWheel,16360,1012,00131BF6,0,1,1,4294967295,0,0
objSmRamp,18036,1456,002DB9B5,0,1,1,4294967295,0,0
objMonitorShield,26660,1192,00150262,0,1,1,4294967295,0,0
objSpringRight,27556,888,0036C4DD,0,1,1,4294967295,0,0
objNegaGUN,32460,104,00250B61,0,1,1,4294967295,0,0
objNegaGUN,32736,104,000F3D32,0,1,1,4294967295,0,0
objNegaGUN,32984,104,002ED8BE,0,1,1,4294967295,0,0
objDisc,34048,104,001525A2,0,1,1,4294967295,0,0
objDisc,34124,104,002448AE,0,1,1,4294967295,0,0
objDisc,34200,104,003F518C,0,1,1,4294967295,0,0
objSpecialRing,59700,608,0004AF3B,0,1,1,4294967295,0,0
objSpecialRing,59840,544,000A84A1,0,1,1,4294967295,0,0
objSpecialRing,59960,604,0030CF68,0,1,1,4294967295,0,0
objMonitorShield,59668,404,000791C4,0,1,1,4294967295,0,0
objWallJumpBlockR,10192,688,001A5C6C,0,1,1,4294967295,0,0
objWallJumpBlockR,10192,640,0028502E,0,1,1,4294967295,0,0
objWallJumpBlockR,10192,592,0000A376,0,1,1,4294967295,0,0
objWallJumpBlockR,10192,544,00110C14,0,1,1,4294967295,0,0
objWallJumpBlockR,10192,496,00314F06,0,1,1,4294967295,0,0
objWallJumpBlockR,10192,448,000FF590,0,1,1,4294967295,0,0
objBumper,60028,720,003F2D58,0,1,1,4294967295,0,0
objBumper,60028,684,0039C549,0,1,1,4294967295,0,0
objBumper,60028,648,003C9A1F,0,1,1,4294967295,0,0
objBumper,60028,612,003F246E,0,1,1,4294967295,0,0
objBumper,60028,576,0000835B,0,1,1,4294967295,0,0
objBumper,60028,540,000BE8FE,0,1,1,4294967295,0,0
objBumper,60028,504,0006F95D,0,1,1,4294967295,0,0
objBumper,60028,468,0007A9CC,0,1,1,4294967295,0,0
objBumper,60028,432,001D0F51,0,1,1,4294967295,0,0
objBumper,60028,396,0012C8E5,0,1,1,4294967295,0,0
objSpringNonHome,59840,728,00216A13,0,1,1,4294967295,0,0
objExtended,59564,876,00322B8B,0,1,1,4294967295,0,0
objSpecialRing,60444,832,00393597,0,1,1,4294967295,0,0
objZip2,10728,228,002BCF0F,0,1,1,4294967295,0,0
objHandleU,10728,888,000B3BEA,0,1,1,4294967295,0,0
objWallPass,59612,500,00097782,0,1,1,4294967295,0,0
objMonitorRings,26244,1096,003BFDEB,0,1,1,4294967295,0,0
objMonitorRings,27144,1096,002C59E3,0,1,1,4294967295,0,0
objWallPass,59612,380,003A03C2,0,1,1,4294967295,0,0
objSpdN5,7864,1084,00361E6B,0,1,1,4294967295,0,0
objRing,7580,1080,00350D66,0,1,1,4294967295,0,0
objRing,7620,1080,003C9471,0,1,1,4294967295,0,0
objRing,7540,1080,0027AF67,0,1,1,4294967295,0,0
objRing,7660,1080,0008A91F,0,1,1,4294967295,0,0
objRing,7700,1080,000A71CF,0,1,1,4294967295,0,0
objRing,7164,1080,00196578,0,1,1,4294967295,0,0
objRing,7204,1080,002E6742,0,1,1,4294967295,0,0
objRing,7204,1052,0039B4DE,0,1,1,4294967295,0,0
objRing,7164,1052,001688B6,0,1,1,4294967295,0,0
objRing,7244,1080,00038D10,0,1,1,4294967295,0,0
objRing,7244,1052,003977AC,0,1,1,4294967295,0,0
objRing,6748,1080,001EB09B,0,1,1,4294967295,0,0
objRing,6788,1080,002A2B5C,0,1,1,4294967295,0,0
objRing,6828,1080,002B6255,0,1,1,4294967295,0,0
objRing,7776,932,002FB694,0,1,1,4294967295,0,0
objRing,7776,880,003A6429,0,1,1,4294967295,0,0
objRing,7776,832,003DCB39,0,1,1,4294967295,0,0
objRing,7776,784,003E065F,0,1,1,4294967295,0,0
objWallJumpI,15716,572,000414F9,0,1,1,4294967295,0,0
objWallJumpI,15716,524,0008F649,0,1,1,4294967295,0,0
objWallJumpI,15716,476,00258452,0,1,1,4294967295,0,0
objWallJumpI,15716,428,00081CBA,0,1,1,4294967295,0,0
objWallJumpI,15716,380,002C3227,0,1,1,4294967295,0,0
objWallJumpI,15716,332,000C80AD,0,1,1,4294967295,0,0
objWallJumpI,15716,284,003146D5,0,1,1,4294967295,0,0
objWallJumpI,15716,240,002FEDFA,0,1,1,4294967295,0,0
objWallJumpI,15716,192,000934A5,0,1,1,4294967295,0,0
objWallJumpI,15716,144,001C4855,0,1,1,4294967295,0,0
objWallJumpI,15716,108,002D410F,0,1,1,4294967295,0,0
objWallJumpI,15512,48,0016AD79,0,1,1,4294967295,0,0
objWallJumpI,15512,96,00287C5D,0,1,1,4294967295,0,0
objWallJumpI,15512,144,001870F3,0,1,1,4294967295,0,0
objWallJumpI,15512,192,000D357E,0,1,1,4294967295,0,0
objWallJumpI,15512,240,000BE0A9,0,1,1,4294967295,0,0
objWallJumpI,15512,288,0001DD40,0,1,1,4294967295,0,0
objWallJumpI,15512,336,0029FF51,0,1,1,4294967295,0,0
objWallJumpI,15512,384,0017519F,0,1,1,4294967295,0,0
objWallJumpI,15512,432,003D72D3,0,1,1,4294967295,0,0
objWallJumpI,15512,480,003C760F,0,1,1,4294967295,0,0
objWallJumpI,15512,508,000995B2,0,1,1,4294967295,0,0
objWallJumpI,27568,1392,003521AF,0,1,1,4294967295,0,0
objWallJumpI,27568,1344,002BABEB,0,1,1,4294967295,0,0
objWallJumpI,27568,1296,003ED79B,0,1,1,4294967295,0,0
objWallJumpI,27568,1248,001B0B1B,0,1,1,4294967295,0,0
objWallJumpI,27568,1200,00238D30,0,1,1,4294967295,0,0
objWallJumpI,27568,1152,0035CDDF,0,1,1,4294967295,0,0
objWallJumpI,27568,1104,0033B400,0,1,1,4294967295,0,0
objWallJumpI,27568,1056,00343903,0,1,1,4294967295,0,0
objWallJumpI,27568,1008,000854A3,0,1,1,4294967295,0,0
objWallJumpI,27568,960,001C9E30,0,1,1,4294967295,0,0
objWallJumpI,27360,1264,0029E3DC,0,1,1,4294967295,0,0
objWallJumpI,27360,1216,003EAAAC,0,1,1,4294967295,0,0
objWallJumpI,27360,1168,00027C17,0,1,1,4294967295,0,0
objWallJumpI,27360,1120,00343E01,0,1,1,4294967295,0,0
objWallJumpI,27360,1072,0012F3B1,0,1,1,4294967295,0,0
objWallJumpI,27360,1024,002C5B8D,0,1,1,4294967295,0,0
objWallJumpI,27360,976,001E34AC,0,1,1,4294967295,0,0
objWallJumpI,27360,960,000272A8,0,1,1,4294967295,0,0
objRing,5184,1084,002EBAE0,0,1,1,4294967295,0,0
objRing,5232,1084,000B684F,0,1,1,4294967295,0,0
objRing,5284,1084,0022AB98,0,1,1,4294967295,0,0
objRing,5336,1084,0022E4AE,0,1,1,4294967295,0,0
objRing,6452,944,0000E17C,0,1,1,4294967295,0,0
objRing,6540,912,001388D0,0,1,1,4294967295,0,0
objRing,6496,928,00019D9C,0,1,1,4294967295,0,0
objRing,6588,900,000C1600,0,1,1,4294967295,0,0
objLeafToken,33804,412,00040492,0,1,1,4294967295,0,0
objLeafToken,16360,100,0017AC59,0,1,1,4294967295,0,0
objSpdS,40976,672,003EF189,0,1,1,4294967295,0,0
objSpdN5,59632,892,00318601,0,1,1,4294967295,0,0
objRing,7984,916,0012BF4D,0,1,1,4294967295,0,0
objRing,8044,916,0018A834,0,1,1,4294967295,0,0
objRing,8104,916,00350067,0,1,1,4294967295,0,0
objRing,8168,916,003CC932,0,1,1,4294967295,0,0
objRing,8236,916,001BD2E1,0,1,1,4294967295,0,0
objRing,8300,916,0001C773,0,1,1,4294967295,0,0
objRing,8364,916,003339A4,0,1,1,4294967295,0,0
objRing,8508,1068,00383952,0,1,1,4294967295,0,0
objRing,8540,1068,003D33B5,0,1,1,4294967295,0,0
objRing,8508,1104,002C0850,0,1,1,4294967295,0,0
objRing,8540,1104,00360C2D,0,1,1,4294967295,0,0
objRing,8524,1184,0009130A,0,1,1,4294967295,0,0
objRing,8524,1236,0034E8C4,0,1,1,4294967295,0,0
objRing,8524,1288,001022B9,0,1,1,4294967295,0,0
objRing,8624,720,00148049,0,1,1,4294967295,0,0
objRing,8668,720,002F4EE5,0,1,1,4294967295,0,0
objRing,8712,720,0028F997,0,1,1,4294967295,0,0
objRing,8756,720,0027EC27,0,1,1,4294967295,0,0
objRing,8576,720,00094774,0,1,1,4294967295,0,0
objRing,9512,980,000A0595,0,1,1,4294967295,0,0
objRing,9512,1124,0012670F,0,1,1,4294967295,0,0
objRing,9512,1076,00024DE7,0,1,1,4294967295,0,0
objRing,9512,1028,000C8A05,0,1,1,4294967295,0,0
objRing,12088,600,003ABCAE,0,1,1,4294967295,0,0
objRing,12144,600,002CD6F1,0,1,1,4294967295,0,0
objRing,12200,600,002D529C,0,1,1,4294967295,0,0
objRing,12256,600,0007B7FB,0,1,1,4294967295,0,0
objRing,15792,900,000066A8,0,1,1,4294967295,0,0
objRing,15840,900,001759F1,0,1,1,4294967295,0,0
objRing,15888,900,00188537,0,1,1,4294967295,0,0
objRing,15932,900,00399F96,0,1,1,4294967295,0,0
objRing,15976,900,0008CA62,0,1,1,4294967295,0,0
objRing,20452,732,002936C3,0,1,1,4294967295,0,0
objRing,20572,732,0033D96E,0,1,1,4294967295,0,0
objRing,20692,732,002FFFB3,0,1,1,4294967295,0,0
objRing,20808,732,002F92BB,0,1,1,4294967295,0,0
objRing,20928,732,0004313F,0,1,1,4294967295,0,0
objRing,21052,732,000CEC5A,0,1,1,4294967295,0,0
objRing,21176,732,0011BF0B,0,1,1,4294967295,0,0
objRing,21700,1200,0006C9C3,0,1,1,4294967295,0,0
objRing,21760,1200,00099969,0,1,1,4294967295,0,0
objRing,21820,1200,000E221C,0,1,1,4294967295,0,0
objRing,21884,1200,003C5542,0,1,1,4294967295,0,0
objRing,23436,564,0009619B,0,1,1,4294967295,0,0
objRing,23496,564,001AE643,0,1,1,4294967295,0,0
objRing,23556,564,0002F972,0,1,1,4294967295,0,0
objRing,23616,564,000C568D,0,1,1,4294967295,0,0
objRing,27532,1316,00271875,0,1,1,4294967295,0,0
objRing,27476,1268,0029E598,0,1,1,4294967295,0,0
objRing,27420,1220,0023006B,0,1,1,4294967295,0,0
objRing,27476,1176,003D1057,0,1,1,4294967295,0,0
objRing,27528,1136,0031C578,0,1,1,4294967295,0,0
objRing,27476,1092,0024C4B5,0,1,1,4294967295,0,0
objRing,27420,1048,00296C3A,0,1,1,4294967295,0,0
objRing,26668,788,000C5FB6,0,1,1,4294967295,0,0
objRing,26716,788,003CE655,0,1,1,4294967295,0,0
objRing,26764,788,001DEBE1,0,1,1,4294967295,0,0
objRing,28880,176,00185DFB,0,1,1,4294967295,0,0
objRing,28920,176,00361BCB,0,1,1,4294967295,0,0
objRing,28960,176,001175F2,0,1,1,4294967295,0,0
objRing,28940,156,001E0A1A,0,1,1,4294967295,0,0
objRing,28900,156,000FF005,0,1,1,4294967295,0,0
objRing,29096,172,0011048E,0,1,1,4294967295,0,0
objRing,29048,172,002BCA8D,0,1,1,4294967295,0,0
objRing,29144,172,001FDF64,0,1,1,4294967295,0,0
objRing,29188,172,003524FA,0,1,1,4294967295,0,0
objRing,33464,1092,0000B3D9,0,1,1,4294967295,0,0
objRing,33464,1028,0001BBF4,0,1,1,4294967295,0,0
objRing,33464,968,00048EC3,0,1,1,4294967295,0,0
objRing,33464,908,00333579,0,1,1,4294967295,0,0
objRing,33464,852,002971FB,0,1,1,4294967295,0,0
objRing,33464,796,002B6F09,0,1,1,4294967295,0,0
objRing,33464,736,002029F8,0,1,1,4294967295,0,0
objRing,33464,672,00345088,0,1,1,4294967295,0,0
objRing,33464,608,003247A1,0,1,1,4294967295,0,0
objRing,34748,516,00086853,0,1,1,4294967295,0,0
objRing,34808,516,000ADEC8,0,1,1,4294967295,0,0
objRing,34868,516,00395AF1,0,1,1,4294967295,0,0
objRing,34932,516,002C66F2,0,1,1,4294967295,0,0
objRing,34996,516,001E3396,0,1,1,4294967295,0,0
objRing,50628,1140,003ACF12,0,1,1,4294967295,0,0
objRing,50680,1140,000E2D26,0,1,1,4294967295,0,0
objRing,50732,1140,000402DE,0,1,1,4294967295,0,0
objRing,50784,1140,00298EF2,0,1,1,4294967295,0,0
objRing,51020,1036,002EA446,0,1,1,4294967295,0,0
objRing,50940,1076,0025A3A9,0,1,1,4294967295,0,0
objRing,50864,1116,00349F3C,0,1,1,4294967295,0,0
objRing,51104,996,003D4DDA,0,1,1,4294967295,0,0
objRing,51184,956,000F9094,0,1,1,4294967295,0,0
objRing,51260,916,0034FC57,0,1,1,4294967295,0,0
objRing,51368,884,0003AE26,0,1,1,4294967295,0,0
objRing,51436,884,000C8143,0,1,1,4294967295,0,0
objRing,51500,884,003381A2,0,1,1,4294967295,0,0
objRing,59632,860,003EBB09,0,1,1,4294967295,0,0
objRing,59632,816,002023F0,0,1,1,4294967295,0,0
objRing,59632,768,001709DF,0,1,1,4294967295,0,0
objRing,59632,724,000031C0,0,1,1,4294967295,0,0
objRing,37188,1412,00039503,0,1,1,4294967295,0,0
objRing,37244,1412,0003419B,0,1,1,4294967295,0,0
objRing,37300,1412,00368D49,0,1,1,4294967295,0,0
objRing,37360,1412,00025BCF,0,1,1,4294967295,0,0
objRing,37420,1412,00281370,0,1,1,4294967295,0,0
objRing,36052,916,0014BF2B,0,1,1,4294967295,0,0
objRing,36012,960,0023EDE6,0,1,1,4294967295,0,0
objRing,35972,1008,00101592,0,1,1,4294967295,0,0
objRing,35984,540,00247160,0,1,1,4294967295,0,0
objRing,36028,588,000FD854,0,1,1,4294967295,0,0
objRing,36068,636,00162F12,0,1,1,4294967295,0,0
objRing,36204,1412,002CCCE8,0,1,1,4294967295,0,0
objRing,36144,1412,0031BCC1,0,1,1,4294967295,0,0
objRing,36268,1412,00075581,0,1,1,4294967295,0,0
objRing,36336,1412,002C50B4,0,1,1,4294967295,0,0
objSpdN5,59840,728,00296BEF,0,1,1,4294967295,0,0
objEnemyC1,26196,1016,00275D66,0,1,1,4294967295,0,0
objEnemyC2,27180,1020,002B41CE,0,1,1,4294967295,0,0
objEnemyC3,26196,1444,0026D39D,0,1,1,4294967295,0,0
objEnemyC4,27180,1440,0011F237,0,1,1,4294967295,0,0
objZipHolder,16360,1100,00196097,0,1,1,4294967295,0,0
objZipHolder2,17516,1408,00081AFE,0,1,1,4294967295,0,0
objGRingUp,8832,656,00048B72,0,1,1,4294967295,0,0
objGRingDown,5616,448,0005F7BB,0,1,1,4294967295,0,0
objGRingDown,5616,376,000F92C3,0,1,1,4294967295,0,0
objGRingDown,5616,520,000997DA,0,1,1,4294967295,0,0
objGRingLeft,19900,960,00243720,0,1,1,4294967295,0,0
objGRingLeft,19796,956,002BDD97,0,1,1,4294967295,0,0
objRingDashLD,19684,956,0001B644,0,1,1,4294967295,0,0
objRingDashRD,19428,1208,00123D38,0,1,1,4294967295,0,0
objRingDashRU,20236,1392,001CFA48,0,1,1,4294967295,0,0
objGRingRight,21448,1188,003D1C03,0,1,1,4294967295,0,0
objGRingRight,21444,1120,0013D1A1,0,1,1,4294967295,0,0
objGRingRight,21436,856,00143F7B,0,1,1,4294967295,0,0
objGRingDown,22104,704,0014EE4B,0,1,1,4294967295,0,0
objGRingDown,22104,776,003C6C75,0,1,1,4294967295,0,0
objRainbowRingR,22596,464,001C82DF,0,1,1,4294967295,0,0
objGRingUp,25476,560,001FD996,0,1,1,4294967295,0,0
objGRingUp,25476,284,0023D5DA,0,1,1,4294967295,0,0
objGRingUp,25476,376,00326D8C,0,1,1,4294967295,0,0
objGRingUp,25476,468,00122437,0,1,1,4294967295,0,0
objGRingRight,21436,780,002E6909,0,1,1,4294967295,0,0
objGRingUp,33460,136,00279F7B,0,1,1,4294967295,0,0
objGRingRight,28336,108,00211403,0,1,1,4294967295,0,0
objRingDashRD,35944,492,00084443,0,1,1,4294967295,0,0
objRingDashLD,36084,876,0001B060,0,1,1,4294967295,0,0
objGRingDown,36020,1208,003DF00F,0,1,1,4294967295,0,0
objGRingRight,35940,1208,002CE7B8,0,1,1,4294967295,0,0
objGRingLeft,10052,528,0038FB68,0,1,1,4294967295,0,0
objGRingUp,9912,528,003F8A9C,0,1,1,4294967295,0,0
objGRingRight,10728,176,0023C2FD,0,1,1,4294967295,0,0
objGRingDown,10768,44,0009FEAF,0,1,1,4294967295,0,0
objGRingDown,10692,44,00240C0D,0,1,1,4294967295,0,0
objGRingRight,40756,672,003BFB04,0,1,1,4294967295,0,0
objGRingRight,40756,736,00110212,0,1,1,4294967295,0,0
objGRingRight,40756,608,000E5E18,0,1,1,4294967295,0,0
objWoodBox,33020,714,00228FCA,0,1,1,4294967295,0,0
objWoodBox,33068,714,000107ED,0,1,1,4294967295,0,0
objWoodBox,33020,664,002FE021,0,1,1,4294967295,0,0
objWoodBox,33656,714,00147AE2,0,1,1,4294967295,0,0
objWoodBox,33608,714,001438A4,0,1,1,4294967295,0,0
objWoodBox,33560,714,0024324B,0,1,1,4294967295,0,0
objWoodBox,26424,912,002495E3,0,1,1,4294967295,0,0
objWoodBox,26544,912,003153D7,0,1,1,4294967295,0,0
objWoodBox,26668,912,0026BA6E,0,1,1,4294967295,0,0
objWoodBox,26928,912,0011451A,0,1,1,4294967295,0,0
objWoodBox,26800,912,002A3297,0,1,1,4294967295,0,0
objWoodBox,59644,380,00099207,0,1,1,4294967295,0,0
objWoodBox,14944,609,003E7D0D,0,1,1,4294967295,0,0
objWoodBox,14944,559,0007540B,0,1,1,4294967295,0,0
objPlatUp,7764,1012,00136265,0,1,1,4294967295,0,0
objPlatDown,7764,716,0028763F,0,1,1,4294967295,0,0
objPlatUp,9500,1204,001DF356,0,1,1,4294967295,0,0
objPlatDown,9500,956,000761A4,0,1,1,4294967295,0,0
objController,5000,200,001684F2,0,1,1,4294967295,0,0
